#Model    LogL(with_gamma=1.2)    LogL(back_only)        LogL(with_gamma=0.8)    LogL(with_gamma=0.9) LogL(with_gamma=1.0)   LogL(with_gamma=1.1)   LogL(with_gamma=1.3)   LogL(with_gamma=1.4)
I         -1875264.67772333       -1877198.32328766      -1879102.7932684        -1878980.7750465     -1878905.2393526       -1878865.2789558       -1878874.2793330       -1878916.7674721 
II        -1888300.46836079       -1889802.54638821      -1878981.7236738        -1878781.6065063     -1878638.3035733       -1878534.9549132       -1878435.1093700       -1878443.4180347
III       -1877269.78117491       -1878407.38201014      -1879427.6529880        -1879377.6993412     -1879351.6528719       -1879348.1470441       -1879400.7101431       -1879454.9192782
IV        -1875220.35004967       -1877462.85594041      -1879213.8730694        -1878988.9753729     -1878821.2086745       -1878715.5911902       -1878619.6041831       -1878631.4720056
V         -1875366.49307529       -1877674.01272820      -1879146.2971145        -1878924.9608289     -1878772.0500126       -1878658.3519852       -1878562.0685277       -1878569.5423915
VI        -1875274.42816752       -1877501.17071312      -1879431.2136883        -1879184.6684500     -1879006.3526286       -1878889.9296873       -1878800.1100751       -1878822.8055526
VII       -1875291.00289967       -1877631.01610133      -1879232.8174879        -1878981.8465302     -1878805.1443270       -1878680.0240484       -1878570.6668002       -1878570.3135444
VIII      -1877947.50834324       -1880390.72659783      -1881072.3773742        -1880775.4584933     -1880543.0748406       -1880369.9932297       -1880163.8602923       -1880128.9484057
IX        -1875433.59171603       -1877837.27795847      -1879436.6891106        -1879193.2398775     -1879003.8434021       -1878869.9231977       -1878744.0717182       -1878733.0914552
X         -1875071.61082686       -1877281.09436527      -1879171.1058153        -1878959.1015985     -1878800.8247368       -1878700.9722740       -1878624.0875852       -1878633.1573407
XI        -1878243.05366827       -1883480.10331072      -1881980.4101947        -1881643.0480634     -1881368.3584169       -1881157.7579663       -1880901.5529197       -1880854.4638491
XII       -1877508.02452666       -1880896.56686134      -1881319.0843845        -1881044.2858418     -1880820.5730475       -1880651.2047486       -1880458.3692094       -1880428.7503483 
XIII      -1877187.26077817       -1877688.85675541      -1880955.3473069        -1880903.2521587     -1880851.1364779       -1880803.1994588       -1880713.1459833       -1880675.2317754
XIV       -1877177.98293624       -1877650.90484027      -1881070.6241416        -1881022.3953114     -1880968.9450176       -1880916.4743616       -1880813.5924565       -1880771.3512748
XV        -1875044.93188647       -1876439.98123045      -1879656.6144184        -1879467.7408679     -1879312.3425527       -1879197.7072435       -1879057.8827689       -1879025.7357505
XVI       -1876937.18723121       -1877970.28740010      -1880559.9893723        -1880483.7911751     -1880422.8393322       -1880372.7496215       -1880322.0049565       -1880321.6676799
XVII      -1877242.73885756       -1877723.52266986      -1881345.9344885        -1881285.4943692     -1881228.3031348       -1881163.0021186       -1881046.4279621       -1880996.2212570
XVIII     -1877179.27518802       -1878084.42622596      -1880630.5114640        -1880535.7049772     -1880456.4592879       -1880382.5351946       -1880283.7628807       -1880262.0679302
XIX       -1877326.68686025       -1877757.87210322      -1881684.7228994        -1881636.9188515     -1881581.4861019       -1881517.7405148       -1881404.1355448       -1881353.6416102
XX        -1877204.09911447       -1877647.60568187      -1881311.4080217        -1881262.9978793     -1881210.8180280       -1881162.5082310       -1881066.7928593       -1881029.5109186 
XXI       -1877138.10510705       -1878061.20004644      -1880561.3039579        -1880468.9072007     -1880389.2069174       -1880325.9646059       -1880235.7683586       -1880211.6428774
XXII      -1877271.21609241       -1877709.52493585      -1881591.7896397        -1881543.9893202     -1881484.8494751       -1881424.8030005       -1881314.8810946       -1881270.4383638
XXIII     -1877206.49828083       -1877675.08568759      -1883858.2200574        -1883810.0038234     -1883758.8145868       -1883712.6505585       -1883624.7476824       -1883591.6254174
XXIV      -1877072.01071966       -1878045.73583282      -1880512.3078113        -1880431.6406780     -1880356.3909373       -1880297.1938251       -1880226.5634739       -1880213.8268361 
XXV       -1877259.40438094       -1877701.91971682      -1881500.7173710        -1881453.5216329     -1881399.9840648       -1881345.7362747       -1881242.1916721       -1881196.8332492
XXVI      -1877014.34457621       -1878044.95428172      -1880540.9041444        -1880463.7982970     -1880395.0492325       -1880342.0565398       -1880283.2115443       -1880275.4964020
XXVII     -1877306.28680432       -1877767.64511327      -1881481.2005525        -1881432.7717381     -1881384.5419408       -1881329.5095145       -1881231.8319383       -1881191.7663607
XXVIII    -1877514.37787892       -1878150.18931553      -1881499.9172095        -1881460.6375810     -1881428.3672661       -1881395.5000630       -1881347.1445968       -1881331.7043197
XXIX      -1877071.74624128       -1878260.28093268      -1883031.8205919        -1882966.4551588     -1882909.7526404       -1882871.8112535       -1882836.1803644       -1882843.0706723
XXX       -1877530.69451798       -1878087.43538588      -1881549.2212842        -1881504.2958740     -1881456.3343639       -1881415.6405712       -1881340.7794158       -1881314.7920210
XXXI      -1877012.21626791       -1878319.21072618      -1880349.2650433        -1880304.4090902     -1880277.1307886       -1880272.5218617       -1880313.7530277       -1880363.8981705
XXXII     -1877379.35738318       -1878882.76890943      -1880378.8715380        -1880354.9984360     -1880354.3920335       -1880370.0413661       -1880465.1517481       -1880541.5131965
XXXIII    -1877067.23471190       -1878405.97906319      -1879807.5877453        -1879770.7707722     -1879760.4196500       -1879772.2128760       -1879864.7609214       -1879933.5062051
XXXIV     -1877124.57466301       -1878745.13856601      -1879375.5178516        -1879218.6295787     -1879111.8821524       -1879040.6545871       -1878988.6657347       -1879010.3260510
XXXV      -1877126.25714358       -1878753.90946900      -1879354.3948661        -1879194.4436418     -1879087.1991414       -1879020.6128793       -1878978.8488201       -1879002.9598012
XXXVI     -1877024.59940288       -1878644.31692279      -1879352.9477569        -1879200.2764584     -1879086.8747013       -1879018.0978243       -1878976.1414451       -1878990.6205990 
XXXVII    -1877028.10276161       -1878663.97202265      -1879352.9477569        -1879163.4833397     -1879052.6678843       -1878981.8673302       -1878939.6714194       -1878965.5099235
XXXVIII   -1876961.80142841       -1878329.97400171      -1879524.6878822        -1879487.0999486     -1879461.9630670       -1879452.2691864       -1879474.1475716       -1879503.8394489
XXXIX     -1876102.35410601       -1877355.65407034      -1879488.9795296        -1879346.3969661     -1879235.2890290       -1879138.4755451       -1879011.0698424       -1878980.5191558
XL        -1876698.18264209       -1877847.63911837      -1879354.5374316        -1879301.3052679     -1879262.5183843       -1879231.8785143       -1879210.3965075       -1879215.4819096
XLI       -1875271.83848480       -1876846.12229356      -1880913.1151656        -1880494.9734064     -1880175.9118935       -1879955.7308406       -1879754.5345428       -1879752.8240381
XLII      -1875590.10221976       -1876520.92933025      -1879586.6573413        -1879432.0032996     -1879308.2747827       -1879211.5957918       -1879096.3094897       -1879059.7139464
XLIII     -1875533.43936559       -1876401.93147525      -1879447.1504532        -1879350.7024507     -1879281.2983763       -1879238.5453943       -1879237.3222116       -1879275.2794386
XLIV      -1876142.65938563       -1876482.29992806      -1879503.5906433        -1879463.0520929     -1879428.8808610       -1879390.5146261       -1879331.5894624       -1879307.4943591
XLV       -1876176.24685188       -1876552.94585346      -1879462.5552814        -1879431.1599313     -1879392.0681957       -1879358.7877757       -1879304.7547818       -1879284.0072870 
XLVI      -1876588.40849365       -1876899.77191557      -1879535.5923909        -1879500.4427633     -1879459.7930532       -1879422.9101812       -1879360.7409636       -1879334.2299281 
XLVII     -1875151.52584473       -1877364.33299504      -1879271.3821333        -1879070.2195577     -1878925.1768228       -1878824.8400010       -1878740.8371104       -1878745.4583346 
XLVIII    -1875140.43390862       -1877384.02509094      -1879301.4517191        -1879076.2819531     -1878914.7708528       -1878804.7422594       -1878695.9728001       -1878696.5406357
XLIX      -1875036.53364852       -1876718.39873492      -1880241.5338430        -1879996.4495454     -1879797.3170482       -1879644.7234532       -1879454.5046925       -1879416.6777864 
L         -1875196.06048021       -1877031.79316652      -1880933.1435480        -1880648.0815940     -1880428.8517789       -1880256.4226564       -1880056.3213795       -1880020.0023908
LI        -1875620.94338622       -1878000.59379409      -1879392.3594833        -1879173.3010169     -1879021.7870900       -1878922.3576375       -1878860.5857665       -1878886.6414011
LII       -1875457.57241999       -1877793.47996387      -1879406.8493946        -1879182.1591578     -1879026.8228314       -1878928.2885132       -1878868.9193408       -1878892.3887452
LIII      -1875111.32407717       -1877339.84772804      -1879158.2751396        -1878957.4470572     -1878810.8237781       -1878717.3890573       -1878648.7492698       -1878668.8473671
LIV       -1876152.38928176       -1879368.00375919      -1883493.6212926        -1883087.3850474     -1882780.4286612       -1882561.9958498       -1882379.2338730       -1882408.9656385
LV        -1875731.34798361       -1876690.89912088      -1880001.0511221        -1879756.1191890     -1879564.8555218       -1879412.7845210       -1879213.0729031       -1879165.6908585
LVI       -1875832.26998113       -1876642.68837780      -1880958.0492844        -1880676.6252641     -1880453.8198941       -1880289.2088868       -1880071.8641290       -1880025.2520532
LVII      -1878624.70423268       -1883704.54245453      -1891072.9521492        -1890277.5827688     -1889632.4134664       -1889181.3596886       -1888973.4216443       -1889192.8681299
LVIII     -1876163.42772152       -1878970.35154482      -1880204.3937201        -1879959.2033063     -1879782.6065710       -1879647.8973773       -1879522.6739006       -1879518.1098787 
LIX       -1876063.84527690       -1878942.03382332      -1882738.5649658        -1882330.6576925     -1882011.7358602       -1881773.8323890       -1881507.8115372       -1881462.6698502
LX        -1875714.04056458       -1878228.20774323      -1880613.4883681        -1880376.5174082     -1880187.7761453       -1880042.5044560       -1879882.8974255       -1879864.2237055
LXI       -1877942.92036888       -1880670.95015697      -1882000.4937458        -1881703.3622314     -1881477.9385550       -1881308.0476688       -1881122.8116265       -1881101.8992545
LXII      -1887773.42263635       -1889449.03178467      -1879253.8339093        -1879038.1857912     -1878872.4568066       -1878748.9066374       -1878629.1117158       -1878629.3755570
LXIII     -1887698.73133835       -1889364.44412210      -1879397.9819713        -1879174.4380771     -1878998.6867171       -1878875.3053551       -1878740.5543966       -1878736.7091037
LXIV      -1889759.62767251       -1891202.55146489      -1879334.6302228        -1879153.6525564     -1879014.4118435       -1878919.7066114       -1878834.2467989       -1878849.3516188
LXV       -1881255.40874919       -1884616.88642352      -1884445.8371245        -1884004.8604402     -1883646.4801855       -1883377.7147609       -1883056.2085571       -1882999.7435330
LXVI      -1877639.15500072       -1880438.73807382      -1881691.3325015        -1881347.5038502     -1881077.2401127       -1880887.1879269       -1880695.5932421       -1880687.8198116 
LXVII     -1881225.69120465       -1884705.75191029      -1884009.4637722        -1883560.4613046     -1883198.5463794       -1882926.1453069       -1882623.2077921       -1882578.1539167
LXVIII    -1881774.89372873       -1885205.39018915      -1880316.3087223        -1880051.9672280     -1879853.3460893       -1879710.8796773       -1879568.8759257       -1879557.1089994
LXIX      -1887951.78779222       -1889872.45408109      -1880037.9684438        -1879751.0592682     -1879536.4339598       -1879385.7109853       -1879239.0236584       -1879238.5194434
LXX       -1887907.78279329       -1889821.51172822      -1880203.3692352        -1879904.9468977     -1879684.4292767       -1879524.5154918       -1879360.5121398       -1879354.2885153
LXXI      -1889785.21521455       -1891418.44365547      -1879908.6149209        -1879671.2242038     -1879496.9667624       -1879376.1984228       -1879279.8044473       -1879292.0359439 
LXXII     -1877234.07622373       -1878418.52059267      -1881745.3045699        -1881685.9170351     -1881632.5422280       -1881600.7061615       -1881585.5961915       -1881604.1525654
LXXIII    -1876520.30702820       -1877661.33107316      -1880372.7367449        -1880335.9080617     -1880319.0097931       -1880316.7355627       -1880362.7673029       -1880407.5326108
LXXIV     -1876178.65040719       -1877692.32182565      -1878665.3277877        -1878642.6958855     -1878641.4063258       -1878665.6256126       -1878763.0006473       -1878836.7353353
LXXV      -1876281.91558168       -1877740.26002691      -1878826.4800324        -1878797.7167329     -1878792.3448267       -1878810.4999140       -1878896.0854141       -1878962.4628383
LXXVI     -1877157.11173208       -1878565.90584801      -1879039.6864570        -1879046.2780290     -1879072.6298140       -1879120.5688224       -1879268.5219303       -1879359.3473540
LXXVII    -1877189.38576763       -1878300.55581548      -1880156.5951853        -1880127.9309865     -1880118.8694374       -1880123.1207673       -1880182.9530644       -1880232.0931823 
LXXVIII   -1877247.98917808       -1878387.33059511      -1881763.6492701        -1881692.0792344     -1881640.8422250       -1881599.1157949       -1881571.2527738       -1881582.0277676
LXXIX     -1876504.41949021       -1877619.61811397      -1880494.2627834        -1880448.0372986     -1880423.7390216       -1880409.2648317       -1880435.1235899       -1880473.3116708
LXXX      -1876486.93509089       -1877590.72158141      -1880350.7369307        -1880309.5883195     -1880286.1880814       -1880276.3829416       -1880309.2076387       -1880347.1109084
