#THIS TABLE CONTAINS THE RESULTS FOR THE RELIC DENSITY IN THE 'QCDA', 'QCDB' AND MICROMEGAS MODELS
#THE FIRST COLUMN IS THE MASS, THE SECOND IS LAMBDA_HS FOR THE 'QCDA' AND THE THIRD FOR 'QCDB'
#FOR EVERY MASS THE LAMBDA_HS IS EVALUATED IN SUCH A WAY THAT GIVES THE OBSERVED DM DENSITY WHICH IS 0.120
2.0 1.91 1.91
2.096 1.827 1.827
2.197 1.758 1.758
2.303 1.695 1.695
2.414 1.638 1.638
2.53 1.586 1.586
2.651 1.537 1.537
2.779 1.492 1.492
2.913 1.448 1.448
3.053 1.405 1.405
3.2 1.363 1.363
3.354 1.324 1.324
3.515 1.289 1.289
3.684 1.257 1.257
3.861 1.227 1.227
4.047 1.199 1.199
4.242 1.168 1.168
4.446 1.095 1.095
4.66 0.9023 0.9023
4.884 0.7518 0.7518
5.119 0.652 0.652
5.365 0.5831 0.5831
5.624 0.5336 0.5336
5.894 0.4968 0.4968
6.178 0.4686 0.4686
6.475 0.4465 0.4465
6.786 0.4288 0.4288
7.113 0.4144 0.4144
7.455 0.4026 0.4026
7.814 0.3929 0.3929
8.19 0.3848 0.3848
8.584 0.378 0.378
8.997 0.3722 0.3722
9.43 0.3672 0.3672
9.883 0.3631 0.3631
10.359 0.3595 0.3595
10.857 0.3562 0.3562
11.38 0.3534 0.3534
11.927 0.3508 0.3508
12.501 0.3484 0.3484
13.103 0.3461 0.3461
13.733 0.344 0.344
14.394 0.342 0.342
15.086 0.3398 0.3398
15.812 0.3377 0.3377
16.573 0.3355 0.3355
17.37 0.3331 0.3331
18.206 0.3307 0.3307
19.082 0.3279 0.3279
20.0 0.325 0.325
20.471 0.3234 0.3234
20.952 0.3217 0.3217
21.445 0.3199 0.3199
21.95 0.3181 0.3181
22.466 0.3162 0.3162
22.995 0.3142 0.3142
23.536 0.312 0.312
24.09 0.3098 0.3098
24.657 0.3074 0.3074
25.237 0.3048 0.3048
25.831 0.3022 0.3022
26.439 0.2993 0.2993
27.061 0.2964 0.2964
27.698 0.2933 0.2933
28.349 0.29 0.29
29.017 0.2865 0.2865
29.699 0.2828 0.2828
30.398 0.279 0.279
31.114 0.2749 0.2749
31.846 0.2706 0.2706
32.595 0.2662 0.2662
33.362 0.2614 0.2614
34.147 0.2564 0.2564
34.951 0.2512 0.2512
35.773 0.2456 0.2456
36.6148 0.240994 0.240996
37.4763 0.234826 0.234828
38.3582 0.228332 0.228333
39.2608 0.22149 0.22149
40.1847 0.214263 0.214263
41.1302 0.206661 0.20666
42.0981 0.198661 0.198659
43.0887 0.190219 0.190215
44.1026 0.181305 0.181301
45.1404 0.171844 0.171841
46.2026 0.161648 0.161664
47.2898 0.150229 0.150303
48.4026 0.136351 0.136699
49.5415 0.11694 0.117666
50.7073 0.084006 0.086829
51.9005 0.038967 0.041663
53.1218 0.017174 0.019898
54.37 0.00887 0.011273
55.65 0.00485 0.006976
56.96 0.002656 0.004436
57.63 0.001991 0.003540
58.3 0.001502 0.002806
59.15 0.001048 0.001993
60.0 0.000732 0.001244
60.5 0.000588 0.000764
61.0 0.000471 0.000471
61.25 0.000421 0.000427
61.5 0.000377 0.000403
61.65 0.000352 0.000389
61.8 0.000329 0.000377
62.0 0.000299 0.000352
62.2 0.000267 0.000318
62.3 0.000246 0.000289
62.35 0.000234 0.000272
62.4 0.000218 0.000248
62.43 0.000205 0.00023
62.45 0.000194 0.000213
62.46 0.000186 0.000203
62.47 0.000177 0.000191
62.475 0.000172 0.000184
62.48 0.000165 0.000175
62.485 0.000157 0.000164
62.49 0.000146 0.00015
62.493 0.000136 0.000139
62.495 0.000136 0.000129
62.497 0.000117 0.000116
62.498 0.000109 0.000108
62.499 0.000102 0.0001
62.5 0.000108 0.000106
62.501 0.000155 0.000154
62.502 0.000217 0.000221
62.503 0.000278 0.000286
62.505 0.000391 0.000406
62.507 0.000493 0.000512
62.51 0.000633 0.000653
62.515 0.000843 0.000855
62.52 0.001032 0.001032
62.525 0.001208 0.001193
62.53 0.001373 0.001342
62.54 0.00168 0.00162
62.55 0.001965 0.001878
62.57 0.002486 0.00236
62.6 0.003191 0.003025
62.65 0.004236 0.004034
62.7 0.005167 0.00496
62.8 0.006877 0.00665
63.0 0.009858 0.009646
63.2 0.012538 0.012349
63.6 0.017416 0.017266
64.2 0.02405 0.023938
65.5 0.036749 0.036682
67.03 0.049428 0.04939
68.61 0.060053 0.06003
70.22 0.068127 0.068113
71.88 0.073195 0.073186
73.5676 0.074377 0.074371
75.2987 0.070673 0.070671
77.0706 0.061571 0.061583
78.8841 0.048884 0.048918
80.7403 0.038333 0.038362
82.6402 0.03468 0.034687
84.5849 0.033863 0.033863
86.5752 0.033858 0.033856
88.6124 0.033947 0.033945
90.6976 0.03367 0.033673
92.832 0.03407 0.03407
95.016 0.03436 0.03436
97.252 0.03495 0.03495
99.54 0.03575 0.03575
101.883 0.03663 0.03663
104.28 0.03753 0.03753
106.734 0.03845 0.03845
109.246 0.03936 0.03936
111.816 0.0403 0.0403
114.447 0.04134 0.04134
117.14 0.04233 0.04233
119.897 0.04319 0.04319
122.718 0.04349 0.04349
125.606 0.04192 0.04192
128.561 0.04141 0.04141
131.587 0.04159 0.04159
134.683 0.04206 0.04206
137.852 0.04268 0.04268
141.096 0.04343 0.04343
144.416 0.04427 0.04427
147.814 0.04518 0.04518
151.293 0.04614 0.04614
154.853 0.04715 0.04715
158.497 0.04823 0.04823
162.226 0.04933 0.04933
166.044 0.05046 0.05046
169.951 0.05161 0.05161
173.95 0.05266 0.05266
178.043 0.05342 0.05342
182.233 0.05414 0.05414
186.521 0.05491 0.05491
190.91 0.05577 0.05577
195.402 0.05669 0.05669
200.0 0.05771 0.05771
209.623 0.05998 0.05998
219.708 0.06255 0.06255
230.279 0.0654 0.0654
241.359 0.0685 0.0685
252.971 0.07186 0.07186
265.142 0.07549 0.07549
277.899 0.07935 0.07935
291.27 0.08346 0.08346
305.284 0.08781 0.08781
319.972 0.0924 0.0924
335.367 0.09723 0.09723
351.502 0.1024 0.1024
368.414 0.1077 0.1077
386.14 0.1133 0.1133
404.718 0.1192 0.1192
424.19 0.1253 0.1253
444.599 0.1318 0.1318
465.99 0.1385 0.1385
488.411 0.1456 0.1456
511.91 0.1529 0.1529
536.539 0.1607 0.1607
562.354 0.1687 0.1687
589.41 0.1772 0.1772
617.769 0.186 0.186
647.492 0.1951 0.1951
678.644 0.2048 0.2048
711.296 0.2149 0.2149
745.519 0.2255 0.2255
781.388 0.2365 0.2365
818.983 0.248 0.248
858.387 0.2601 0.2601
899.687 0.2727 0.2727
942.973 0.286 0.286
988.343 0.2998 0.2998
1035.895 0.3144 0.3144
1085.735 0.3295 0.3295
1137.973 0.3455 0.3455
1192.725 0.3622 0.3622
1250.11 0.3797 0.3797
1310.257 0.398 0.398
1373.298 0.4171 0.4171
1439.371 0.4373 0.4373
1508.624 0.4585 0.4585
1581.209 0.4806 0.4806
1657.286 0.5039 0.5039
1737.023 0.5281 0.5281
1820.596 0.5537 0.5537
1908.191 0.5805 0.5805
2000.0 0.6085 0.6085
2096.226 0.6381 0.6381
2197.082 0.669 0.669
2302.791 0.7012 0.7012
2413.585 0.7351 0.7351
2529.71 0.7709 0.7709
2651.423 0.8081 0.8081
2778.991 0.8475 0.8475
2912.697 0.8885 0.8885
3052.836 0.9318 0.9318
3199.718 0.977 0.977
3353.666 1.025 1.025
3515.021 1.074 1.074
3684.14 1.127 1.127
3861.396 1.181 1.181
4047.179 1.239 1.239
4241.902 1.299 1.299
4445.993 1.362 1.362
4659.904 1.428 1.428
4884.106 1.498 1.498
5119.096 1.571 1.571
5365.392 1.647 1.647
5623.538 1.728 1.728
5894.104 1.812 1.812
6177.687 1.9 1.9
6474.915 1.993 1.993
6786.443 2.091 2.091
7112.96 2.193 2.193
7455.188 2.299 2.299
7813.88 2.411 2.411
8189.83 2.529 2.529
8583.868 2.653 2.653
8996.865 2.782 2.782
9429.732 2.918 2.918
9883.427 3.061 3.061
10358.949 3.211 3.211
10857.351 3.368 3.368
11379.732 3.532 3.532
11927.247 3.705 3.705
12501.104 3.885 3.885
13102.571 4.077 4.077
13732.977 4.276 4.276
14393.714 4.485 4.485
15086.24 4.704 4.704
15812.086 4.933 4.933
16572.855 5.176 5.176
17370.227 5.428 5.428
18205.963 5.694 5.694
19081.91 5.972 5.972