2.000000  1.000000e-50  1.000000e-50  1.000000e-50  1.000000e-50  1.000000e-50  1.000000e-50  1.000000e-50  1.000000e-50  1.000000e-50  1.000000e-50  1.000000e-50  1.000000e-50  1.000000e-50  1.000000e-50  1.000000e-50  1.000000e-50  1.000000e-50  1.000000e-50  1.000000e-50  1.000000e-50  1.000000e-50  
2.096226  1.000000e-50  1.000000e-50  1.000000e-50  1.000000e-50  1.000000e-50  1.000000e-50  1.000000e-50  1.000000e-50  1.000000e-50  1.000000e-50  1.000000e-50  1.000000e-50  1.000000e-50  1.000000e-50  1.000000e-50  1.000000e-50  1.000000e-50  1.000000e-50  1.000000e-50  1.000000e-50  1.000000e-50  
2.197082  1.000000e-50  1.000000e-50  1.000000e-50  1.000000e-50  1.000000e-50  1.000000e-50  1.000000e-50  1.000000e-50  1.000000e-50  1.000000e-50  1.000000e-50  1.000000e-50  1.000000e-50  1.000000e-50  1.000000e-50  1.000000e-50  1.000000e-50  1.000000e-50  1.000000e-50  1.000000e-50  1.000000e-50  
2.302791  1.000000e-50  1.000000e-50  1.000000e-50  1.000000e-50  1.000000e-50  1.000000e-50  1.000000e-50  1.000000e-50  1.000000e-50  1.000000e-50  1.000000e-50  1.000000e-50  1.000000e-50  1.000000e-50  1.000000e-50  1.000000e-50  1.000000e-50  1.000000e-50  1.000000e-50  1.000000e-50  1.000000e-50  
2.413585  1.000000e-50  1.000000e-50  1.000000e-50  1.000000e-50  1.000000e-50  1.000000e-50  1.000000e-50  1.000000e-50  1.000000e-50  1.000000e-50  1.000000e-50  1.000000e-50  1.000000e-50  1.000000e-50  1.000000e-50  1.000000e-50  1.000000e-50  1.000000e-50  1.000000e-50  1.000000e-50  1.000000e-50  
2.529710  1.000000e-50  1.000000e-50  1.000000e-50  1.000000e-50  1.000000e-50  1.000000e-50  1.000000e-50  1.000000e-50  1.000000e-50  1.000000e-50  1.000000e-50  1.000000e-50  1.000000e-50  1.000000e-50  1.000000e-50  1.000000e-50  1.000000e-50  1.000000e-50  1.000000e-50  1.000000e-50  1.000000e-50  
2.651423  1.000000e-50  1.000000e-50  1.000000e-50  1.000000e-50  1.000000e-50  1.000000e-50  1.000000e-50  1.000000e-50  1.000000e-50  1.000000e-50  1.000000e-50  1.000000e-50  1.000000e-50  1.000000e-50  1.000000e-50  1.000000e-50  1.000000e-50  1.000000e-50  1.000000e-50  1.000000e-50  1.000000e-50  
2.778991  1.000000e-50  1.000000e-50  1.000000e-50  1.000000e-50  1.000000e-50  1.000000e-50  1.000000e-50  1.000000e-50  1.000000e-50  1.000000e-50  1.000000e-50  1.000000e-50  1.000000e-50  1.000000e-50  1.000000e-50  1.000000e-50  1.000000e-50  1.000000e-50  1.000000e-50  1.000000e-50  1.000000e-50  
2.912697  1.000000e-50  1.000000e-50  1.000000e-50  1.000000e-50  1.000000e-50  1.000000e-50  1.000000e-50  1.000000e-50  1.000000e-50  1.000000e-50  1.000000e-50  1.000000e-50  1.000000e-50  1.000000e-50  1.000000e-50  1.000000e-50  1.000000e-50  1.000000e-50  1.000000e-50  1.000000e-50  1.000000e-50  
3.052836  1.000000e-50  1.000000e-50  1.000000e-50  1.000000e-50  1.000000e-50  1.000000e-50  1.000000e-50  1.000000e-50  1.000000e-50  1.000000e-50  1.000000e-50  1.000000e-50  1.000000e-50  1.000000e-50  1.000000e-50  1.000000e-50  1.000000e-50  1.000000e-50  1.000000e-50  1.000000e-50  1.000000e-50  
3.199717  1.000000e-50  1.000000e-50  1.000000e-50  1.000000e-50  1.000000e-50  1.000000e-50  1.000000e-50  1.000000e-50  1.000000e-50  1.000000e-50  1.000000e-50  1.000000e-50  1.000000e-50  1.000000e-50  1.000000e-50  1.000000e-50  1.000000e-50  1.000000e-50  1.000000e-50  1.000000e-50  1.000000e-50  
3.353666  1.000000e-50  1.000000e-50  1.000000e-50  1.000000e-50  1.000000e-50  1.000000e-50  1.000000e-50  1.000000e-50  1.000000e-50  1.000000e-50  1.000000e-50  1.000000e-50  1.000000e-50  1.000000e-50  1.000000e-50  1.000000e-50  1.000000e-50  1.000000e-50  1.000000e-50  1.000000e-50  1.000000e-50  
3.515021  1.000000e-50  1.000000e-50  1.000000e-50  1.000000e-50  1.000000e-50  1.000000e-50  1.000000e-50  1.000000e-50  1.000000e-50  1.000000e-50  1.000000e-50  1.000000e-50  1.000000e-50  1.000000e-50  1.000000e-50  1.000000e-50  1.000000e-50  1.000000e-50  1.000000e-50  1.000000e-50  1.000000e-50  
3.684140  1.000000e-50  1.000000e-50  1.000000e-50  1.000000e-50  1.000000e-50  1.000000e-50  1.000000e-50  1.000000e-50  1.000000e-50  1.000000e-50  1.000000e-50  1.000000e-50  1.000000e-50  1.000000e-50  1.000000e-50  1.000000e-50  1.000000e-50  1.000000e-50  1.000000e-50  1.000000e-50  1.000000e-50  
3.861395  1.000000e-50  1.000000e-50  1.000000e-50  1.000000e-50  1.000000e-50  1.000000e-50  1.000000e-50  1.000000e-50  1.000000e-50  1.000000e-50  1.000000e-50  1.000000e-50  1.000000e-50  1.000000e-50  1.000000e-50  1.000000e-50  1.000000e-50  1.000000e-50  1.000000e-50  1.000000e-50  1.000000e-50  
4.047179  1.000000e-50  1.000000e-50  1.000000e-50  1.000000e-50  1.000000e-50  1.000000e-50  1.000000e-50  1.000000e-50  1.000000e-50  1.000000e-50  1.000000e-50  1.000000e-50  1.000000e-50  1.000000e-50  1.000000e-50  1.000000e-50  1.000000e-50  1.000000e-50  1.000000e-50  1.000000e-50  1.000000e-50  
4.241902  1.000000e-50  1.000000e-50  1.000000e-50  1.000000e-50  1.000000e-50  1.000000e-50  1.000000e-50  1.000000e-50  1.000000e-50  1.000000e-50  1.000000e-50  1.000000e-50  1.000000e-50  1.000000e-50  1.000000e-50  1.000000e-50  1.000000e-50  1.000000e-50  1.000000e-50  1.000000e-50  1.000000e-50  
4.445993  1.000000e-50  1.000000e-50  1.000000e-50  1.000000e-50  1.000000e-50  1.000000e-50  1.000000e-50  1.000000e-50  1.000000e-50  1.000000e-50  1.000000e-50  1.000000e-50  1.000000e-50  1.000000e-50  1.000000e-50  1.000000e-50  1.000000e-50  1.000000e-50  1.000000e-50  1.000000e-50  1.000000e-50  
4.659904  1.000000e-50  1.000000e-50  1.000000e-50  1.000000e-50  1.000000e-50  1.000000e-50  1.000000e-50  1.000000e-50  1.000000e-50  1.000000e-50  1.000000e-50  1.000000e-50  1.000000e-50  1.000000e-50  1.000000e-50  1.000000e-50  1.000000e-50  1.000000e-50  1.000000e-50  1.000000e-50  1.000000e-50  
4.884106  1.000000e-50  1.000000e-50  1.000000e-50  1.000000e-50  1.000000e-50  1.000000e-50  1.000000e-50  1.000000e-50  1.000000e-50  1.000000e-50  1.000000e-50  1.000000e-50  1.000000e-50  1.000000e-50  1.000000e-50  1.000000e-50  1.000000e-50  1.000000e-50  1.000000e-50  1.000000e-50  1.000000e-50  
5.119096  1.000000e-50  1.000000e-50  1.000000e-50  1.000000e-50  1.000000e-50  1.000000e-50  1.000000e-50  1.000000e-50  1.000000e-50  1.000000e-50  1.000000e-50  1.000000e-50  1.000000e-50  1.000000e-50  1.000000e-50  1.000000e-50  1.000000e-50  1.000000e-50  1.000000e-50  1.000000e-50  1.000000e-50  
5.365392  1.000000e-50  1.000000e-50  1.000000e-50  1.000000e-50  1.000000e-50  1.000000e-50  1.000000e-50  1.000000e-50  1.000000e-50  1.000000e-50  1.000000e-50  1.000000e-50  1.000000e-50  1.000000e-50  1.000000e-50  1.000000e-50  1.000000e-50  1.000000e-50  1.000000e-50  1.000000e-50  1.000000e-50  
5.623537  1.000000e-50  1.000000e-50  1.000000e-50  1.000000e-50  1.000000e-50  1.000000e-50  1.000000e-50  1.000000e-50  1.000000e-50  1.000000e-50  1.000000e-50  1.000000e-50  1.000000e-50  1.000000e-50  1.000000e-50  1.000000e-50  1.000000e-50  1.000000e-50  1.000000e-50  1.000000e-50  1.000000e-50  
5.894103  1.000000e-50  1.000000e-50  1.000000e-50  1.000000e-50  1.000000e-50  1.000000e-50  1.000000e-50  1.000000e-50  1.000000e-50  1.000000e-50  1.000000e-50  1.000000e-50  1.000000e-50  1.000000e-50  1.000000e-50  1.000000e-50  1.000000e-50  1.000000e-50  1.000000e-50  1.000000e-50  1.000000e-50  
6.177687  1.000000e-50  1.000000e-50  1.000000e-50  1.000000e-50  1.000000e-50  1.000000e-50  1.000000e-50  1.000000e-50  1.000000e-50  1.000000e-50  1.000000e-50  1.000000e-50  1.000000e-50  1.000000e-50  1.000000e-50  1.000000e-50  1.000000e-50  1.000000e-50  1.000000e-50  1.000000e-50  1.000000e-50  
6.474915  1.000000e-50  1.000000e-50  1.000000e-50  1.000000e-50  1.000000e-50  1.000000e-50  1.000000e-50  1.000000e-50  1.000000e-50  1.000000e-50  1.000000e-50  1.000000e-50  1.000000e-50  1.000000e-50  1.000000e-50  1.000000e-50  1.000000e-50  1.000000e-50  1.000000e-50  1.000000e-50  1.000000e-50  
6.786444  1.000000e-50  1.000000e-50  1.000000e-50  1.000000e-50  1.000000e-50  1.000000e-50  1.000000e-50  1.000000e-50  1.000000e-50  1.000000e-50  1.000000e-50  1.000000e-50  1.000000e-50  1.000000e-50  1.000000e-50  1.000000e-50  1.000000e-50  1.000000e-50  1.000000e-50  1.000000e-50  1.000000e-50  
7.112961  1.000000e-50  1.000000e-50  1.000000e-50  1.000000e-50  1.000000e-50  1.000000e-50  1.000000e-50  1.000000e-50  1.000000e-50  1.000000e-50  1.000000e-50  1.000000e-50  1.000000e-50  1.000000e-50  1.000000e-50  1.000000e-50  1.000000e-50  1.000000e-50  1.000000e-50  1.000000e-50  1.000000e-50  
7.455187  1.000000e-50  1.000000e-50  1.000000e-50  1.000000e-50  1.000000e-50  1.000000e-50  1.000000e-50  1.000000e-50  1.000000e-50  1.000000e-50  1.000000e-50  1.000000e-50  1.000000e-50  1.000000e-50  1.000000e-50  1.000000e-50  1.000000e-50  1.000000e-50  1.000000e-50  1.000000e-50  1.000000e-50  
7.813880  1.000000e-50  1.000000e-50  1.000000e-50  1.000000e-50  1.000000e-50  1.000000e-50  1.000000e-50  1.000000e-50  1.000000e-50  1.000000e-50  1.000000e-50  1.000000e-50  1.000000e-50  1.000000e-50  1.000000e-50  1.000000e-50  1.000000e-50  1.000000e-50  1.000000e-50  1.000000e-50  1.000000e-50  
8.189830  1.000000e-50  1.000000e-50  1.000000e-50  1.000000e-50  1.000000e-50  1.000000e-50  1.000000e-50  1.000000e-50  1.000000e-50  1.000000e-50  1.000000e-50  1.000000e-50  1.000000e-50  1.000000e-50  1.000000e-50  1.000000e-50  1.000000e-50  1.000000e-50  1.000000e-50  1.000000e-50  1.000000e-50  
8.583869  1.000000e-50  1.000000e-50  1.000000e-50  1.000000e-50  1.000000e-50  1.000000e-50  1.000000e-50  1.000000e-50  1.000000e-50  1.000000e-50  1.000000e-50  1.000000e-50  1.000000e-50  1.000000e-50  1.000000e-50  1.000000e-50  1.000000e-50  1.000000e-50  1.000000e-50  1.000000e-50  1.000000e-50  
8.996865  1.000000e-50  1.000000e-50  1.000000e-50  1.000000e-50  1.000000e-50  1.000000e-50  1.000000e-50  1.000000e-50  1.000000e-50  1.000000e-50  1.000000e-50  1.000000e-50  1.000000e-50  1.000000e-50  1.000000e-50  1.000000e-50  1.000000e-50  1.000000e-50  1.000000e-50  1.000000e-50  1.000000e-50  
9.429733  1.000000e-50  1.000000e-50  1.000000e-50  1.000000e-50  1.000000e-50  1.000000e-50  1.000000e-50  1.000000e-50  1.000000e-50  1.000000e-50  1.000000e-50  1.000000e-50  1.000000e-50  1.000000e-50  1.000000e-50  1.000000e-50  1.000000e-50  1.000000e-50  1.000000e-50  1.000000e-50  1.000000e-50  
9.883427  1.000000e-50  1.000000e-50  1.000000e-50  1.000000e-50  1.000000e-50  1.000000e-50  1.000000e-50  1.000000e-50  1.000000e-50  1.000000e-50  1.000000e-50  1.000000e-50  1.000000e-50  1.000000e-50  1.000000e-50  1.000000e-50  1.000000e-50  1.000000e-50  1.000000e-50  1.000000e-50  1.000000e-50  
10.358949  1.000000e-50  1.000000e-50  1.000000e-50  1.000000e-50  1.000000e-50  1.000000e-50  1.000000e-50  1.000000e-50  1.000000e-50  1.000000e-50  1.000000e-50  1.000000e-50  1.000000e-50  1.000000e-50  1.000000e-50  1.000000e-50  1.000000e-50  1.000000e-50  1.000000e-50  1.000000e-50  1.000000e-50  
10.857351  1.000000e-50  1.000000e-50  1.000000e-50  1.000000e-50  1.000000e-50  1.000000e-50  1.000000e-50  1.000000e-50  1.000000e-50  1.000000e-50  1.000000e-50  1.000000e-50  1.000000e-50  1.000000e-50  1.000000e-50  1.000000e-50  1.000000e-50  1.000000e-50  1.000000e-50  1.000000e-50  1.000000e-50  
11.379732  1.000000e-50  1.000000e-50  1.000000e-50  1.000000e-50  1.000000e-50  1.000000e-50  1.000000e-50  1.000000e-50  1.000000e-50  1.000000e-50  1.000000e-50  1.000000e-50  1.000000e-50  1.000000e-50  1.000000e-50  1.000000e-50  1.000000e-50  1.000000e-50  1.000000e-50  1.000000e-50  1.000000e-50  
11.927247  1.000000e-50  1.000000e-50  1.000000e-50  1.000000e-50  1.000000e-50  1.000000e-50  1.000000e-50  1.000000e-50  1.000000e-50  1.000000e-50  1.000000e-50  1.000000e-50  1.000000e-50  1.000000e-50  1.000000e-50  1.000000e-50  1.000000e-50  1.000000e-50  1.000000e-50  1.000000e-50  1.000000e-50  
12.501104  1.000000e-50  1.000000e-50  1.000000e-50  1.000000e-50  1.000000e-50  1.000000e-50  1.000000e-50  1.000000e-50  1.000000e-50  1.000000e-50  1.000000e-50  1.000000e-50  1.000000e-50  1.000000e-50  1.000000e-50  1.000000e-50  1.000000e-50  1.000000e-50  1.000000e-50  1.000000e-50  1.000000e-50  
13.102571  1.000000e-50  1.000000e-50  1.000000e-50  1.000000e-50  1.000000e-50  1.000000e-50  1.000000e-50  1.000000e-50  1.000000e-50  1.000000e-50  1.000000e-50  1.000000e-50  1.000000e-50  1.000000e-50  1.000000e-50  1.000000e-50  1.000000e-50  1.000000e-50  1.000000e-50  1.000000e-50  1.000000e-50  
13.732977  1.000000e-50  1.000000e-50  1.000000e-50  1.000000e-50  1.000000e-50  1.000000e-50  1.000000e-50  1.000000e-50  1.000000e-50  1.000000e-50  1.000000e-50  1.000000e-50  1.000000e-50  1.000000e-50  1.000000e-50  1.000000e-50  1.000000e-50  1.000000e-50  1.000000e-50  1.000000e-50  1.000000e-50  
14.393714  1.000000e-50  1.000000e-50  1.000000e-50  1.000000e-50  1.000000e-50  1.000000e-50  1.000000e-50  1.000000e-50  1.000000e-50  1.000000e-50  1.000000e-50  1.000000e-50  1.000000e-50  1.000000e-50  1.000000e-50  1.000000e-50  1.000000e-50  1.000000e-50  1.000000e-50  1.000000e-50  1.000000e-50  
15.086240  1.000000e-50  1.000000e-50  1.000000e-50  1.000000e-50  1.000000e-50  1.000000e-50  1.000000e-50  1.000000e-50  1.000000e-50  1.000000e-50  1.000000e-50  1.000000e-50  1.000000e-50  1.000000e-50  1.000000e-50  1.000000e-50  1.000000e-50  1.000000e-50  1.000000e-50  1.000000e-50  1.000000e-50  
15.812086  1.000000e-50  1.000000e-50  1.000000e-50  1.000000e-50  1.000000e-50  1.000000e-50  1.000000e-50  1.000000e-50  1.000000e-50  1.000000e-50  1.000000e-50  1.000000e-50  1.000000e-50  1.000000e-50  1.000000e-50  1.000000e-50  1.000000e-50  1.000000e-50  1.000000e-50  1.000000e-50  1.000000e-50  
16.572855  1.000000e-50  1.000000e-50  1.000000e-50  1.000000e-50  1.000000e-50  1.000000e-50  1.000000e-50  1.000000e-50  1.000000e-50  1.000000e-50  1.000000e-50  1.000000e-50  1.000000e-50  1.000000e-50  1.000000e-50  1.000000e-50  1.000000e-50  1.000000e-50  1.000000e-50  1.000000e-50  1.000000e-50  
17.370227  1.000000e-50  1.000000e-50  1.000000e-50  1.000000e-50  1.000000e-50  1.000000e-50  1.000000e-50  1.000000e-50  1.000000e-50  1.000000e-50  1.000000e-50  1.000000e-50  1.000000e-50  1.000000e-50  1.000000e-50  1.000000e-50  1.000000e-50  1.000000e-50  1.000000e-50  1.000000e-50  1.000000e-50  
18.205964  1.000000e-50  1.000000e-50  1.000000e-50  1.000000e-50  1.000000e-50  1.000000e-50  1.000000e-50  1.000000e-50  1.000000e-50  1.000000e-50  1.000000e-50  1.000000e-50  1.000000e-50  1.000000e-50  1.000000e-50  1.000000e-50  1.000000e-50  1.000000e-50  1.000000e-50  1.000000e-50  1.000000e-50  
19.081909  1.000000e-50  1.000000e-50  1.000000e-50  1.000000e-50  1.000000e-50  1.000000e-50  1.000000e-50  1.000000e-50  1.000000e-50  1.000000e-50  1.000000e-50  1.000000e-50  1.000000e-50  1.000000e-50  1.000000e-50  1.000000e-50  1.000000e-50  1.000000e-50  1.000000e-50  1.000000e-50  1.000000e-50  
20.000000  1.000000e-50  1.000000e-50  1.000000e-50  1.000000e-50  1.000000e-50  1.000000e-50  1.000000e-50  1.000000e-50  1.000000e-50  1.000000e-50  1.000000e-50  1.000000e-50  1.000000e-50  1.000000e-50  1.000000e-50  1.000000e-50  1.000000e-50  1.000000e-50  1.000000e-50  1.000000e-50  1.000000e-50  
20.470620  2.000000e-47  6.210000e-47  1.900000e-46  5.710000e-46  1.630000e-45  4.250000e-45  9.010000e-45  1.090000e-44  5.980000e-45  5.700000e-43  1.200000e-41  1.660000e-40  1.960000e-39  2.130000e-38  2.250000e-37  2.300000e-36  2.320000e-35  2.290000e-34  1.820000e-33  4.150000e-33  1.070000e-33  
20.952315  2.470000e-47  7.680000e-47  2.350000e-46  7.080000e-46  2.030000e-45  5.350000e-45  1.170000e-44  1.540000e-44  5.700000e-45  5.590000e-43  1.270000e-41  1.800000e-40  2.130000e-39  2.340000e-38  2.460000e-37  2.520000e-36  2.560000e-35  2.510000e-34  2.010000e-33  4.600000e-33  1.190000e-33  
21.445344  3.040000e-47  9.440000e-47  2.900000e-46  8.770000e-46  2.530000e-45  6.760000e-45  1.510000e-44  2.160000e-44  6.980000e-45  5.360000e-43  1.320000e-41  1.930000e-40  2.320000e-39  2.560000e-38  2.690000e-37  2.770000e-36  2.810000e-35  2.770000e-34  2.210000e-33  5.070000e-33  1.320000e-33  
21.949975  3.710000e-47  1.160000e-46  3.570000e-46  1.080000e-45  3.140000e-45  8.470000e-45  1.940000e-44  2.990000e-44  1.070000e-44  5.050000e-43  1.370000e-41  2.060000e-40  2.510000e-39  2.780000e-38  2.940000e-37  3.030000e-36  3.070000e-35  3.040000e-34  2.420000e-33  5.580000e-33  1.450000e-33  
22.466481  4.550000e-47  1.430000e-46  4.390000e-46  1.330000e-45  3.890000e-45  1.060000e-44  2.490000e-44  4.060000e-44  1.790000e-44  4.690000e-43  1.410000e-41  2.190000e-40  2.710000e-39  3.020000e-38  3.210000e-37  3.320000e-36  3.360000e-35  3.320000e-34  2.660000e-33  6.140000e-33  1.600000e-33  
22.995140  5.620000e-47  1.750000e-46  5.390000e-46  1.640000e-45  4.820000e-45  1.320000e-44  3.170000e-44  5.480000e-44  3.010000e-44  4.230000e-43  1.440000e-41  2.320000e-40  2.920000e-39  3.280000e-38  3.490000e-37  3.620000e-36  3.670000e-35  3.620000e-34  2.900000e-33  6.750000e-33  1.770000e-33  
23.536239  6.870000e-47  2.140000e-46  6.640000e-46  2.010000e-45  5.950000e-45  1.650000e-44  4.020000e-44  7.320000e-44  4.950000e-44  3.660000e-43  1.470000e-41  2.450000e-40  3.140000e-39  3.550000e-38  3.790000e-37  3.930000e-36  4.010000e-35  3.940000e-34  3.170000e-33  7.420000e-33  1.940000e-33  
24.090071  8.390000e-47  2.620000e-46  8.140000e-46  2.490000e-45  7.350000e-45  2.040000e-44  5.100000e-44  9.700000e-44  7.890000e-44  3.090000e-43  1.470000e-41  2.590000e-40  3.350000e-39  3.820000e-38  4.110000e-37  4.280000e-36  4.340000e-35  4.310000e-34  3.460000e-33  8.130000e-33  2.140000e-33  
24.656935  1.030000e-46  3.220000e-46  9.970000e-46  3.050000e-45  9.070000e-45  2.550000e-44  6.450000e-44  1.280000e-43  1.210000e-43  2.520000e-43  1.470000e-41  2.700000e-40  3.580000e-39  4.110000e-38  4.440000e-37  4.640000e-36  4.730000e-35  4.670000e-34  3.770000e-33  8.910000e-33  2.340000e-33  
25.237138  1.250000e-46  3.920000e-46  1.220000e-45  3.740000e-45  1.110000e-44  3.150000e-44  8.120000e-44  1.670000e-43  1.800000e-43  2.020000e-43  1.440000e-41  2.820000e-40  3.810000e-39  4.440000e-38  4.800000e-37  5.010000e-36  5.120000e-35  5.100000e-34  4.100000e-33  9.690000e-33  2.580000e-33  
25.830993  1.540000e-46  4.810000e-46  1.500000e-45  4.590000e-45  1.370000e-44  3.930000e-44  1.020000e-43  2.170000e-43  2.630000e-43  1.650000e-43  1.400000e-41  2.930000e-40  4.050000e-39  4.760000e-38  5.190000e-37  5.440000e-36  5.550000e-35  5.510000e-34  4.460000e-33  1.060000e-32  2.830000e-33  
26.438823  1.880000e-46  5.890000e-46  1.840000e-45  5.650000e-45  1.700000e-44  4.870000e-44  1.280000e-43  2.820000e-43  3.740000e-43  1.570000e-43  1.340000e-41  3.020000e-40  4.300000e-39  5.090000e-38  5.590000e-37  5.870000e-36  6.030000e-35  5.980000e-34  4.840000e-33  1.160000e-32  3.100000e-33  
27.060955  2.300000e-46  7.220000e-46  2.250000e-45  6.920000e-45  2.090000e-44  6.050000e-44  1.610000e-43  3.630000e-43  5.280000e-43  1.920000e-43  1.260000e-41  3.090000e-40  4.530000e-39  5.450000e-38  6.010000e-37  6.350000e-36  6.520000e-35  6.450000e-34  5.240000e-33  1.260000e-32  3.400000e-33  
27.697727  2.830000e-46  8.830000e-46  2.750000e-45  8.540000e-45  2.570000e-44  7.460000e-44  2.020000e-43  4.660000e-43  7.280000e-43  2.960000e-43  1.160000e-41  3.160000e-40  4.760000e-39  5.820000e-38  6.460000e-37  6.830000e-36  7.030000e-35  6.970000e-34  5.670000e-33  1.380000e-32  3.720000e-33  
28.349483  3.460000e-46  1.080000e-45  3.380000e-45  1.040000e-44  3.180000e-44  9.270000e-44  2.520000e-43  5.970000e-43  1.000000e-42  5.000000e-43  1.030000e-41  3.190000e-40  4.980000e-39  6.160000e-38  6.920000e-37  7.340000e-36  7.550000e-35  7.530000e-34  6.140000e-33  1.510000e-32  4.090000e-33  
29.016576  4.240000e-46  1.330000e-45  4.160000e-45  1.280000e-44  3.900000e-44  1.150000e-43  3.170000e-43  7.660000e-43  1.360000e-42  8.490000e-43  8.990000e-42  3.200000e-40  5.210000e-39  6.570000e-38  7.410000e-37  7.880000e-36  8.190000e-35  8.120000e-34  6.650000e-33  1.640000e-32  4.480000e-33  
29.699365  5.200000e-46  1.630000e-45  5.090000e-45  1.580000e-44  4.830000e-44  1.420000e-43  3.960000e-43  9.790000e-43  1.820000e-42  1.400000e-42  7.480000e-42  3.180000e-40  5.410000e-39  6.980000e-38  7.920000e-37  8.470000e-36  8.770000e-35  8.790000e-34  7.180000e-33  1.780000e-32  4.910000e-33  
30.398222  6.410000e-46  2.010000e-45  6.290000e-45  1.950000e-44  5.960000e-44  1.760000e-43  4.960000e-43  1.250000e-42  2.440000e-42  2.230000e-42  6.030000e-42  3.100000e-40  5.600000e-39  7.350000e-38  8.470000e-37  9.090000e-36  9.450000e-35  9.490000e-34  7.760000e-33  1.940000e-32  5.390000e-33  
31.113523  7.830000e-46  2.470000e-45  7.730000e-45  2.400000e-44  7.340000e-44  2.190000e-43  6.200000e-43  1.590000e-42  3.240000e-42  3.450000e-42  4.690000e-42  3.020000e-40  5.780000e-39  7.770000e-38  9.000000e-37  9.740000e-36  1.020000e-34  1.020000e-33  8.370000e-33  2.110000e-32  5.900000e-33  
31.845656  9.700000e-46  3.060000e-45  9.540000e-45  2.970000e-44  9.110000e-44  2.720000e-43  7.780000e-43  2.020000e-42  4.280000e-42  5.160000e-42  3.770000e-42  2.870000e-40  5.910000e-39  8.150000e-38  9.610000e-37  1.040000e-35  1.090000e-34  1.090000e-33  9.040000e-33  2.300000e-32  6.490000e-33  
32.595017  1.200000e-45  3.760000e-45  1.180000e-44  3.680000e-44  1.130000e-43  3.380000e-43  9.760000e-43  2.580000e-42  5.640000e-42  7.600000e-42  3.520000e-42  2.700000e-40  6.020000e-39  8.520000e-38  1.010000e-36  1.110000e-35  1.170000e-34  1.180000e-33  9.750000e-33  2.510000e-32  7.120000e-33  
33.362011  1.480000e-45  4.650000e-45  1.470000e-44  4.560000e-44  1.410000e-43  4.250000e-43  1.220000e-42  3.280000e-42  7.440000e-42  1.090000e-41  4.460000e-42  2.470000e-40  6.100000e-39  8.940000e-38  1.080000e-36  1.190000e-35  1.250000e-34  1.270000e-33  1.050000e-32  2.740000e-32  7.840000e-33  
34.147053  1.830000e-45  5.770000e-45  1.820000e-44  5.690000e-44  1.750000e-43  5.290000e-43  1.540000e-42  4.170000e-42  9.710000e-42  1.560000e-41  7.270000e-42  2.180000e-40  6.130000e-39  9.300000e-38  1.140000e-36  1.270000e-35  1.340000e-34  1.360000e-33  1.130000e-32  3.000000e-32  8.650000e-33  
34.950568  2.290000e-45  7.220000e-45  2.260000e-44  7.090000e-44  2.190000e-43  6.630000e-43  1.940000e-42  5.320000e-42  1.280000e-41  2.210000e-41  1.290000e-41  1.880000e-40  6.040000e-39  9.680000e-38  1.200000e-36  1.350000e-35  1.440000e-34  1.460000e-33  1.220000e-32  3.260000e-32  9.520000e-33  
35.772991  2.860000e-45  9.000000e-45  2.830000e-44  8.830000e-44  2.730000e-43  8.330000e-43  2.460000e-42  6.820000e-42  1.670000e-41  3.080000e-41  2.260000e-41  1.540000e-40  5.970000e-39  9.990000e-38  1.270000e-36  1.430000e-35  1.540000e-34  1.560000e-33  1.320000e-32  3.570000e-32  1.050000e-32  
36.614766  3.600000e-45  1.130000e-44  3.540000e-44  1.110000e-43  3.450000e-43  1.050000e-42  3.120000e-42  8.740000e-42  2.200000e-41  4.250000e-41  3.850000e-41  1.200000e-40  5.760000e-39  1.020000e-37  1.340000e-36  1.530000e-35  1.650000e-34  1.670000e-33  1.420000e-32  3.900000e-32  1.170000e-32  
37.476349  4.500000e-45  1.420000e-44  4.450000e-44  1.400000e-43  4.340000e-43  1.320000e-42  3.980000e-42  1.120000e-41  2.880000e-41  5.850000e-41  6.300000e-41  9.030000e-41  5.480000e-39  1.040000e-37  1.400000e-36  1.620000e-35  1.760000e-34  1.800000e-33  1.530000e-32  4.270000e-32  1.300000e-32  
38.358205  5.690000e-45  1.790000e-44  5.640000e-44  1.760000e-43  5.480000e-43  1.680000e-42  5.030000e-42  1.440000e-41  3.760000e-41  8.020000e-41  9.950000e-41  7.150000e-41  5.100000e-39  1.060000e-37  1.470000e-36  1.720000e-35  1.870000e-34  1.920000e-33  1.650000e-32  4.690000e-32  1.440000e-32  
39.260813  7.240000e-45  2.270000e-44  7.170000e-44  2.240000e-43  7.020000e-43  2.150000e-42  6.460000e-42  1.860000e-41  4.950000e-41  1.100000e-40  1.550000e-40  7.240000e-41  4.600000e-39  1.070000e-37  1.530000e-36  1.830000e-35  2.000000e-34  2.070000e-33  1.780000e-32  5.160000e-32  1.610000e-32  
40.184660  9.220000e-45  2.910000e-44  9.120000e-44  2.870000e-43  8.940000e-43  2.760000e-42  8.330000e-42  2.430000e-41  6.520000e-41  1.510000e-40  2.360000e-40  1.090000e-40  4.030000e-39  1.060000e-37  1.580000e-36  1.930000e-35  2.130000e-34  2.220000e-33  1.920000e-32  5.670000e-32  1.800000e-32  
41.130246  1.180000e-44  3.730000e-44  1.180000e-43  3.710000e-43  1.150000e-42  3.570000e-42  1.080000e-41  3.170000e-41  8.660000e-41  2.070000e-40  3.520000e-40  2.050000e-40  3.360000e-39  1.040000e-37  1.630000e-36  2.030000e-35  2.270000e-34  2.370000e-33  2.070000e-32  6.260000e-32  2.040000e-32  
42.098083  1.530000e-44  4.850000e-44  1.520000e-43  4.800000e-43  1.500000e-42  4.620000e-42  1.410000e-41  4.140000e-41  1.160000e-40  2.840000e-40  5.220000e-40  3.960000e-40  2.630000e-39  1.000000e-37  1.680000e-36  2.140000e-35  2.430000e-34  2.550000e-33  2.240000e-32  6.920000e-32  2.300000e-32  
43.088694  2.000000e-44  6.310000e-44  1.990000e-43  6.230000e-43  1.950000e-42  6.060000e-42  1.840000e-41  5.510000e-41  1.540000e-40  3.910000e-40  7.710000e-40  7.410000e-40  1.920000e-39  9.470000e-38  1.710000e-36  2.240000e-35  2.570000e-34  2.730000e-33  2.420000e-32  7.690000e-32  2.610000e-32  
44.102615  2.620000e-44  8.290000e-44  2.620000e-43  8.220000e-43  2.570000e-42  7.990000e-42  2.450000e-41  7.310000e-41  2.090000e-40  5.410000e-40  1.130000e-39  1.320000e-39  1.370000e-39  8.690000e-38  1.730000e-36  2.330000e-35  2.730000e-34  2.920000e-33  2.630000e-32  8.560000e-32  3.000000e-32  
45.140394  3.490000e-44  1.100000e-43  3.470000e-43  1.090000e-42  3.420000e-42  1.070000e-41  3.280000e-41  9.850000e-41  2.820000e-40  7.500000e-40  1.660000e-39  2.280000e-39  1.220000e-39  7.670000e-38  1.710000e-36  2.440000e-35  2.890000e-34  3.140000e-33  2.850000e-32  9.540000e-32  3.450000e-32  
46.202594  4.670000e-44  1.480000e-43  4.660000e-43  1.470000e-42  4.610000e-42  1.430000e-41  4.420000e-41  1.330000e-40  3.910000e-40  1.050000e-39  2.430000e-39  3.830000e-39  1.900000e-39  6.380000e-38  1.680000e-36  2.510000e-35  3.060000e-34  3.350000e-33  3.090000e-32  1.070000e-31  4.010000e-32  
47.289788  6.380000e-44  2.010000e-43  6.370000e-43  2.010000e-42  6.280000e-42  1.960000e-41  6.060000e-41  1.850000e-40  5.400000e-40  1.490000e-39  3.610000e-39  6.320000e-39  4.170000e-39  4.900000e-38  1.600000e-36  2.580000e-35  3.220000e-34  3.580000e-33  3.350000e-32  1.210000e-31  4.700000e-32  
48.402565  8.790000e-44  2.780000e-43  8.790000e-43  2.760000e-42  8.690000e-42  2.720000e-41  8.480000e-41  2.570000e-40  7.600000e-40  2.150000e-39  5.340000e-39  1.030000e-38  9.390000e-39  3.380000e-38  1.490000e-36  2.600000e-35  3.380000e-34  3.830000e-33  3.640000e-32  1.370000e-31  5.580000e-32  
49.541527  1.240000e-43  3.930000e-43  1.240000e-42  3.900000e-42  1.230000e-41  3.850000e-41  1.190000e-40  3.660000e-40  1.090000e-39  3.110000e-39  8.040000e-39  1.690000e-38  1.990000e-38  2.200000e-38  1.320000e-36  2.600000e-35  3.540000e-34  4.080000e-33  3.960000e-32  1.560000e-31  6.720000e-32  
50.707290  1.780000e-43  5.660000e-43  1.780000e-42  5.620000e-42  1.770000e-41  5.520000e-41  1.730000e-40  5.300000e-40  1.590000e-39  4.630000e-39  1.230000e-38  2.780000e-38  4.030000e-38  2.110000e-38  1.080000e-36  2.520000e-35  3.630000e-34  4.320000e-33  4.320000e-32  1.790000e-31  8.190000e-32  
51.900484  2.640000e-43  8.350000e-43  2.640000e-42  8.320000e-42  2.630000e-41  8.180000e-41  2.560000e-40  7.960000e-40  2.400000e-39  7.040000e-39  1.930000e-38  4.600000e-38  7.870000e-38  4.900000e-38  7.870000e-37  2.360000e-35  3.700000e-34  4.590000e-33  4.700000e-32  2.080000e-31  1.020000e-31  
53.121756  4.040000e-43  1.270000e-42  4.020000e-42  1.270000e-41  4.010000e-41  1.260000e-40  3.940000e-40  1.220000e-39  3.740000e-39  1.110000e-38  3.100000e-38  7.770000e-38  1.520000e-37  1.440000e-37  4.770000e-37  2.080000e-35  3.690000e-34  4.820000e-33  5.160000e-32  2.430000e-31  1.310000e-31  
54.370000  6.470000e-43  2.040000e-42  6.460000e-42  2.030000e-41  6.400000e-41  2.020000e-40  6.320000e-40  1.980000e-39  6.060000e-39  1.820000e-38  5.190000e-38  1.360000e-37  2.980000e-37  3.950000e-37  2.860000e-37  1.660000e-35  3.530000e-34  4.980000e-33  5.630000e-32  2.880000e-31  1.720000e-31  
55.650000  1.090000e-42  3.460000e-42  1.100000e-41  3.470000e-41  1.090000e-40  3.450000e-40  1.080000e-39  3.360000e-39  1.040000e-38  3.160000e-38  9.190000e-38  2.520000e-37  6.020000e-37  1.030000e-36  6.550000e-37  1.070000e-35  3.190000e-34  5.060000e-33  6.180000e-32  3.470000e-31  2.370000e-31  
56.960000  2.020000e-42  6.380000e-42  2.020000e-41  6.390000e-41  2.020000e-40  6.340000e-40  2.000000e-39  6.240000e-39  1.940000e-38  5.930000e-38  1.780000e-37  5.040000e-37  1.300000e-36  2.680000e-36  3.020000e-36  4.840000e-36  2.510000e-34  4.930000e-33  6.780000e-32  4.250000e-31  3.460000e-31  
58.300000  4.250000e-42  1.350000e-41  4.260000e-41  1.350000e-40  4.270000e-40  1.340000e-39  4.240000e-39  1.330000e-38  4.170000e-38  1.280000e-37  3.880000e-37  1.140000e-36  3.120000e-36  7.440000e-36  1.270000e-35  8.550000e-36  1.440000e-34  4.450000e-33  7.450000e-32  5.300000e-31  5.520000e-31  
60.000000  1.540000e-41  4.890000e-41  1.540000e-40  4.880000e-40  1.540000e-39  4.870000e-39  1.530000e-38  4.830000e-38  1.510000e-37  4.730000e-37  1.460000e-36  4.420000e-36  1.300000e-35  3.560000e-35  8.470000e-35  1.450000e-34  1.180000e-34  3.100000e-33  8.480000e-32  7.310000e-31  1.210000e-30  
61.000000  4.960000e-41  1.560000e-40  4.940000e-40  1.570000e-39  4.950000e-39  1.560000e-38  4.910000e-38  1.560000e-37  4.900000e-37  1.540000e-36  4.790000e-36  1.480000e-35  4.480000e-35  1.300000e-34  3.550000e-34  8.360000e-34  1.390000e-33  3.640000e-33  9.370000e-32  9.080000e-31  2.310000e-30  
61.500000  1.200000e-40  3.820000e-40  1.190000e-39  3.770000e-39  1.200000e-38  3.780000e-38  1.190000e-37  3.770000e-37  1.190000e-36  3.740000e-36  1.170000e-35  3.650000e-35  1.120000e-34  3.370000e-34  9.740000e-34  2.550000e-33  5.490000e-33  9.520000e-33  1.040000e-31  1.020000e-30  3.520000e-30  
61.800000  2.560000e-40  8.070000e-40  2.550000e-39  8.080000e-39  2.550000e-38  8.120000e-38  2.540000e-37  8.060000e-37  2.540000e-36  8.020000e-36  2.510000e-35  7.900000e-35  2.440000e-34  7.450000e-34  2.210000e-33  6.170000e-33  1.470000e-32  2.370000e-32  1.160000e-31  1.110000e-30  4.770000e-30  
62.000000  5.150000e-40  1.620000e-39  5.140000e-39  1.630000e-38  5.140000e-38  1.630000e-37  5.140000e-37  1.630000e-36  5.150000e-36  1.620000e-35  5.090000e-35  1.600000e-34  4.960000e-34  1.540000e-33  4.640000e-33  1.340000e-32  3.380000e-32  5.090000e-32  1.320000e-31  1.180000e-30  6.040000e-30  
62.200000  1.470000e-39  4.640000e-39  1.480000e-38  4.650000e-38  1.470000e-37  4.650000e-37  1.470000e-36  4.640000e-36  1.460000e-35  4.630000e-35  1.450000e-34  4.590000e-34  1.440000e-33  4.500000e-33  1.390000e-32  4.110000e-32  1.050000e-31  1.350000e-31  1.710000e-31  1.260000e-30  7.940000e-30  
62.300000  3.350000e-39  1.060000e-38  3.350000e-38  1.070000e-37  3.370000e-37  1.060000e-36  3.370000e-36  1.070000e-35  3.370000e-35  1.060000e-34  3.380000e-34  1.050000e-33  3.320000e-33  1.030000e-32  3.230000e-32  9.660000e-32  2.400000e-31  2.630000e-31  2.210000e-31  1.310000e-30  9.310000e-30  
62.350000  6.000000e-39  1.910000e-38  6.010000e-38  1.910000e-37  5.980000e-37  1.910000e-36  6.010000e-36  1.910000e-35  6.020000e-35  1.900000e-34  5.980000e-34  1.900000e-33  5.950000e-33  1.870000e-32  5.800000e-32  1.750000e-31  4.160000e-31  3.990000e-31  2.700000e-31  1.340000e-30  1.010000e-29  
62.400000  1.360000e-38  4.320000e-38  1.370000e-37  4.310000e-37  1.370000e-36  4.310000e-36  1.360000e-35  4.320000e-35  1.370000e-34  4.300000e-34  1.370000e-33  4.310000e-33  1.360000e-32  4.270000e-32  1.330000e-31  3.970000e-31  8.700000e-31  6.900000e-31  3.680000e-31  1.390000e-30  1.110000e-29  
62.430000  2.810000e-38  8.800000e-38  2.790000e-37  8.850000e-37  2.800000e-36  8.840000e-36  2.790000e-35  8.900000e-35  2.790000e-34  8.800000e-34  2.780000e-33  8.820000e-33  2.800000e-32  8.750000e-32  2.740000e-31  8.030000e-31  1.590000e-30  1.070000e-30  4.960000e-31  1.450000e-30  1.180000e-29  
62.450000  5.500000e-38  1.730000e-37  5.480000e-37  1.740000e-36  5.510000e-36  1.740000e-35  5.480000e-35  1.740000e-34  5.500000e-34  1.730000e-33  5.480000e-33  1.740000e-32  5.480000e-32  1.730000e-31  5.350000e-31  1.550000e-30  2.720000e-30  1.590000e-30  6.670000e-31  1.510000e-30  1.230000e-29  
62.460000  8.630000e-38  2.710000e-37  8.600000e-37  2.720000e-36  8.620000e-36  2.730000e-35  8.630000e-35  2.720000e-34  8.600000e-34  2.710000e-33  8.590000e-33  2.700000e-32  8.560000e-32  2.710000e-31  8.410000e-31  2.370000e-30  3.790000e-30  2.040000e-30  8.130000e-31  1.560000e-30  1.250000e-29  
62.470000  1.530000e-37  4.860000e-37  1.520000e-36  4.820000e-36  1.530000e-35  4.850000e-35  1.530000e-34  4.830000e-34  1.530000e-33  4.810000e-33  1.530000e-32  4.840000e-32  1.530000e-31  4.760000e-31  1.480000e-30  4.060000e-30  5.710000e-30  2.820000e-30  1.060000e-30  1.650000e-30  1.280000e-29  
62.475000  2.210000e-37  6.970000e-37  2.210000e-36  6.970000e-36  2.200000e-35  6.960000e-35  2.200000e-34  6.990000e-34  2.210000e-33  6.990000e-33  2.210000e-32  6.950000e-32  2.200000e-31  6.920000e-31  2.130000e-30  5.660000e-30  7.330000e-30  3.420000e-30  1.260000e-30  1.710000e-30  1.300000e-29  
62.480000  3.440000e-37  1.090000e-36  3.450000e-36  1.080000e-35  3.430000e-35  1.080000e-34  3.440000e-34  1.090000e-33  3.450000e-33  1.090000e-32  3.440000e-32  1.090000e-31  3.430000e-31  1.080000e-30  3.300000e-30  8.470000e-30  9.790000e-30  4.320000e-30  1.550000e-30  1.810000e-30  1.320000e-29  
62.485000  6.140000e-37  1.930000e-36  6.110000e-36  1.930000e-35  6.110000e-35  1.920000e-34  6.120000e-34  1.930000e-33  6.110000e-33  1.940000e-32  6.130000e-32  1.920000e-31  6.110000e-31  1.910000e-30  5.810000e-30  1.380000e-29  1.410000e-29  5.850000e-30  2.030000e-30  1.960000e-30  1.340000e-29  
62.490000  1.370000e-36  4.320000e-36  1.370000e-35  4.340000e-35  1.370000e-34  4.340000e-34  1.370000e-33  4.340000e-33  1.370000e-32  4.340000e-32  1.360000e-31  4.340000e-31  1.360000e-30  4.250000e-30  1.260000e-29  2.710000e-29  2.260000e-29  8.890000e-30  3.030000e-30  2.280000e-30  1.360000e-29  
62.493000  2.780000e-36  8.790000e-36  2.780000e-35  8.780000e-35  2.760000e-34  8.780000e-34  2.780000e-33  8.800000e-33  2.790000e-32  8.800000e-32  2.760000e-31  8.800000e-31  2.760000e-30  8.530000e-30  2.430000e-29  4.640000e-29  3.340000e-29  1.270000e-29  4.290000e-30  2.680000e-30  1.400000e-29  
62.495000  5.360000e-36  1.700000e-35  5.360000e-35  1.690000e-34  5.350000e-34  1.690000e-33  5.330000e-33  1.690000e-32  5.360000e-32  1.690000e-31  5.350000e-31  1.680000e-30  5.270000e-30  1.620000e-29  4.410000e-29  7.400000e-29  4.760000e-29  1.780000e-29  5.960000e-30  3.220000e-30  1.410000e-29  
62.497000  1.390000e-35  4.410000e-35  1.400000e-34  4.430000e-34  1.390000e-33  4.400000e-33  1.400000e-32  4.410000e-32  1.400000e-31  4.400000e-31  1.390000e-30  4.380000e-30  1.360000e-29  4.030000e-29  1.010000e-28  1.390000e-28  7.970000e-29  2.970000e-29  9.820000e-30  4.470000e-30  1.460000e-29  
62.498000  2.790000e-35  8.840000e-35  2.800000e-34  8.820000e-34  2.790000e-33  8.830000e-33  2.780000e-32  8.790000e-32  2.800000e-31  8.820000e-31  2.780000e-30  8.720000e-30  2.670000e-29  7.730000e-29  1.750000e-28  2.130000e-28  1.170000e-28  4.390000e-29  1.460000e-29  6.040000e-30  1.520000e-29  
62.499000  6.920000e-35  2.190000e-34  6.890000e-34  2.180000e-33  6.890000e-33  2.180000e-32  6.900000e-32  2.180000e-31  6.900000e-31  2.180000e-30  6.920000e-30  2.120000e-29  6.390000e-29  1.730000e-28  3.590000e-28  3.960000e-28  2.220000e-28  8.570000e-29  2.910000e-29  1.070000e-29  1.660000e-29  
62.500000  1.310000e-34  4.140000e-34  1.320000e-33  4.150000e-33  1.320000e-32  4.160000e-32  1.320000e-31  4.150000e-31  1.320000e-30  4.160000e-30  1.320000e-29  4.160000e-29  1.320000e-28  4.170000e-28  1.320000e-27  4.160000e-27  1.310000e-26  4.160000e-26  1.310000e-25  4.160000e-25  1.320000e-24  
62.501000  6.600000e-35  2.090000e-34  6.620000e-34  2.080000e-33  6.590000e-33  2.090000e-32  6.590000e-32  2.080000e-31  6.610000e-31  2.080000e-30  6.590000e-30  2.100000e-29  6.560000e-29  2.100000e-28  6.590000e-28  2.080000e-27  6.580000e-27  2.090000e-26  6.600000e-26  2.090000e-25  6.650000e-25  
62.502000  2.690000e-35  8.520000e-35  2.690000e-34  8.510000e-34  2.690000e-33  8.520000e-33  2.690000e-32  8.490000e-32  2.690000e-31  8.500000e-31  2.690000e-30  8.510000e-30  2.690000e-29  8.490000e-29  2.690000e-28  8.530000e-28  2.690000e-27  8.500000e-27  2.700000e-26  8.580000e-26  2.720000e-25  
62.503000  1.350000e-35  4.300000e-35  1.360000e-34  4.290000e-34  1.350000e-33  4.300000e-33  1.360000e-32  4.300000e-32  1.350000e-31  4.290000e-31  1.360000e-30  4.290000e-30  1.350000e-29  4.300000e-29  1.350000e-28  4.300000e-28  1.360000e-27  4.320000e-27  1.370000e-26  4.330000e-26  1.390000e-25  
62.505000  5.260000e-36  1.660000e-35  5.270000e-35  1.670000e-34  5.250000e-34  1.670000e-33  5.260000e-33  1.660000e-32  5.260000e-32  1.670000e-31  5.240000e-31  1.660000e-30  5.250000e-30  1.660000e-29  5.260000e-29  1.670000e-28  5.290000e-28  1.670000e-27  5.300000e-27  1.700000e-26  5.420000e-26  
62.507000  2.750000e-36  8.690000e-36  2.750000e-35  8.660000e-35  2.760000e-34  8.710000e-34  2.750000e-33  8.660000e-33  2.750000e-32  8.680000e-32  2.730000e-31  8.700000e-31  2.750000e-30  8.690000e-30  2.750000e-29  8.690000e-29  2.760000e-28  8.730000e-28  2.790000e-27  8.900000e-27  2.870000e-26  
62.510000  1.360000e-36  4.300000e-36  1.360000e-35  4.300000e-35  1.360000e-34  4.310000e-34  1.360000e-33  4.310000e-33  1.360000e-32  4.310000e-32  1.360000e-31  4.310000e-31  1.370000e-30  4.300000e-30  1.370000e-29  4.320000e-29  1.370000e-28  4.370000e-28  1.390000e-27  4.450000e-27  1.450000e-26  
62.515000  6.130000e-37  1.930000e-36  6.090000e-36  1.940000e-35  6.080000e-35  1.930000e-34  6.100000e-34  1.930000e-33  6.110000e-33  1.930000e-32  6.110000e-32  1.930000e-31  6.110000e-31  1.930000e-30  6.140000e-30  1.950000e-29  6.160000e-29  1.960000e-28  6.270000e-28  2.040000e-27  6.690000e-27  
62.520000  3.460000e-37  1.090000e-36  3.440000e-36  1.090000e-35  3.440000e-35  1.090000e-34  3.470000e-34  1.090000e-33  3.450000e-33  1.090000e-32  3.450000e-32  1.100000e-31  3.450000e-31  1.090000e-30  3.450000e-30  1.100000e-29  3.480000e-29  1.120000e-28  3.590000e-28  1.160000e-27  3.880000e-27  
62.525000  2.200000e-37  6.980000e-37  2.220000e-36  6.980000e-36  2.220000e-35  6.990000e-35  2.210000e-34  7.000000e-34  2.210000e-33  7.000000e-33  2.200000e-32  6.960000e-32  2.220000e-31  7.010000e-31  2.210000e-30  7.050000e-30  2.250000e-29  7.200000e-29  2.320000e-28  7.610000e-28  2.560000e-27  
62.530000  1.540000e-37  4.860000e-37  1.540000e-36  4.850000e-36  1.540000e-35  4.830000e-35  1.530000e-34  4.840000e-34  1.540000e-33  4.880000e-33  1.540000e-32  4.860000e-32  1.540000e-31  4.910000e-31  1.540000e-30  4.920000e-30  1.560000e-29  5.030000e-29  1.630000e-28  5.370000e-28  1.830000e-27  
62.540000  8.690000e-38  2.740000e-37  8.650000e-37  2.730000e-36  8.710000e-36  2.750000e-35  8.690000e-35  2.730000e-34  8.680000e-34  2.750000e-33  8.680000e-33  2.750000e-32  8.690000e-32  2.750000e-31  8.700000e-31  2.780000e-30  8.880000e-30  2.870000e-29  9.350000e-29  3.120000e-28  1.100000e-27  
62.550000  5.560000e-38  1.750000e-37  5.570000e-37  1.760000e-36  5.570000e-36  1.760000e-35  5.570000e-35  1.760000e-34  5.570000e-34  1.770000e-33  5.560000e-33  1.760000e-32  5.580000e-32  1.770000e-31  5.610000e-31  1.790000e-30  5.710000e-30  1.850000e-29  6.100000e-29  2.070000e-28  7.410000e-28  
62.570000  2.850000e-38  8.990000e-38  2.840000e-37  8.950000e-37  2.850000e-36  9.000000e-36  2.840000e-35  9.040000e-35  2.860000e-34  9.030000e-34  2.870000e-33  9.000000e-33  2.860000e-32  9.080000e-32  2.880000e-31  9.210000e-31  2.980000e-30  9.680000e-30  3.240000e-29  1.130000e-28  4.210000e-28  
62.600000  1.400000e-38  4.440000e-38  1.400000e-37  4.430000e-37  1.400000e-36  4.430000e-36  1.400000e-35  4.420000e-35  1.400000e-34  4.450000e-34  1.410000e-33  4.430000e-33  1.420000e-32  4.450000e-32  1.440000e-31  4.590000e-31  1.480000e-30  4.910000e-30  1.690000e-29  6.070000e-29  2.400000e-28  
62.650000  6.280000e-39  1.980000e-38  6.270000e-38  1.990000e-37  6.290000e-37  1.980000e-36  6.280000e-36  1.990000e-35  6.290000e-35  1.990000e-34  6.290000e-34  2.000000e-33  6.330000e-33  2.020000e-32  6.450000e-32  2.090000e-31  6.880000e-31  2.330000e-30  8.250000e-30  3.140000e-29  1.340000e-28  
62.700000  3.560000e-39  1.130000e-38  3.560000e-38  1.120000e-37  3.570000e-37  1.120000e-36  3.550000e-36  1.130000e-35  3.570000e-35  1.130000e-34  3.570000e-34  1.130000e-33  3.610000e-33  1.150000e-32  3.710000e-32  1.200000e-31  4.000000e-31  1.390000e-30  5.080000e-30  2.030000e-29  9.260000e-29  
62.800000  1.600000e-39  5.080000e-39  1.600000e-38  5.050000e-38  1.610000e-37  5.090000e-37  1.600000e-36  5.070000e-36  1.610000e-35  5.100000e-35  1.610000e-34  5.120000e-34  1.640000e-33  5.240000e-33  1.690000e-32  5.630000e-32  1.900000e-31  6.870000e-31  2.650000e-30  1.170000e-29  5.910000e-29  
63.000000  5.920000e-40  1.880000e-39  5.940000e-39  1.880000e-38  5.940000e-38  1.880000e-37  5.950000e-37  1.880000e-36  5.980000e-36  1.900000e-35  5.980000e-35  1.910000e-34  6.100000e-34  1.990000e-33  6.490000e-33  2.210000e-32  7.870000e-32  3.040000e-31  1.300000e-30  6.490000e-30  3.820000e-29  
63.200000  3.140000e-40  9.910000e-40  3.150000e-39  9.950000e-39  3.130000e-38  9.920000e-38  3.140000e-37  9.890000e-37  3.130000e-36  9.970000e-36  3.160000e-35  1.010000e-34  3.260000e-34  1.060000e-33  3.550000e-33  1.230000e-32  4.600000e-32  1.870000e-31  8.670000e-31  4.790000e-30  3.090000e-29  
63.600000  1.340000e-40  4.260000e-40  1.340000e-39  4.250000e-39  1.340000e-38  4.250000e-38  1.340000e-37  4.270000e-37  1.350000e-36  4.270000e-36  1.370000e-35  4.400000e-35  1.430000e-34  4.760000e-34  1.640000e-33  5.960000e-33  2.370000e-32  1.070000e-31  5.620000e-31  3.490000e-30  2.540000e-29  
64.200000  6.170000e-41  1.950000e-40  6.160000e-40  1.950000e-39  6.120000e-39  1.950000e-38  6.180000e-38  1.950000e-37  6.210000e-37  1.980000e-36  6.350000e-36  2.050000e-35  6.770000e-35  2.310000e-34  8.300000e-34  3.220000e-33  1.420000e-32  7.220000e-32  4.380000e-31  3.090000e-30  2.480000e-29  
65.500000  2.960000e-41  9.320000e-41  2.970000e-40  9.380000e-40  2.970000e-39  9.400000e-39  2.990000e-38  9.530000e-38  3.070000e-37  9.940000e-37  3.280000e-36  1.130000e-35  4.120000e-35  1.660000e-34  7.730000e-34  4.340000e-33  2.960000e-32  2.310000e-31  2.020000e-30  1.870000e-29  1.780000e-28  
67.030000  4.880000e-41  1.550000e-40  4.920000e-40  1.560000e-39  4.920000e-39  1.570000e-38  5.020000e-38  1.620000e-37  5.300000e-37  1.770000e-36  6.250000e-36  2.340000e-35  9.790000e-35  4.700000e-34  2.630000e-33  1.780000e-32  1.370000e-31  1.160000e-30  1.060000e-29  1.000000e-28  9.690000e-28  
68.610000  1.490000e-40  4.660000e-40  1.470000e-39  4.700000e-39  1.480000e-38  4.740000e-38  1.520000e-37  4.880000e-37  1.620000e-36  5.500000e-36  1.960000e-35  7.480000e-35  3.230000e-34  1.590000e-33  9.370000e-33  6.450000e-32  5.050000e-31  4.280000e-30  3.910000e-29  3.730000e-28  3.620000e-27  
70.220000  4.860000e-40  1.540000e-39  4.860000e-39  1.540000e-38  4.890000e-38  1.570000e-37  5.020000e-37  1.620000e-36  5.310000e-36  1.810000e-35  6.480000e-35  2.490000e-34  1.080000e-33  5.380000e-33  3.170000e-32  2.170000e-31  1.700000e-30  1.460000e-29  1.330000e-28  1.260000e-27  1.230000e-26  
71.880000  1.170000e-39  3.690000e-39  1.170000e-38  3.700000e-38  1.180000e-37  3.750000e-37  1.200000e-36  3.890000e-36  1.280000e-35  4.360000e-35  1.550000e-34  5.980000e-34  2.580000e-33  1.290000e-32  7.580000e-32  5.170000e-31  4.040000e-30  3.460000e-29  3.160000e-28  2.990000e-27  2.900000e-26  
73.567595  2.230000e-39  7.060000e-39  2.230000e-38  7.070000e-38  2.260000e-37  7.160000e-37  2.300000e-36  7.430000e-36  2.440000e-35  8.330000e-35  2.970000e-34  1.130000e-33  4.890000e-33  2.440000e-32  1.420000e-31  9.750000e-31  7.580000e-30  6.480000e-29  5.910000e-28  5.600000e-27  5.420000e-26  
75.298716  3.720000e-39  1.180000e-38  3.750000e-38  1.180000e-37  3.750000e-37  1.200000e-36  3.820000e-36  1.240000e-35  4.060000e-35  1.390000e-34  4.940000e-34  1.880000e-33  8.140000e-33  4.020000e-32  2.350000e-31  1.590000e-30  1.240000e-29  1.060000e-28  9.670000e-28  9.130000e-27  8.850000e-26  
77.070572  5.710000e-39  1.800000e-38  5.690000e-38  1.810000e-37  5.760000e-37  1.830000e-36  5.860000e-36  1.900000e-35  6.230000e-35  2.110000e-34  7.480000e-34  2.880000e-33  1.230000e-32  6.070000e-32  3.530000e-31  2.400000e-30  1.860000e-29  1.580000e-28  1.440000e-27  1.360000e-26  1.320000e-25  
78.884121  8.180000e-39  2.600000e-38  8.240000e-38  2.600000e-37  8.240000e-37  2.630000e-36  8.410000e-36  2.730000e-35  8.950000e-35  3.030000e-34  1.070000e-33  4.110000e-33  1.750000e-32  8.690000e-32  5.000000e-31  3.380000e-30  2.610000e-29  2.230000e-28  2.020000e-27  1.910000e-26  1.850000e-25  
80.740345  1.120000e-38  3.550000e-38  1.120000e-37  3.590000e-37  1.150000e-36  3.640000e-36  1.160000e-35  3.730000e-35  1.230000e-34  4.160000e-34  1.480000e-33  5.640000e-33  2.400000e-32  1.180000e-31  6.800000e-31  4.560000e-30  3.520000e-29  2.990000e-28  2.710000e-27  2.560000e-26  2.480000e-25  
82.640248  1.500000e-38  4.730000e-38  1.510000e-37  4.760000e-37  1.510000e-36  4.830000e-36  1.550000e-35  4.970000e-35  1.640000e-34  5.540000e-34  1.950000e-33  7.480000e-33  3.160000e-32  1.550000e-31  8.840000e-31  5.970000e-30  4.580000e-29  3.890000e-28  3.530000e-27  3.320000e-26  3.210000e-25  
84.584857  1.960000e-38  6.210000e-38  1.950000e-37  6.200000e-37  1.970000e-36  6.230000e-36  2.010000e-35  6.470000e-35  2.130000e-34  7.160000e-34  2.530000e-33  9.670000e-33  4.080000e-32  1.990000e-31  1.140000e-30  7.620000e-30  5.790000e-29  4.920000e-28  4.470000e-27  4.200000e-26  4.070000e-25  
86.575226  2.490000e-38  7.890000e-38  2.490000e-37  7.860000e-37  2.500000e-36  7.980000e-36  2.560000e-35  8.220000e-35  2.710000e-34  9.080000e-34  3.230000e-33  1.210000e-32  5.150000e-32  2.490000e-31  1.420000e-30  9.470000e-30  7.230000e-29  6.110000e-28  5.530000e-27  5.200000e-26  5.030000e-25  
88.612429  3.120000e-38  9.920000e-38  3.120000e-37  9.890000e-37  3.140000e-36  1.000000e-35  3.210000e-35  1.030000e-34  3.380000e-34  1.150000e-33  4.030000e-33  1.530000e-32  6.420000e-32  3.100000e-31  1.750000e-30  1.160000e-29  8.880000e-29  7.470000e-28  6.740000e-27  6.360000e-26  6.130000e-25  
90.697570  3.890000e-38  1.230000e-37  3.880000e-37  1.240000e-36  3.910000e-36  1.240000e-35  3.980000e-35  1.280000e-34  4.220000e-34  1.420000e-33  4.990000e-33  1.880000e-32  7.850000e-32  3.800000e-31  2.140000e-30  1.410000e-29  1.080000e-28  9.040000e-28  8.160000e-27  7.670000e-26  7.410000e-25  
92.831777  4.790000e-38  1.520000e-37  4.800000e-37  1.520000e-36  4.820000e-36  1.540000e-35  4.930000e-35  1.580000e-34  5.190000e-34  1.740000e-33  6.140000e-33  2.310000e-32  9.630000e-32  4.590000e-31  2.600000e-30  1.710000e-29  1.290000e-28  1.080000e-27  9.790000e-27  9.170000e-26  8.860000e-25  
95.016203  5.860000e-38  1.860000e-37  5.860000e-37  1.860000e-36  5.900000e-36  1.890000e-35  5.990000e-35  1.930000e-34  6.350000e-34  2.160000e-33  7.500000e-33  2.820000e-32  1.180000e-31  5.570000e-31  3.120000e-30  2.050000e-29  1.550000e-28  1.290000e-27  1.160000e-26  1.090000e-25  1.050000e-24  
97.252032  7.190000e-38  2.260000e-37  7.210000e-37  2.280000e-36  7.250000e-36  2.300000e-35  7.330000e-35  2.380000e-34  7.740000e-34  2.610000e-33  9.140000e-33  3.430000e-32  1.420000e-31  6.710000e-31  3.750000e-30  2.450000e-29  1.850000e-28  1.540000e-27  1.380000e-26  1.300000e-25  1.250000e-24  
99.540471  8.780000e-38  2.790000e-37  8.800000e-37  2.820000e-36  8.880000e-36  2.810000e-35  8.920000e-35  2.910000e-34  9.480000e-34  3.200000e-33  1.110000e-32  4.160000e-32  1.720000e-31  8.140000e-31  4.500000e-30  2.930000e-29  2.210000e-28  1.830000e-27  1.650000e-26  1.540000e-25  1.480000e-24  
101.882760  1.080000e-37  3.430000e-37  1.080000e-36  3.400000e-36  1.090000e-35  3.460000e-35  1.110000e-34  3.560000e-34  1.170000e-33  3.900000e-33  1.360000e-32  5.070000e-32  2.090000e-31  9.840000e-31  5.440000e-30  3.540000e-29  2.640000e-28  2.190000e-27  1.960000e-26  1.840000e-25  1.760000e-24  
104.280166  1.330000e-37  4.200000e-37  1.340000e-36  4.240000e-36  1.340000e-35  4.270000e-35  1.370000e-34  4.410000e-34  1.430000e-33  4.800000e-33  1.680000e-32  6.240000e-32  2.560000e-31  1.200000e-30  6.630000e-30  4.260000e-29  3.190000e-28  2.640000e-27  2.350000e-26  2.200000e-25  2.120000e-24  
106.733985  1.660000e-37  5.230000e-37  1.670000e-36  5.270000e-36  1.680000e-35  5.320000e-35  1.700000e-34  5.480000e-34  1.800000e-33  5.980000e-33  2.090000e-32  7.730000e-32  3.160000e-31  1.480000e-30  8.090000e-30  5.210000e-29  3.870000e-28  3.200000e-27  2.850000e-26  2.660000e-25  2.560000e-24  
109.245544  2.100000e-37  6.690000e-37  2.110000e-36  6.690000e-36  2.110000e-35  6.720000e-35  2.150000e-34  6.920000e-34  2.270000e-33  7.560000e-33  2.640000e-32  9.750000e-32  3.990000e-31  1.850000e-30  1.010000e-29  6.480000e-29  4.780000e-28  3.950000e-27  3.510000e-26  3.280000e-25  3.150000e-24  
111.816204  2.720000e-37  8.620000e-37  2.730000e-36  8.640000e-36  2.750000e-35  8.700000e-35  2.780000e-34  8.960000e-34  2.910000e-33  9.800000e-33  3.390000e-32  1.260000e-31  5.130000e-31  2.370000e-30  1.290000e-29  8.200000e-29  6.050000e-28  5.000000e-27  4.430000e-26  4.130000e-25  3.980000e-24  
114.447353  3.630000e-37  1.150000e-36  3.660000e-36  1.160000e-35  3.690000e-35  1.170000e-34  3.740000e-34  1.200000e-33  3.910000e-33  1.310000e-32  4.550000e-32  1.680000e-31  6.830000e-31  3.150000e-30  1.700000e-29  1.080000e-28  7.950000e-28  6.550000e-27  5.800000e-26  5.410000e-25  5.200000e-24  
117.140416  5.220000e-37  1.640000e-36  5.200000e-36  1.640000e-35  5.220000e-35  1.660000e-34  5.280000e-34  1.700000e-33  5.560000e-33  1.860000e-32  6.440000e-32  2.380000e-31  9.640000e-31  4.430000e-30  2.390000e-29  1.520000e-28  1.110000e-27  9.140000e-27  8.120000e-26  7.550000e-25  7.240000e-24  
119.896850  8.230000e-37  2.580000e-36  8.190000e-36  2.590000e-35  8.240000e-35  2.620000e-34  8.320000e-34  2.680000e-33  8.750000e-33  2.920000e-32  1.010000e-31  3.740000e-31  1.520000e-30  6.970000e-30  3.760000e-29  2.380000e-28  1.740000e-27  1.430000e-26  1.260000e-25  1.180000e-24  1.130000e-23  
122.718145  1.680000e-36  5.310000e-36  1.680000e-35  5.330000e-35  1.700000e-34  5.360000e-34  1.720000e-33  5.560000e-33  1.810000e-32  5.980000e-32  2.080000e-31  7.700000e-31  3.140000e-30  1.440000e-29  7.750000e-29  4.950000e-28  3.640000e-27  2.970000e-26  2.630000e-25  2.460000e-24  2.350000e-23  
125.605829  3.630000e-33  1.150000e-32  3.610000e-32  1.150000e-31  3.650000e-31  1.160000e-30  3.700000e-30  1.200000e-29  3.900000e-29  1.310000e-28  4.540000e-28  1.690000e-27  6.930000e-27  3.230000e-26  1.770000e-25  1.140000e-24  8.440000e-24  6.980000e-23  6.220000e-22  5.810000e-21  5.590000e-20  
128.561462  7.690000e-33  2.440000e-32  7.740000e-32  2.450000e-31  7.750000e-31  2.480000e-30  7.870000e-30  2.540000e-29  8.260000e-29  2.760000e-28  9.600000e-28  3.530000e-27  1.430000e-26  6.560000e-26  3.550000e-25  2.230000e-24  1.640000e-23  1.340000e-22  1.190000e-21  1.100000e-20  1.060000e-19  
131.586645  9.210000e-33  2.930000e-32  9.250000e-32  2.930000e-31  9.340000e-31  2.950000e-30  9.400000e-30  3.030000e-29  9.890000e-29  3.280000e-28  1.130000e-27  4.140000e-27  1.660000e-26  7.520000e-26  3.970000e-25  2.480000e-24  1.790000e-23  1.450000e-22  1.280000e-21  1.180000e-20  1.130000e-19  
134.683013  9.890000e-33  3.140000e-32  9.880000e-32  3.130000e-31  9.950000e-31  3.150000e-30  1.010000e-29  3.240000e-29  1.050000e-28  3.490000e-28  1.200000e-27  4.350000e-27  1.730000e-26  7.760000e-26  4.030000e-25  2.470000e-24  1.760000e-23  1.410000e-22  1.240000e-21  1.140000e-20  1.090000e-19  
137.852242  1.010000e-32  3.200000e-32  1.000000e-31  3.200000e-31  1.020000e-30  3.220000e-30  1.030000e-29  3.290000e-29  1.070000e-28  3.530000e-28  1.200000e-27  4.370000e-27  1.720000e-26  7.600000e-26  3.890000e-25  2.340000e-24  1.650000e-23  1.310000e-22  1.140000e-21  1.050000e-20  1.000000e-19  
141.096046  9.970000e-33  3.140000e-32  1.010000e-31  3.190000e-31  1.010000e-30  3.200000e-30  1.020000e-29  3.260000e-29  1.060000e-28  3.490000e-28  1.190000e-27  4.280000e-27  1.660000e-26  7.240000e-26  3.670000e-25  2.180000e-24  1.520000e-23  1.190000e-22  1.030000e-21  9.430000e-21  8.960000e-20  
144.416180  9.780000e-33  3.100000e-32  9.780000e-32  3.110000e-31  9.800000e-31  3.110000e-30  9.950000e-30  3.200000e-29  1.030000e-28  3.410000e-28  1.160000e-27  4.130000e-27  1.590000e-26  6.840000e-26  3.410000e-25  2.000000e-24  1.370000e-23  1.070000e-22  9.180000e-22  8.370000e-21  7.930000e-20  
147.814441  9.420000e-33  2.980000e-32  9.440000e-32  2.980000e-31  9.500000e-31  3.010000e-30  9.620000e-30  3.080000e-29  9.980000e-29  3.290000e-28  1.110000e-27  3.920000e-27  1.500000e-26  6.380000e-26  3.150000e-25  1.820000e-24  1.230000e-23  9.510000e-23  8.100000e-22  7.350000e-21  6.950000e-20  
151.292666  9.070000e-33  2.840000e-32  9.060000e-32  2.860000e-31  9.100000e-31  2.900000e-30  9.200000e-30  2.930000e-29  9.530000e-29  3.130000e-28  1.050000e-27  3.710000e-27  1.410000e-26  5.950000e-26  2.890000e-25  1.650000e-24  1.100000e-23  8.410000e-23  7.110000e-22  6.430000e-21  6.060000e-20  
154.852737  8.590000e-33  2.720000e-32  8.630000e-32  2.730000e-31  8.720000e-31  2.750000e-30  8.740000e-30  2.790000e-29  9.010000e-29  2.960000e-28  9.930000e-28  3.510000e-27  1.320000e-26  5.490000e-26  2.650000e-25  1.480000e-24  9.780000e-24  7.400000e-23  6.210000e-22  5.590000e-21  5.250000e-20  
158.496580  8.220000e-33  2.600000e-32  8.200000e-32  2.610000e-31  8.250000e-31  2.620000e-30  8.270000e-30  2.650000e-29  8.590000e-29  2.800000e-28  9.420000e-28  3.290000e-27  1.240000e-26  5.080000e-26  2.410000e-25  1.340000e-24  8.700000e-24  6.510000e-23  5.430000e-22  4.860000e-21  4.550000e-20  
162.226166  7.730000e-33  2.460000e-32  7.760000e-32  2.460000e-31  7.790000e-31  2.470000e-30  7.890000e-30  2.510000e-29  8.130000e-29  2.640000e-28  8.880000e-28  3.070000e-27  1.140000e-26  4.690000e-26  2.180000e-25  1.200000e-24  7.700000e-24  5.710000e-23  4.720000e-22  4.210000e-21  3.930000e-20  
166.043514  7.340000e-33  2.320000e-32  7.310000e-32  2.330000e-31  7.350000e-31  2.330000e-30  7.420000e-30  2.370000e-29  7.610000e-29  2.480000e-28  8.330000e-28  2.880000e-27  1.070000e-26  4.320000e-26  1.990000e-25  1.070000e-24  6.830000e-24  5.010000e-23  4.110000e-22  3.650000e-21  3.400000e-20  
169.950687  6.930000e-33  2.190000e-32  6.900000e-32  2.190000e-31  6.980000e-31  2.200000e-30  6.980000e-30  2.240000e-29  7.210000e-29  2.340000e-28  7.810000e-28  2.700000e-27  9.920000e-27  3.990000e-26  1.820000e-25  9.660000e-25  6.050000e-24  4.400000e-23  3.580000e-22  3.160000e-21  2.930000e-20  
173.949801  6.500000e-33  2.060000e-32  6.520000e-32  2.060000e-31  6.510000e-31  2.060000e-30  6.570000e-30  2.100000e-29  6.750000e-29  2.200000e-28  7.290000e-28  2.520000e-27  9.110000e-27  3.660000e-26  1.650000e-25  8.670000e-25  5.360000e-24  3.850000e-23  3.110000e-22  2.730000e-21  2.530000e-20  
178.043017  6.120000e-33  1.940000e-32  6.150000e-32  1.940000e-31  6.130000e-31  1.940000e-30  6.200000e-30  1.980000e-29  6.360000e-29  2.060000e-28  6.840000e-28  2.340000e-27  8.510000e-27  3.360000e-26  1.500000e-25  7.790000e-25  4.760000e-24  3.380000e-23  2.710000e-22  2.360000e-21  2.180000e-20  
182.232551  5.760000e-33  1.820000e-32  5.780000e-32  1.820000e-31  5.790000e-31  1.830000e-30  5.800000e-30  1.860000e-29  5.940000e-29  1.930000e-28  6.420000e-28  2.180000e-27  7.890000e-27  3.090000e-26  1.370000e-25  7.000000e-25  4.220000e-24  2.960000e-23  2.360000e-22  2.050000e-21  1.880000e-20  
186.520669  5.400000e-33  1.710000e-32  5.420000e-32  1.710000e-31  5.420000e-31  1.730000e-30  5.490000e-30  1.740000e-29  5.620000e-29  1.810000e-28  6.000000e-28  2.040000e-27  7.320000e-27  2.850000e-26  1.240000e-25  6.280000e-25  3.740000e-24  2.600000e-23  2.050000e-22  1.770000e-21  1.620000e-20  
190.909691  5.090000e-33  1.600000e-32  5.100000e-32  1.610000e-31  5.090000e-31  1.610000e-30  5.120000e-30  1.630000e-29  5.250000e-29  1.700000e-28  5.610000e-28  1.900000e-27  6.810000e-27  2.620000e-26  1.130000e-25  5.670000e-25  3.330000e-24  2.290000e-23  1.790000e-22  1.530000e-21  1.400000e-20  
195.401991  4.790000e-33  1.510000e-32  4.780000e-32  1.510000e-31  4.790000e-31  1.520000e-30  4.830000e-30  1.530000e-29  4.930000e-29  1.600000e-28  5.230000e-28  1.770000e-27  6.310000e-27  2.420000e-26  1.040000e-25  5.100000e-25  2.960000e-24  2.010000e-23  1.560000e-22  1.330000e-21  1.210000e-20  
200.000000  4.490000e-33  1.420000e-32  4.510000e-32  1.410000e-31  4.490000e-31  1.430000e-30  4.530000e-30  1.440000e-29  4.630000e-29  1.490000e-28  4.900000e-28  1.650000e-27  5.870000e-27  2.230000e-26  9.420000e-26  4.600000e-25  2.630000e-24  1.770000e-23  1.360000e-22  1.150000e-21  1.040000e-20  
209.622627  3.960000e-33  1.250000e-32  3.940000e-32  1.250000e-31  3.980000e-31  1.260000e-30  3.990000e-30  1.270000e-29  4.080000e-29  1.310000e-28  4.300000e-28  1.440000e-27  5.040000e-27  1.900000e-26  7.880000e-26  3.750000e-25  2.090000e-24  1.370000e-23  1.030000e-22  8.630000e-22  7.750000e-21  
219.708228  3.490000e-33  1.110000e-32  3.490000e-32  1.110000e-31  3.500000e-31  1.110000e-30  3.520000e-30  1.120000e-29  3.570000e-29  1.150000e-28  3.750000e-28  1.260000e-27  4.360000e-27  1.620000e-26  6.610000e-26  3.070000e-25  1.670000e-24  1.070000e-23  7.880000e-23  6.500000e-22  5.780000e-21  
230.279080  3.080000e-33  9.760000e-33  3.080000e-32  9.750000e-32  3.100000e-31  9.760000e-31  3.100000e-30  9.880000e-30  3.140000e-29  1.020000e-28  3.310000e-28  1.100000e-27  3.790000e-27  1.390000e-26  5.550000e-26  2.530000e-25  1.340000e-24  8.340000e-24  6.030000e-23  4.900000e-22  4.310000e-21  
241.358528  2.730000e-33  8.620000e-33  2.730000e-32  8.640000e-32  2.720000e-31  8.630000e-31  2.750000e-30  8.680000e-30  2.780000e-29  8.940000e-29  2.890000e-28  9.600000e-28  3.290000e-27  1.190000e-26  4.690000e-26  2.080000e-25  1.080000e-24  6.550000e-24  4.640000e-23  3.710000e-22  3.230000e-21  
252.971043  2.410000e-33  7.610000e-33  2.410000e-32  7.620000e-32  2.410000e-31  7.650000e-31  2.420000e-30  7.680000e-30  2.450000e-29  7.830000e-29  2.550000e-28  8.390000e-28  2.860000e-27  1.030000e-26  3.980000e-26  1.730000e-25  8.730000e-25  5.180000e-24  3.580000e-23  2.820000e-22  2.430000e-21  
265.142273  2.140000e-33  6.740000e-33  2.130000e-32  6.750000e-32  2.140000e-31  6.760000e-31  2.150000e-30  6.810000e-30  2.170000e-29  6.950000e-29  2.250000e-28  7.380000e-28  2.500000e-27  8.850000e-27  3.390000e-26  1.450000e-25  7.110000e-25  4.110000e-24  2.780000e-23  2.150000e-22  1.830000e-21  
277.899099  1.900000e-33  6.010000e-33  1.890000e-32  6.000000e-32  1.890000e-31  6.010000e-31  1.900000e-30  6.020000e-30  1.920000e-29  6.140000e-29  1.980000e-28  6.490000e-28  2.190000e-27  7.710000e-27  2.900000e-26  1.210000e-25  5.820000e-25  3.280000e-24  2.170000e-23  1.650000e-22  1.380000e-21  
291.269696  1.680000e-33  5.310000e-33  1.680000e-32  5.310000e-32  1.680000e-31  5.330000e-31  1.690000e-30  5.350000e-30  1.700000e-29  5.460000e-29  1.750000e-28  5.740000e-28  1.920000e-27  6.700000e-27  2.490000e-26  1.020000e-25  4.800000e-25  2.630000e-24  1.700000e-23  1.270000e-22  1.050000e-21  
305.283593  1.490000e-33  4.730000e-33  1.500000e-32  4.750000e-32  1.500000e-31  4.720000e-31  1.510000e-30  4.750000e-30  1.510000e-29  4.830000e-29  1.560000e-28  5.060000e-28  1.690000e-27  5.850000e-27  2.150000e-26  8.670000e-26  3.970000e-25  2.130000e-24  1.340000e-23  9.770000e-23  7.980000e-22  
319.971744  1.330000e-33  4.200000e-33  1.330000e-32  4.230000e-32  1.330000e-31  4.220000e-31  1.340000e-30  4.240000e-30  1.350000e-29  4.310000e-29  1.380000e-28  4.490000e-28  1.490000e-27  5.110000e-27  1.860000e-26  7.390000e-26  3.310000e-25  1.730000e-24  1.060000e-23  7.580000e-23  6.100000e-22  
335.366587  1.190000e-33  3.750000e-33  1.190000e-32  3.750000e-32  1.190000e-31  3.750000e-31  1.190000e-30  3.780000e-30  1.200000e-29  3.820000e-29  1.230000e-28  3.990000e-28  1.310000e-27  4.490000e-27  1.610000e-26  6.310000e-26  2.770000e-25  1.410000e-24  8.450000e-24  5.910000e-23  4.680000e-22  
351.502125  1.060000e-33  3.350000e-33  1.060000e-32  3.360000e-32  1.060000e-31  3.360000e-31  1.070000e-30  3.380000e-30  1.070000e-29  3.410000e-29  1.100000e-28  3.530000e-28  1.160000e-27  3.950000e-27  1.410000e-26  5.420000e-26  2.330000e-25  1.160000e-24  6.770000e-24  4.630000e-23  3.600000e-22  
368.413994  9.490000e-34  2.990000e-33  9.470000e-33  3.000000e-32  9.500000e-32  3.000000e-31  9.510000e-31  3.020000e-30  9.560000e-30  3.050000e-29  9.760000e-29  3.150000e-28  1.030000e-27  3.480000e-27  1.230000e-26  4.670000e-26  1.970000e-25  9.540000e-25  5.440000e-24  3.640000e-23  2.780000e-22  
386.139546  8.500000e-34  2.680000e-33  8.500000e-33  2.680000e-32  8.500000e-32  2.690000e-31  8.520000e-31  2.700000e-30  8.560000e-30  2.730000e-29  8.720000e-29  2.810000e-28  9.230000e-28  3.090000e-27  1.080000e-26  4.040000e-26  1.670000e-25  7.910000e-25  4.400000e-24  2.870000e-23  2.160000e-22  
404.717930  7.600000e-34  2.410000e-33  7.600000e-33  2.400000e-32  7.610000e-32  2.420000e-31  7.620000e-31  2.420000e-30  7.670000e-30  2.430000e-29  7.790000e-29  2.510000e-28  8.160000e-28  2.730000e-27  9.480000e-27  3.510000e-26  1.420000e-25  6.590000e-25  3.570000e-24  2.280000e-23  1.680000e-22  
424.190178  6.840000e-34  2.160000e-33  6.840000e-33  2.160000e-32  6.840000e-32  2.160000e-31  6.850000e-31  2.170000e-30  6.870000e-30  2.190000e-29  6.980000e-29  2.240000e-28  7.300000e-28  2.430000e-27  8.360000e-27  3.050000e-26  1.220000e-25  5.520000e-25  2.920000e-24  1.810000e-23  1.310000e-22  
444.599297  6.130000e-34  1.940000e-33  6.130000e-33  1.940000e-32  6.160000e-32  1.940000e-31  6.150000e-31  1.950000e-30  6.170000e-30  1.950000e-29  6.260000e-29  2.010000e-28  6.510000e-28  2.160000e-27  7.380000e-27  2.670000e-26  1.050000e-25  4.650000e-25  2.390000e-24  1.450000e-23  1.030000e-22  
465.990362  5.510000e-34  1.740000e-33  5.520000e-33  1.740000e-32  5.510000e-32  1.740000e-31  5.510000e-31  1.750000e-30  5.540000e-30  1.760000e-29  5.610000e-29  1.800000e-28  5.830000e-28  1.920000e-27  6.530000e-27  2.340000e-26  9.040000e-26  3.920000e-25  1.970000e-24  1.170000e-23  8.050000e-23  
488.410619  4.960000e-34  1.570000e-33  4.960000e-33  1.570000e-32  4.950000e-32  1.570000e-31  4.970000e-31  1.570000e-30  4.990000e-30  1.580000e-29  5.040000e-29  1.610000e-28  5.210000e-28  1.710000e-27  5.800000e-27  2.050000e-26  7.830000e-26  3.330000e-25  1.630000e-24  9.410000e-24  6.360000e-23  
511.909585  4.470000e-34  1.410000e-33  4.460000e-33  1.410000e-32  4.460000e-32  1.410000e-31  4.450000e-31  1.420000e-30  4.480000e-30  1.430000e-29  4.520000e-29  1.450000e-28  4.690000e-28  1.530000e-27  5.150000e-27  1.810000e-26  6.800000e-26  2.830000e-25  1.360000e-24  7.620000e-24  5.030000e-23  
536.539159  4.030000e-34  1.270000e-33  4.020000e-33  1.270000e-32  4.020000e-32  1.280000e-31  4.030000e-31  1.270000e-30  4.050000e-30  1.280000e-29  4.080000e-29  1.300000e-28  4.200000e-28  1.370000e-27  4.590000e-27  1.600000e-26  5.930000e-26  2.430000e-25  1.130000e-24  6.210000e-24  4.000000e-23  
562.353740  3.630000e-34  1.150000e-33  3.640000e-33  1.150000e-32  3.640000e-32  1.150000e-31  3.630000e-31  1.150000e-30  3.630000e-30  1.150000e-29  3.680000e-29  1.170000e-28  3.770000e-28  1.230000e-27  4.080000e-27  1.410000e-26  5.180000e-26  2.080000e-25  9.520000e-25  5.080000e-24  3.200000e-23  
589.410341  3.280000e-34  1.030000e-33  3.280000e-33  1.030000e-32  3.270000e-32  1.040000e-31  3.280000e-31  1.040000e-30  3.280000e-30  1.040000e-29  3.310000e-29  1.060000e-28  3.390000e-28  1.100000e-27  3.650000e-27  1.250000e-26  4.540000e-26  1.800000e-25  8.020000e-25  4.170000e-24  2.560000e-23  
617.768719  2.950000e-34  9.330000e-34  2.950000e-33  9.350000e-33  2.950000e-32  9.340000e-32  2.960000e-31  9.350000e-31  2.950000e-30  9.380000e-30  2.980000e-29  9.500000e-29  3.050000e-28  9.870000e-28  3.270000e-27  1.110000e-26  3.990000e-26  1.550000e-25  6.780000e-25  3.440000e-24  2.060000e-23  
647.491509  2.670000e-34  8.420000e-34  2.670000e-33  8.450000e-33  2.670000e-32  8.440000e-32  2.670000e-31  8.440000e-31  2.680000e-30  8.480000e-30  2.690000e-29  8.580000e-29  2.740000e-28  8.900000e-28  2.930000e-27  9.910000e-27  3.520000e-26  1.350000e-25  5.780000e-25  2.860000e-24  1.670000e-23  
678.644354  2.400000e-34  7.610000e-34  2.410000e-33  7.640000e-33  2.420000e-32  7.610000e-32  2.420000e-31  7.620000e-31  2.420000e-30  7.660000e-30  2.430000e-29  7.750000e-29  2.470000e-28  7.990000e-28  2.630000e-27  8.820000e-27  3.110000e-26  1.170000e-25  4.930000e-25  2.380000e-24  1.350000e-23  
711.296061  2.180000e-34  6.900000e-34  2.180000e-33  6.890000e-33  2.180000e-32  6.900000e-32  2.180000e-31  6.900000e-31  2.180000e-30  6.920000e-30  2.200000e-29  6.970000e-29  2.240000e-28  7.200000e-28  2.350000e-27  7.880000e-27  2.750000e-26  1.030000e-25  4.220000e-25  1.990000e-24  1.100000e-23  
745.518744  1.970000e-34  6.220000e-34  1.970000e-33  6.230000e-33  1.970000e-32  6.240000e-32  1.970000e-31  6.250000e-31  1.980000e-30  6.250000e-30  1.980000e-29  6.300000e-29  2.010000e-28  6.490000e-28  2.110000e-27  7.050000e-27  2.440000e-26  8.990000e-26  3.640000e-25  1.670000e-24  9.020000e-24  
781.387987  1.780000e-34  5.640000e-34  1.780000e-33  5.640000e-33  1.780000e-32  5.640000e-32  1.780000e-31  5.650000e-31  1.790000e-30  5.650000e-30  1.800000e-29  5.700000e-29  1.820000e-28  5.850000e-28  1.900000e-27  6.310000e-27  2.170000e-26  7.890000e-26  3.140000e-25  1.410000e-24  7.410000e-24  
818.983012  1.610000e-34  5.110000e-34  1.610000e-33  5.110000e-33  1.620000e-32  5.100000e-32  1.610000e-31  5.110000e-31  1.620000e-30  5.130000e-30  1.620000e-29  5.160000e-29  1.640000e-28  5.270000e-28  1.710000e-27  5.660000e-27  1.930000e-26  6.960000e-26  2.720000e-25  1.200000e-24  6.130000e-24  
858.386852  1.460000e-34  4.630000e-34  1.470000e-33  4.630000e-33  1.460000e-32  4.630000e-32  1.460000e-31  4.640000e-31  1.460000e-30  4.630000e-30  1.470000e-29  4.680000e-29  1.490000e-28  4.770000e-28  1.540000e-27  5.080000e-27  1.720000e-26  6.140000e-26  2.370000e-25  1.020000e-24  5.080000e-24  
899.686534  1.320000e-34  4.180000e-34  1.330000e-33  4.190000e-33  1.330000e-32  4.190000e-32  1.320000e-31  4.190000e-31  1.320000e-30  4.190000e-30  1.330000e-29  4.230000e-29  1.350000e-28  4.300000e-28  1.390000e-27  4.560000e-27  1.540000e-26  5.430000e-26  2.060000e-25  8.700000e-25  4.230000e-24  
942.973273  1.200000e-34  3.790000e-34  1.200000e-33  3.800000e-33  1.200000e-32  3.790000e-32  1.200000e-31  3.790000e-31  1.200000e-30  3.800000e-30  1.200000e-29  3.830000e-29  1.220000e-28  3.890000e-28  1.260000e-27  4.110000e-27  1.380000e-26  4.820000e-26  1.800000e-25  7.470000e-25  3.550000e-24  
988.342672  1.090000e-34  3.440000e-34  1.090000e-33  3.440000e-33  1.090000e-32  3.440000e-32  1.090000e-31  3.440000e-31  1.090000e-30  3.440000e-30  1.090000e-29  3.470000e-29  1.100000e-28  3.520000e-28  1.130000e-27  3.690000e-27  1.230000e-26  4.280000e-26  1.580000e-25  6.430000e-25  2.980000e-24  
1035.894940  9.850000e-35  3.120000e-34  9.850000e-34  3.130000e-33  9.880000e-33  3.120000e-32  9.880000e-32  3.130000e-31  9.880000e-31  3.130000e-30  9.920000e-30  3.140000e-29  9.990000e-29  3.180000e-28  1.020000e-27  3.330000e-27  1.110000e-26  3.810000e-26  1.390000e-25  5.560000e-25  2.520000e-24  
1085.735090  8.960000e-35  2.830000e-34  8.970000e-34  2.830000e-33  8.960000e-33  2.830000e-32  8.930000e-32  2.830000e-31  8.950000e-31  2.830000e-30  8.990000e-30  2.850000e-29  9.030000e-29  2.890000e-28  9.260000e-28  3.010000e-27  9.940000e-27  3.400000e-26  1.230000e-25  4.820000e-25  2.130000e-24  
1137.973210  8.130000e-35  2.570000e-34  8.120000e-34  2.570000e-33  8.140000e-33  2.560000e-32  8.130000e-32  2.560000e-31  8.130000e-31  2.570000e-30  8.160000e-30  2.580000e-29  8.190000e-29  2.620000e-28  8.370000e-28  2.710000e-27  8.940000e-27  3.040000e-26  1.090000e-25  4.190000e-25  1.820000e-24  
1192.724660  7.350000e-35  2.330000e-34  7.360000e-34  2.330000e-33  7.370000e-33  2.320000e-32  7.370000e-32  2.330000e-31  7.360000e-31  2.330000e-30  7.390000e-30  2.340000e-29  7.430000e-29  2.370000e-28  7.580000e-28  2.450000e-27  8.050000e-27  2.720000e-26  9.610000e-26  3.660000e-25  1.550000e-24  
1250.110390  6.690000e-35  2.110000e-34  6.690000e-34  2.120000e-33  6.690000e-33  2.110000e-32  6.680000e-32  2.120000e-31  6.690000e-31  2.120000e-30  6.700000e-30  2.130000e-29  6.740000e-29  2.140000e-28  6.870000e-28  2.210000e-27  7.250000e-27  2.430000e-26  8.530000e-26  3.200000e-25  1.330000e-24  
1310.257110  6.070000e-35  1.920000e-34  6.060000e-34  1.920000e-33  6.080000e-33  1.920000e-32  6.080000e-32  1.920000e-31  6.070000e-31  1.930000e-30  6.090000e-30  1.930000e-29  6.130000e-29  1.940000e-28  6.210000e-28  2.000000e-27  6.530000e-27  2.180000e-26  7.590000e-26  2.810000e-25  1.150000e-24  
1373.297690  5.500000e-35  1.750000e-34  5.510000e-34  1.740000e-33  5.510000e-33  1.740000e-32  5.510000e-32  1.740000e-31  5.520000e-31  1.740000e-30  5.520000e-30  1.750000e-29  5.550000e-29  1.760000e-28  5.620000e-28  1.810000e-27  5.890000e-27  1.960000e-26  6.750000e-26  2.470000e-25  9.910000e-25  
1439.371350  4.990000e-35  1.580000e-34  5.000000e-34  1.580000e-33  4.990000e-33  1.580000e-32  5.000000e-32  1.580000e-31  4.990000e-31  1.580000e-30  5.000000e-30  1.590000e-29  5.040000e-29  1.600000e-28  5.110000e-28  1.640000e-27  5.320000e-27  1.760000e-26  6.030000e-26  2.180000e-25  8.600000e-25  
1508.624010  4.540000e-35  1.440000e-34  4.550000e-34  1.440000e-33  4.560000e-33  1.440000e-32  4.550000e-32  1.440000e-31  4.550000e-31  1.440000e-30  4.560000e-30  1.440000e-29  4.580000e-29  1.450000e-28  4.630000e-28  1.480000e-27  4.810000e-27  1.590000e-26  5.390000e-26  1.930000e-25  7.490000e-25  
1581.208640  4.130000e-35  1.310000e-34  4.130000e-34  1.300000e-33  4.140000e-33  1.310000e-32  4.120000e-32  1.310000e-31  4.130000e-31  1.310000e-30  4.140000e-30  1.310000e-29  4.150000e-29  1.320000e-28  4.200000e-28  1.350000e-27  4.350000e-27  1.430000e-26  4.830000e-26  1.710000e-25  6.540000e-25  
1657.285550  3.750000e-35  1.190000e-34  3.750000e-34  1.190000e-33  3.750000e-33  1.190000e-32  3.750000e-32  1.190000e-31  3.750000e-31  1.190000e-30  3.750000e-30  1.190000e-29  3.760000e-29  1.200000e-28  3.800000e-28  1.220000e-27  3.930000e-27  1.290000e-26  4.330000e-26  1.520000e-25  5.720000e-25  
1737.022750  3.400000e-35  1.080000e-34  3.410000e-34  1.080000e-33  3.420000e-33  1.080000e-32  3.410000e-32  1.080000e-31  3.410000e-31  1.080000e-30  3.420000e-30  1.080000e-29  3.410000e-29  1.090000e-28  3.460000e-28  1.100000e-27  3.560000e-27  1.160000e-26  3.880000e-26  1.350000e-25  5.030000e-25  
1820.596360  3.100000e-35  9.770000e-35  3.100000e-34  9.800000e-34  3.100000e-33  9.790000e-33  3.100000e-32  9.810000e-32  3.110000e-31  9.820000e-31  3.100000e-30  9.830000e-30  3.110000e-29  9.870000e-29  3.130000e-28  1.000000e-27  3.220000e-27  1.050000e-26  3.490000e-26  1.210000e-25  4.420000e-25  
1908.190950  2.810000e-35  8.910000e-35  2.820000e-34  8.930000e-34  2.820000e-33  8.910000e-33  2.810000e-32  8.910000e-32  2.820000e-31  8.940000e-31  2.820000e-30  8.930000e-30  2.830000e-29  8.970000e-29  2.850000e-28  9.100000e-28  2.920000e-27  9.480000e-27  3.140000e-26  1.080000e-25  3.910000e-25  
2000.000000  2.560000e-35  8.080000e-35  2.560000e-34  8.100000e-34  2.560000e-33  8.120000e-33  2.560000e-32  8.110000e-32  2.570000e-31  8.120000e-31  2.560000e-30  8.110000e-30  2.570000e-29  8.140000e-29  2.590000e-28  8.260000e-28  2.650000e-27  8.580000e-27  2.830000e-26  9.640000e-26  3.460000e-25  
2096.226270  2.320000e-35  7.370000e-35  2.330000e-34  7.370000e-34  2.320000e-33  7.360000e-33  2.320000e-32  7.380000e-32  2.320000e-31  7.370000e-31  2.340000e-30  7.380000e-30  2.340000e-29  7.370000e-29  2.350000e-28  7.490000e-28  2.400000e-27  7.750000e-27  2.550000e-26  8.630000e-26  3.060000e-25  
2197.082280  2.110000e-35  6.710000e-35  2.120000e-34  6.700000e-34  2.120000e-33  6.700000e-33  2.120000e-32  6.690000e-32  2.120000e-31  6.680000e-31  2.130000e-30  6.710000e-30  2.120000e-29  6.740000e-29  2.140000e-28  6.800000e-28  2.180000e-27  7.020000e-27  2.300000e-26  7.750000e-26  2.720000e-25  
2302.790800  1.930000e-35  6.090000e-35  1.930000e-34  6.100000e-34  1.920000e-33  6.070000e-33  1.930000e-32  6.100000e-32  1.930000e-31  6.100000e-31  1.930000e-30  6.110000e-30  1.930000e-29  6.120000e-29  1.940000e-28  6.180000e-28  1.980000e-27  6.360000e-27  2.080000e-26  6.960000e-26  2.430000e-25  
2413.585280  1.750000e-35  5.540000e-35  1.760000e-34  5.540000e-34  1.750000e-33  5.540000e-33  1.760000e-32  5.550000e-32  1.750000e-31  5.560000e-31  1.750000e-30  5.540000e-30  1.760000e-29  5.570000e-29  1.760000e-28  5.620000e-28  1.790000e-27  5.770000e-27  1.880000e-26  6.260000e-26  2.160000e-25  
2529.710430  1.590000e-35  5.030000e-35  1.600000e-34  5.030000e-34  1.600000e-33  5.040000e-33  1.590000e-32  5.050000e-32  1.600000e-31  5.050000e-31  1.600000e-30  5.040000e-30  1.600000e-29  5.050000e-29  1.600000e-28  5.090000e-28  1.630000e-27  5.220000e-27  1.700000e-26  5.630000e-26  1.930000e-25  
2651.422730  1.450000e-35  4.580000e-35  1.450000e-34  4.580000e-34  1.450000e-33  4.600000e-33  1.450000e-32  4.580000e-32  1.450000e-31  4.580000e-31  1.450000e-30  4.600000e-30  1.450000e-29  4.590000e-29  1.460000e-28  4.630000e-28  1.480000e-27  4.740000e-27  1.540000e-26  5.070000e-26  1.730000e-25  
2778.990990  1.320000e-35  4.170000e-35  1.320000e-34  4.170000e-34  1.320000e-33  4.170000e-33  1.320000e-32  4.170000e-32  1.320000e-31  4.180000e-31  1.320000e-30  4.180000e-30  1.320000e-29  4.180000e-29  1.330000e-28  4.210000e-28  1.340000e-27  4.300000e-27  1.390000e-26  4.580000e-26  1.550000e-25  
2912.696950  1.210000e-35  3.800000e-35  1.200000e-34  3.800000e-34  1.200000e-33  3.790000e-33  1.200000e-32  3.800000e-32  1.200000e-31  3.800000e-31  1.200000e-30  3.810000e-30  1.200000e-29  3.810000e-29  1.210000e-28  3.830000e-28  1.220000e-27  3.900000e-27  1.260000e-26  4.130000e-26  1.390000e-25  
3052.835930  1.090000e-35  3.450000e-35  1.100000e-34  3.460000e-34  1.090000e-33  3.460000e-33  1.100000e-32  3.460000e-32  1.090000e-31  3.460000e-31  1.090000e-30  3.460000e-30  1.100000e-29  3.470000e-29  1.100000e-28  3.480000e-28  1.110000e-27  3.540000e-27  1.140000e-26  3.730000e-26  1.250000e-25  
3199.717440  9.940000e-36  3.150000e-35  9.960000e-35  3.140000e-34  9.940000e-34  3.150000e-33  9.940000e-33  3.150000e-32  9.950000e-32  3.140000e-31  9.970000e-31  3.150000e-30  9.910000e-30  3.150000e-29  9.970000e-29  3.170000e-28  1.010000e-27  3.220000e-27  1.040000e-26  3.370000e-26  1.130000e-25  
3353.665870  9.050000e-36  2.870000e-35  9.050000e-35  2.860000e-34  9.060000e-34  2.870000e-33  9.070000e-33  2.860000e-32  9.050000e-32  2.870000e-31  9.080000e-31  2.870000e-30  9.080000e-30  2.870000e-29  9.070000e-29  2.880000e-28  9.170000e-28  2.930000e-27  9.400000e-27  3.060000e-26  1.010000e-25  
3515.021250  8.240000e-36  2.610000e-35  8.230000e-35  2.600000e-34  8.250000e-34  2.620000e-33  8.260000e-33  2.600000e-32  8.270000e-32  2.610000e-31  8.260000e-31  2.610000e-30  8.250000e-30  2.620000e-29  8.280000e-29  2.630000e-28  8.340000e-28  2.660000e-27  8.530000e-27  2.770000e-26  9.140000e-26  
3684.139940  7.530000e-36  2.370000e-35  7.530000e-35  2.380000e-34  7.500000e-34  2.380000e-33  7.530000e-33  2.370000e-32  7.520000e-32  2.370000e-31  7.490000e-31  2.370000e-30  7.520000e-30  2.380000e-29  7.530000e-29  2.390000e-28  7.590000e-28  2.420000e-27  7.740000e-27  2.500000e-26  8.240000e-26  
3861.395460  6.860000e-36  2.160000e-35  6.840000e-35  2.160000e-34  6.830000e-34  2.160000e-33  6.830000e-33  2.160000e-32  6.820000e-32  2.160000e-31  6.840000e-31  2.160000e-30  6.830000e-30  2.160000e-29  6.860000e-29  2.170000e-28  6.900000e-28  2.200000e-27  7.030000e-27  2.270000e-26  7.450000e-26  
4047.179300  6.220000e-36  1.970000e-35  6.240000e-35  1.970000e-34  6.230000e-34  1.960000e-33  6.240000e-33  1.970000e-32  6.250000e-32  1.970000e-31  6.230000e-31  1.970000e-30  6.240000e-30  1.970000e-29  6.250000e-29  1.980000e-28  6.280000e-28  2.000000e-27  6.390000e-27  2.060000e-26  6.740000e-26  
4241.901780  5.660000e-36  1.790000e-35  5.650000e-35  1.800000e-34  5.690000e-34  1.790000e-33  5.670000e-33  1.790000e-32  5.670000e-32  1.790000e-31  5.680000e-31  1.790000e-30  5.680000e-30  1.800000e-29  5.690000e-29  1.800000e-28  5.710000e-28  1.820000e-27  5.800000e-27  1.870000e-26  6.090000e-26  
4445.992970  5.160000e-36  1.630000e-35  5.160000e-35  1.640000e-34  5.150000e-34  1.630000e-33  5.160000e-33  1.630000e-32  5.150000e-32  1.630000e-31  5.170000e-31  1.630000e-30  5.140000e-30  1.640000e-29  5.180000e-29  1.640000e-28  5.200000e-28  1.650000e-27  5.270000e-27  1.690000e-26  5.510000e-26  
4659.903620  4.700000e-36  1.490000e-35  4.690000e-35  1.490000e-34  4.710000e-34  1.490000e-33  4.690000e-33  1.490000e-32  4.720000e-32  1.490000e-31  4.710000e-31  1.490000e-30  4.710000e-30  1.490000e-29  4.720000e-29  1.490000e-28  4.740000e-28  1.500000e-27  4.800000e-27  1.540000e-26  4.990000e-26  
4884.106190  4.290000e-36  1.360000e-35  4.290000e-35  1.360000e-34  4.290000e-34  1.360000e-33  4.280000e-33  1.350000e-32  4.280000e-32  1.360000e-31  4.280000e-31  1.360000e-30  4.280000e-30  1.360000e-29  4.290000e-29  1.360000e-28  4.310000e-28  1.370000e-27  4.360000e-27  1.400000e-26  4.520000e-26  
5119.095850  3.910000e-36  1.230000e-35  3.900000e-35  1.240000e-34  3.900000e-34  1.240000e-33  3.910000e-33  1.230000e-32  3.900000e-32  1.230000e-31  3.900000e-31  1.230000e-30  3.910000e-30  1.230000e-29  3.900000e-29  1.240000e-28  3.930000e-28  1.250000e-27  3.970000e-27  1.270000e-26  4.100000e-26  
5365.391590  3.560000e-36  1.120000e-35  3.560000e-35  1.130000e-34  3.560000e-34  1.120000e-33  3.560000e-33  1.120000e-32  3.550000e-32  1.120000e-31  3.540000e-31  1.120000e-30  3.560000e-30  1.130000e-29  3.560000e-29  1.120000e-28  3.570000e-28  1.130000e-27  3.600000e-27  1.150000e-26  3.720000e-26  
5623.537400  3.240000e-36  1.020000e-35  3.250000e-35  1.020000e-34  3.240000e-34  1.020000e-33  3.230000e-33  1.020000e-32  3.240000e-32  1.030000e-31  3.240000e-31  1.020000e-30  3.240000e-30  1.020000e-29  3.240000e-29  1.030000e-28  3.250000e-28  1.030000e-27  3.280000e-27  1.050000e-26  3.380000e-26  
5894.103410  2.960000e-36  9.350000e-36  2.950000e-35  9.330000e-35  2.960000e-34  9.350000e-34  2.960000e-33  9.350000e-33  2.950000e-32  9.340000e-32  2.950000e-31  9.350000e-31  2.950000e-30  9.350000e-30  2.950000e-29  9.360000e-29  2.960000e-28  9.410000e-28  2.990000e-27  9.540000e-27  3.070000e-26  
6177.687190  2.690000e-36  8.500000e-36  2.690000e-35  8.510000e-35  2.690000e-34  8.500000e-34  2.690000e-33  8.500000e-33  2.680000e-32  8.490000e-32  2.690000e-31  8.510000e-31  2.690000e-30  8.520000e-30  2.690000e-29  8.510000e-29  2.700000e-28  8.560000e-28  2.720000e-27  8.670000e-27  2.780000e-26  
6474.915090  2.450000e-36  7.730000e-36  2.450000e-35  7.740000e-35  2.440000e-34  7.740000e-34  2.440000e-33  7.760000e-33  2.450000e-32  7.750000e-32  2.450000e-31  7.750000e-31  2.450000e-30  7.770000e-30  2.450000e-29  7.760000e-29  2.460000e-28  7.790000e-28  2.480000e-27  7.890000e-27  2.530000e-26  
6786.443540  2.230000e-36  7.060000e-36  2.240000e-35  7.060000e-35  2.240000e-34  7.060000e-34  2.230000e-33  7.060000e-33  2.240000e-32  7.070000e-32  2.240000e-31  7.070000e-31  2.240000e-30  7.060000e-30  2.240000e-29  7.080000e-29  2.240000e-28  7.100000e-28  2.260000e-27  7.180000e-27  2.300000e-26  
7112.960610  2.030000e-36  6.450000e-36  2.030000e-35  6.440000e-35  2.030000e-34  6.420000e-34  2.040000e-33  6.440000e-33  2.040000e-32  6.450000e-32  2.040000e-31  6.450000e-31  2.030000e-30  6.440000e-30  2.040000e-29  6.440000e-29  2.040000e-28  6.470000e-28  2.050000e-27  6.530000e-27  2.090000e-26  
7455.187440  1.850000e-36  5.870000e-36  1.860000e-35  5.870000e-35  1.860000e-34  5.870000e-34  1.860000e-33  5.860000e-33  1.860000e-32  5.880000e-32  1.860000e-31  5.860000e-31  1.850000e-30  5.870000e-30  1.860000e-29  5.880000e-29  1.860000e-28  5.900000e-28  1.870000e-27  5.950000e-27  1.900000e-26  
7813.879870  1.690000e-36  5.330000e-36  1.690000e-35  5.360000e-35  1.690000e-34  5.350000e-34  1.690000e-33  5.340000e-33  1.690000e-32  5.330000e-32  1.690000e-31  5.350000e-31  1.690000e-30  5.360000e-30  1.690000e-29  5.350000e-29  1.690000e-28  5.370000e-28  1.700000e-27  5.410000e-27  1.730000e-26  
8189.830120  1.540000e-36  4.870000e-36  1.540000e-35  4.870000e-35  1.540000e-34  4.870000e-34  1.540000e-33  4.870000e-33  1.540000e-32  4.880000e-32  1.540000e-31  4.870000e-31  1.540000e-30  4.870000e-30  1.540000e-29  4.880000e-29  1.540000e-28  4.890000e-28  1.550000e-27  4.930000e-27  1.570000e-26  
8583.868520  1.410000e-36  4.440000e-36  1.400000e-35  4.440000e-35  1.410000e-34  4.450000e-34  1.400000e-33  4.440000e-33  1.400000e-32  4.440000e-32  1.400000e-31  4.440000e-31  1.400000e-30  4.440000e-30  1.400000e-29  4.450000e-29  1.410000e-28  4.460000e-28  1.410000e-27  4.490000e-27  1.430000e-26  
8996.865340  1.280000e-36  4.050000e-36  1.280000e-35  4.050000e-35  1.280000e-34  4.040000e-34  1.280000e-33  4.040000e-33  1.280000e-32  4.040000e-32  1.280000e-31  4.050000e-31  1.280000e-30  4.050000e-30  1.280000e-29  4.060000e-29  1.280000e-28  4.060000e-28  1.290000e-27  4.090000e-27  1.300000e-26  
9429.732730  1.170000e-36  3.690000e-36  1.170000e-35  3.690000e-35  1.170000e-34  3.680000e-34  1.170000e-33  3.690000e-33  1.170000e-32  3.700000e-32  1.170000e-31  3.680000e-31  1.170000e-30  3.680000e-30  1.170000e-29  3.700000e-29  1.170000e-28  3.700000e-28  1.170000e-27  3.720000e-27  1.180000e-26  
9883.426720  1.070000e-36  3.360000e-36  1.070000e-35  3.360000e-35  1.070000e-34  3.360000e-34  1.060000e-33  3.360000e-33  1.070000e-32  3.370000e-32  1.060000e-31  3.370000e-31  1.060000e-30  3.360000e-30  1.070000e-29  3.380000e-29  1.070000e-28  3.380000e-28  1.070000e-27  3.400000e-27  1.080000e-26  
10358.949400  9.730000e-37  3.070000e-36  9.720000e-36  3.060000e-35  9.700000e-35  3.060000e-34  9.710000e-34  3.080000e-33  9.710000e-33  3.070000e-32  9.720000e-32  3.080000e-31  9.710000e-31  3.070000e-30  9.720000e-30  3.080000e-29  9.730000e-29  3.080000e-28  9.750000e-28  3.090000e-27  9.830000e-27  
10857.350900  8.850000e-37  2.800000e-36  8.870000e-36  2.800000e-35  8.860000e-35  2.800000e-34  8.860000e-34  2.800000e-33  8.860000e-33  2.800000e-32  8.870000e-32  2.800000e-31  8.860000e-31  2.810000e-30  8.850000e-30  2.800000e-29  8.870000e-29  2.800000e-28  8.890000e-28  2.820000e-27  8.960000e-27  
11379.732100  8.070000e-37  2.550000e-36  8.060000e-36  2.550000e-35  8.060000e-35  2.550000e-34  8.070000e-34  2.550000e-33  8.090000e-33  2.550000e-32  8.080000e-32  2.560000e-31  8.080000e-31  2.550000e-30  8.080000e-30  2.550000e-29  8.080000e-29  2.560000e-28  8.100000e-28  2.570000e-27  8.160000e-27  
11927.246600  7.360000e-37  2.320000e-36  7.360000e-36  2.330000e-35  7.370000e-35  2.330000e-34  7.370000e-34  2.330000e-33  7.360000e-33  2.320000e-32  7.360000e-32  2.330000e-31  7.370000e-31  2.330000e-30  7.350000e-30  2.330000e-29  7.370000e-29  2.330000e-28  7.390000e-28  2.340000e-27  7.430000e-27  
12501.103900  6.700000e-37  2.120000e-36  6.710000e-36  2.120000e-35  6.700000e-35  2.120000e-34  6.700000e-34  2.120000e-33  6.720000e-33  2.120000e-32  6.710000e-32  2.130000e-31  6.710000e-31  2.120000e-30  6.720000e-30  2.120000e-29  6.710000e-29  2.130000e-28  6.730000e-28  2.130000e-27  6.770000e-27  
13102.571100  6.120000e-37  1.930000e-36  6.120000e-36  1.940000e-35  6.130000e-35  1.930000e-34  6.120000e-34  1.940000e-33  6.120000e-33  1.930000e-32  6.120000e-32  1.940000e-31  6.110000e-31  1.940000e-30  6.120000e-30  1.940000e-29  6.130000e-29  1.940000e-28  6.140000e-28  1.940000e-27  6.170000e-27  
13732.976900  5.600000e-37  1.770000e-36  5.590000e-36  1.770000e-35  5.590000e-35  1.760000e-34  5.580000e-34  1.770000e-33  5.570000e-33  1.770000e-32  5.590000e-32  1.770000e-31  5.590000e-31  1.770000e-30  5.580000e-30  1.770000e-29  5.590000e-29  1.770000e-28  5.600000e-28  1.770000e-27  5.620000e-27  
14393.713500  5.090000e-37  1.610000e-36  5.070000e-36  1.610000e-35  5.090000e-35  1.610000e-34  5.080000e-34  1.610000e-33  5.080000e-33  1.610000e-32  5.100000e-32  1.610000e-31  5.090000e-31  1.610000e-30  5.090000e-30  1.610000e-29  5.100000e-29  1.610000e-28  5.100000e-28  1.620000e-27  5.130000e-27  
15086.240100  4.640000e-37  1.470000e-36  4.640000e-36  1.470000e-35  4.640000e-35  1.470000e-34  4.640000e-34  1.470000e-33  4.660000e-33  1.460000e-32  4.650000e-32  1.470000e-31  4.640000e-31  1.470000e-30  4.640000e-30  1.470000e-29  4.650000e-29  1.470000e-28  4.660000e-28  1.470000e-27  4.680000e-27  
15812.086400  4.240000e-37  1.340000e-36  4.250000e-36  1.340000e-35  4.230000e-35  1.340000e-34  4.230000e-34  1.340000e-33  4.240000e-33  1.340000e-32  4.240000e-32  1.340000e-31  4.230000e-31  1.340000e-30  4.240000e-30  1.340000e-29  4.240000e-29  1.340000e-28  4.250000e-28  1.340000e-27  4.260000e-27  
16572.855500  3.860000e-37  1.220000e-36  3.870000e-36  1.220000e-35  3.860000e-35  1.220000e-34  3.870000e-34  1.220000e-33  3.870000e-33  1.220000e-32  3.870000e-32  1.220000e-31  3.870000e-31  1.220000e-30  3.870000e-30  1.220000e-29  3.870000e-29  1.220000e-28  3.870000e-28  1.230000e-27  3.890000e-27  
17370.227500  3.530000e-37  1.110000e-36  3.520000e-36  1.120000e-35  3.530000e-35  1.120000e-34  3.530000e-34  1.110000e-33  3.520000e-33  1.120000e-32  3.540000e-32  1.120000e-31  3.530000e-31  1.120000e-30  3.530000e-30  1.120000e-29  3.530000e-29  1.120000e-28  3.530000e-28  1.120000e-27  3.540000e-27  
18205.963600  3.230000e-37  1.020000e-36  3.220000e-36  1.020000e-35  3.210000e-35  1.020000e-34  3.210000e-34  1.020000e-33  3.220000e-33  1.020000e-32  3.220000e-32  1.020000e-31  3.220000e-31  1.020000e-30  3.220000e-30  1.020000e-29  3.220000e-29  1.020000e-28  3.230000e-28  1.020000e-27  3.230000e-27  
19081.909500  2.940000e-37  9.250000e-37  2.940000e-36  9.280000e-36  2.940000e-35  9.280000e-35  2.940000e-34  9.260000e-34  2.930000e-33  9.280000e-33  2.930000e-32  9.280000e-32  2.940000e-31  9.260000e-31  2.930000e-30  9.280000e-30  2.940000e-29  9.280000e-29  2.940000e-28  9.300000e-28  2.940000e-27  
