#RESULTS FOR THE VELOCITY AVERAGED ANNIHILATION CROSS SECTION CALCULATED IN UNITS OF CM^3/S FOR THE SS-->ZZ CHANNEL
#FIRST COLUMN IS THE S MASS IN UNITS OF GeV.
#ALL THE OTHER COLUMNS ARE THE ANNIHILATION CROSS SECTIONS EVALUATED FOR THE FOLLOWING LAMBDA_HS
#lambdahs_vec = np.logspace(-4,1,21)
2.000000  1.000000e-50  1.000000e-50  1.000000e-50  1.000000e-50  1.000000e-50  1.000000e-50  1.000000e-50  1.000000e-50  1.000000e-50  1.000000e-50  1.000000e-50  1.000000e-50  1.000000e-50  1.000000e-50  1.000000e-50  1.000000e-50  1.000000e-50  1.000000e-50  1.000000e-50  1.000000e-50  1.000000e-50  
2.096226  1.000000e-50  1.000000e-50  1.000000e-50  1.000000e-50  1.000000e-50  1.000000e-50  1.000000e-50  1.000000e-50  1.000000e-50  1.000000e-50  1.000000e-50  1.000000e-50  1.000000e-50  1.000000e-50  1.000000e-50  1.000000e-50  1.000000e-50  1.000000e-50  1.000000e-50  1.000000e-50  1.000000e-50  
2.197082  1.000000e-50  1.000000e-50  1.000000e-50  1.000000e-50  1.000000e-50  1.000000e-50  1.000000e-50  1.000000e-50  1.000000e-50  1.000000e-50  1.000000e-50  1.000000e-50  1.000000e-50  1.000000e-50  1.000000e-50  1.000000e-50  1.000000e-50  1.000000e-50  1.000000e-50  1.000000e-50  1.000000e-50  
2.302791  1.000000e-50  1.000000e-50  1.000000e-50  1.000000e-50  1.000000e-50  1.000000e-50  1.000000e-50  1.000000e-50  1.000000e-50  1.000000e-50  1.000000e-50  1.000000e-50  1.000000e-50  1.000000e-50  1.000000e-50  1.000000e-50  1.000000e-50  1.000000e-50  1.000000e-50  1.000000e-50  1.000000e-50  
2.413585  1.000000e-50  1.000000e-50  1.000000e-50  1.000000e-50  1.000000e-50  1.000000e-50  1.000000e-50  1.000000e-50  1.000000e-50  1.000000e-50  1.000000e-50  1.000000e-50  1.000000e-50  1.000000e-50  1.000000e-50  1.000000e-50  1.000000e-50  1.000000e-50  1.000000e-50  1.000000e-50  1.000000e-50  
2.529710  1.000000e-50  1.000000e-50  1.000000e-50  1.000000e-50  1.000000e-50  1.000000e-50  1.000000e-50  1.000000e-50  1.000000e-50  1.000000e-50  1.000000e-50  1.000000e-50  1.000000e-50  1.000000e-50  1.000000e-50  1.000000e-50  1.000000e-50  1.000000e-50  1.000000e-50  1.000000e-50  1.000000e-50  
2.651423  1.000000e-50  1.000000e-50  1.000000e-50  1.000000e-50  1.000000e-50  1.000000e-50  1.000000e-50  1.000000e-50  1.000000e-50  1.000000e-50  1.000000e-50  1.000000e-50  1.000000e-50  1.000000e-50  1.000000e-50  1.000000e-50  1.000000e-50  1.000000e-50  1.000000e-50  1.000000e-50  1.000000e-50  
2.778991  1.000000e-50  1.000000e-50  1.000000e-50  1.000000e-50  1.000000e-50  1.000000e-50  1.000000e-50  1.000000e-50  1.000000e-50  1.000000e-50  1.000000e-50  1.000000e-50  1.000000e-50  1.000000e-50  1.000000e-50  1.000000e-50  1.000000e-50  1.000000e-50  1.000000e-50  1.000000e-50  1.000000e-50  
2.912697  1.000000e-50  1.000000e-50  1.000000e-50  1.000000e-50  1.000000e-50  1.000000e-50  1.000000e-50  1.000000e-50  1.000000e-50  1.000000e-50  1.000000e-50  1.000000e-50  1.000000e-50  1.000000e-50  1.000000e-50  1.000000e-50  1.000000e-50  1.000000e-50  1.000000e-50  1.000000e-50  1.000000e-50  
3.052836  1.000000e-50  1.000000e-50  1.000000e-50  1.000000e-50  1.000000e-50  1.000000e-50  1.000000e-50  1.000000e-50  1.000000e-50  1.000000e-50  1.000000e-50  1.000000e-50  1.000000e-50  1.000000e-50  1.000000e-50  1.000000e-50  1.000000e-50  1.000000e-50  1.000000e-50  1.000000e-50  1.000000e-50  
3.199717  1.000000e-50  1.000000e-50  1.000000e-50  1.000000e-50  1.000000e-50  1.000000e-50  1.000000e-50  1.000000e-50  1.000000e-50  1.000000e-50  1.000000e-50  1.000000e-50  1.000000e-50  1.000000e-50  1.000000e-50  1.000000e-50  1.000000e-50  1.000000e-50  1.000000e-50  1.000000e-50  1.000000e-50  
3.353666  1.000000e-50  1.000000e-50  1.000000e-50  1.000000e-50  1.000000e-50  1.000000e-50  1.000000e-50  1.000000e-50  1.000000e-50  1.000000e-50  1.000000e-50  1.000000e-50  1.000000e-50  1.000000e-50  1.000000e-50  1.000000e-50  1.000000e-50  1.000000e-50  1.000000e-50  1.000000e-50  1.000000e-50  
3.515021  1.000000e-50  1.000000e-50  1.000000e-50  1.000000e-50  1.000000e-50  1.000000e-50  1.000000e-50  1.000000e-50  1.000000e-50  1.000000e-50  1.000000e-50  1.000000e-50  1.000000e-50  1.000000e-50  1.000000e-50  1.000000e-50  1.000000e-50  1.000000e-50  1.000000e-50  1.000000e-50  1.000000e-50  
3.684140  1.000000e-50  1.000000e-50  1.000000e-50  1.000000e-50  1.000000e-50  1.000000e-50  1.000000e-50  1.000000e-50  1.000000e-50  1.000000e-50  1.000000e-50  1.000000e-50  1.000000e-50  1.000000e-50  1.000000e-50  1.000000e-50  1.000000e-50  1.000000e-50  1.000000e-50  1.000000e-50  1.000000e-50  
3.861395  1.000000e-50  1.000000e-50  1.000000e-50  1.000000e-50  1.000000e-50  1.000000e-50  1.000000e-50  1.000000e-50  1.000000e-50  1.000000e-50  1.000000e-50  1.000000e-50  1.000000e-50  1.000000e-50  1.000000e-50  1.000000e-50  1.000000e-50  1.000000e-50  1.000000e-50  1.000000e-50  1.000000e-50  
4.047179  1.000000e-50  1.000000e-50  1.000000e-50  1.000000e-50  1.000000e-50  1.000000e-50  1.000000e-50  1.000000e-50  1.000000e-50  1.000000e-50  1.000000e-50  1.000000e-50  1.000000e-50  1.000000e-50  1.000000e-50  1.000000e-50  1.000000e-50  1.000000e-50  1.000000e-50  1.000000e-50  1.000000e-50  
4.241902  1.000000e-50  1.000000e-50  1.000000e-50  1.000000e-50  1.000000e-50  1.000000e-50  1.000000e-50  1.000000e-50  1.000000e-50  1.000000e-50  1.000000e-50  1.000000e-50  1.000000e-50  1.000000e-50  1.000000e-50  1.000000e-50  1.000000e-50  1.000000e-50  1.000000e-50  1.000000e-50  1.000000e-50  
4.445993  1.000000e-50  1.000000e-50  1.000000e-50  1.000000e-50  1.000000e-50  1.000000e-50  1.000000e-50  1.000000e-50  1.000000e-50  1.000000e-50  1.000000e-50  1.000000e-50  1.000000e-50  1.000000e-50  1.000000e-50  1.000000e-50  1.000000e-50  1.000000e-50  1.000000e-50  1.000000e-50  1.000000e-50  
4.659904  1.000000e-50  1.000000e-50  1.000000e-50  1.000000e-50  1.000000e-50  1.000000e-50  1.000000e-50  1.000000e-50  1.000000e-50  1.000000e-50  1.000000e-50  1.000000e-50  1.000000e-50  1.000000e-50  1.000000e-50  1.000000e-50  1.000000e-50  1.000000e-50  1.000000e-50  1.000000e-50  1.000000e-50  
4.884106  1.000000e-50  1.000000e-50  1.000000e-50  1.000000e-50  1.000000e-50  1.000000e-50  1.000000e-50  1.000000e-50  1.000000e-50  1.000000e-50  1.000000e-50  1.000000e-50  1.000000e-50  1.000000e-50  1.000000e-50  1.000000e-50  1.000000e-50  1.000000e-50  1.000000e-50  1.000000e-50  1.000000e-50  
5.119096  1.000000e-50  1.000000e-50  1.000000e-50  1.000000e-50  1.000000e-50  1.000000e-50  1.000000e-50  1.000000e-50  1.000000e-50  1.000000e-50  1.000000e-50  1.000000e-50  1.000000e-50  1.000000e-50  1.000000e-50  1.000000e-50  1.000000e-50  1.000000e-50  1.000000e-50  1.000000e-50  1.000000e-50  
5.365392  1.000000e-50  1.000000e-50  1.000000e-50  1.000000e-50  1.000000e-50  1.000000e-50  1.000000e-50  1.000000e-50  1.000000e-50  1.000000e-50  1.000000e-50  1.000000e-50  1.000000e-50  1.000000e-50  1.000000e-50  1.000000e-50  1.000000e-50  1.000000e-50  1.000000e-50  1.000000e-50  1.000000e-50  
5.623537  1.000000e-50  1.000000e-50  1.000000e-50  1.000000e-50  1.000000e-50  1.000000e-50  1.000000e-50  1.000000e-50  1.000000e-50  1.000000e-50  1.000000e-50  1.000000e-50  1.000000e-50  1.000000e-50  1.000000e-50  1.000000e-50  1.000000e-50  1.000000e-50  1.000000e-50  1.000000e-50  1.000000e-50  
5.894103  1.000000e-50  1.000000e-50  1.000000e-50  1.000000e-50  1.000000e-50  1.000000e-50  1.000000e-50  1.000000e-50  1.000000e-50  1.000000e-50  1.000000e-50  1.000000e-50  1.000000e-50  1.000000e-50  1.000000e-50  1.000000e-50  1.000000e-50  1.000000e-50  1.000000e-50  1.000000e-50  1.000000e-50  
6.177687  1.000000e-50  1.000000e-50  1.000000e-50  1.000000e-50  1.000000e-50  1.000000e-50  1.000000e-50  1.000000e-50  1.000000e-50  1.000000e-50  1.000000e-50  1.000000e-50  1.000000e-50  1.000000e-50  1.000000e-50  1.000000e-50  1.000000e-50  1.000000e-50  1.000000e-50  1.000000e-50  1.000000e-50  
6.474915  1.000000e-50  1.000000e-50  1.000000e-50  1.000000e-50  1.000000e-50  1.000000e-50  1.000000e-50  1.000000e-50  1.000000e-50  1.000000e-50  1.000000e-50  1.000000e-50  1.000000e-50  1.000000e-50  1.000000e-50  1.000000e-50  1.000000e-50  1.000000e-50  1.000000e-50  1.000000e-50  1.000000e-50  
6.786444  1.000000e-50  1.000000e-50  1.000000e-50  1.000000e-50  1.000000e-50  1.000000e-50  1.000000e-50  1.000000e-50  1.000000e-50  1.000000e-50  1.000000e-50  1.000000e-50  1.000000e-50  1.000000e-50  1.000000e-50  1.000000e-50  1.000000e-50  1.000000e-50  1.000000e-50  1.000000e-50  1.000000e-50  
7.112961  1.000000e-50  1.000000e-50  1.000000e-50  1.000000e-50  1.000000e-50  1.000000e-50  1.000000e-50  1.000000e-50  1.000000e-50  1.000000e-50  1.000000e-50  1.000000e-50  1.000000e-50  1.000000e-50  1.000000e-50  1.000000e-50  1.000000e-50  1.000000e-50  1.000000e-50  1.000000e-50  1.000000e-50  
7.455187  1.000000e-50  1.000000e-50  1.000000e-50  1.000000e-50  1.000000e-50  1.000000e-50  1.000000e-50  1.000000e-50  1.000000e-50  1.000000e-50  1.000000e-50  1.000000e-50  1.000000e-50  1.000000e-50  1.000000e-50  1.000000e-50  1.000000e-50  1.000000e-50  1.000000e-50  1.000000e-50  1.000000e-50  
7.813880  1.000000e-50  1.000000e-50  1.000000e-50  1.000000e-50  1.000000e-50  1.000000e-50  1.000000e-50  1.000000e-50  1.000000e-50  1.000000e-50  1.000000e-50  1.000000e-50  1.000000e-50  1.000000e-50  1.000000e-50  1.000000e-50  1.000000e-50  1.000000e-50  1.000000e-50  1.000000e-50  1.000000e-50  
8.189830  1.000000e-50  1.000000e-50  1.000000e-50  1.000000e-50  1.000000e-50  1.000000e-50  1.000000e-50  1.000000e-50  1.000000e-50  1.000000e-50  1.000000e-50  1.000000e-50  1.000000e-50  1.000000e-50  1.000000e-50  1.000000e-50  1.000000e-50  1.000000e-50  1.000000e-50  1.000000e-50  1.000000e-50  
8.583869  1.000000e-50  1.000000e-50  1.000000e-50  1.000000e-50  1.000000e-50  1.000000e-50  1.000000e-50  1.000000e-50  1.000000e-50  1.000000e-50  1.000000e-50  1.000000e-50  1.000000e-50  1.000000e-50  1.000000e-50  1.000000e-50  1.000000e-50  1.000000e-50  1.000000e-50  1.000000e-50  1.000000e-50  
8.996865  1.000000e-50  1.000000e-50  1.000000e-50  1.000000e-50  1.000000e-50  1.000000e-50  1.000000e-50  1.000000e-50  1.000000e-50  1.000000e-50  1.000000e-50  1.000000e-50  1.000000e-50  1.000000e-50  1.000000e-50  1.000000e-50  1.000000e-50  1.000000e-50  1.000000e-50  1.000000e-50  1.000000e-50  
9.429733  1.000000e-50  1.000000e-50  1.000000e-50  1.000000e-50  1.000000e-50  1.000000e-50  1.000000e-50  1.000000e-50  1.000000e-50  1.000000e-50  1.000000e-50  1.000000e-50  1.000000e-50  1.000000e-50  1.000000e-50  1.000000e-50  1.000000e-50  1.000000e-50  1.000000e-50  1.000000e-50  1.000000e-50  
9.883427  1.000000e-50  1.000000e-50  1.000000e-50  1.000000e-50  1.000000e-50  1.000000e-50  1.000000e-50  1.000000e-50  1.000000e-50  1.000000e-50  1.000000e-50  1.000000e-50  1.000000e-50  1.000000e-50  1.000000e-50  1.000000e-50  1.000000e-50  1.000000e-50  1.000000e-50  1.000000e-50  1.000000e-50  
10.358949  1.000000e-50  1.000000e-50  1.000000e-50  1.000000e-50  1.000000e-50  1.000000e-50  1.000000e-50  1.000000e-50  1.000000e-50  1.000000e-50  1.000000e-50  1.000000e-50  1.000000e-50  1.000000e-50  1.000000e-50  1.000000e-50  1.000000e-50  1.000000e-50  1.000000e-50  1.000000e-50  1.000000e-50  
10.857351  1.000000e-50  1.000000e-50  1.000000e-50  1.000000e-50  1.000000e-50  1.000000e-50  1.000000e-50  1.000000e-50  1.000000e-50  1.000000e-50  1.000000e-50  1.000000e-50  1.000000e-50  1.000000e-50  1.000000e-50  1.000000e-50  1.000000e-50  1.000000e-50  1.000000e-50  1.000000e-50  1.000000e-50  
11.379732  1.000000e-50  1.000000e-50  1.000000e-50  1.000000e-50  1.000000e-50  1.000000e-50  1.000000e-50  1.000000e-50  1.000000e-50  1.000000e-50  1.000000e-50  1.000000e-50  1.000000e-50  1.000000e-50  1.000000e-50  1.000000e-50  1.000000e-50  1.000000e-50  1.000000e-50  1.000000e-50  1.000000e-50  
11.927247  1.000000e-50  1.000000e-50  1.000000e-50  1.000000e-50  1.000000e-50  1.000000e-50  1.000000e-50  1.000000e-50  1.000000e-50  1.000000e-50  1.000000e-50  1.000000e-50  1.000000e-50  1.000000e-50  1.000000e-50  1.000000e-50  1.000000e-50  1.000000e-50  1.000000e-50  1.000000e-50  1.000000e-50  
12.501104  1.000000e-50  1.000000e-50  1.000000e-50  1.000000e-50  1.000000e-50  1.000000e-50  1.000000e-50  1.000000e-50  1.000000e-50  1.000000e-50  1.000000e-50  1.000000e-50  1.000000e-50  1.000000e-50  1.000000e-50  1.000000e-50  1.000000e-50  1.000000e-50  1.000000e-50  1.000000e-50  1.000000e-50  
13.102571  1.000000e-50  1.000000e-50  1.000000e-50  1.000000e-50  1.000000e-50  1.000000e-50  1.000000e-50  1.000000e-50  1.000000e-50  1.000000e-50  1.000000e-50  1.000000e-50  1.000000e-50  1.000000e-50  1.000000e-50  1.000000e-50  1.000000e-50  1.000000e-50  1.000000e-50  1.000000e-50  1.000000e-50  
13.732977  1.000000e-50  1.000000e-50  1.000000e-50  1.000000e-50  1.000000e-50  1.000000e-50  1.000000e-50  1.000000e-50  1.000000e-50  1.000000e-50  1.000000e-50  1.000000e-50  1.000000e-50  1.000000e-50  1.000000e-50  1.000000e-50  1.000000e-50  1.000000e-50  1.000000e-50  1.000000e-50  1.000000e-50  
14.393714  1.000000e-50  1.000000e-50  1.000000e-50  1.000000e-50  1.000000e-50  1.000000e-50  1.000000e-50  1.000000e-50  1.000000e-50  1.000000e-50  1.000000e-50  1.000000e-50  1.000000e-50  1.000000e-50  1.000000e-50  1.000000e-50  1.000000e-50  1.000000e-50  1.000000e-50  1.000000e-50  1.000000e-50  
15.086240  1.000000e-50  1.000000e-50  1.000000e-50  1.000000e-50  1.000000e-50  1.000000e-50  1.000000e-50  1.000000e-50  1.000000e-50  1.000000e-50  1.000000e-50  1.000000e-50  1.000000e-50  1.000000e-50  1.000000e-50  1.000000e-50  1.000000e-50  1.000000e-50  1.000000e-50  1.000000e-50  1.000000e-50  
15.812086  1.000000e-50  1.000000e-50  1.000000e-50  1.000000e-50  1.000000e-50  1.000000e-50  1.000000e-50  1.000000e-50  1.000000e-50  1.000000e-50  1.000000e-50  1.000000e-50  1.000000e-50  1.000000e-50  1.000000e-50  1.000000e-50  1.000000e-50  1.000000e-50  1.000000e-50  1.000000e-50  1.000000e-50  
16.572855  1.000000e-50  1.000000e-50  1.000000e-50  1.000000e-50  1.000000e-50  1.000000e-50  1.000000e-50  1.000000e-50  1.000000e-50  1.000000e-50  1.000000e-50  1.000000e-50  1.000000e-50  1.000000e-50  1.000000e-50  1.000000e-50  1.000000e-50  1.000000e-50  1.000000e-50  1.000000e-50  1.000000e-50  
17.370227  1.000000e-50  1.000000e-50  1.000000e-50  1.000000e-50  1.000000e-50  1.000000e-50  1.000000e-50  1.000000e-50  1.000000e-50  1.000000e-50  1.000000e-50  1.000000e-50  1.000000e-50  1.000000e-50  1.000000e-50  1.000000e-50  1.000000e-50  1.000000e-50  1.000000e-50  1.000000e-50  1.000000e-50  
18.205964  1.000000e-50  1.000000e-50  1.000000e-50  1.000000e-50  1.000000e-50  1.000000e-50  1.000000e-50  1.000000e-50  1.000000e-50  1.000000e-50  1.000000e-50  1.000000e-50  1.000000e-50  1.000000e-50  1.000000e-50  1.000000e-50  1.000000e-50  1.000000e-50  1.000000e-50  1.000000e-50  1.000000e-50  
19.081909  1.000000e-50  1.000000e-50  1.000000e-50  1.000000e-50  1.000000e-50  1.000000e-50  1.000000e-50  1.000000e-50  1.000000e-50  1.000000e-50  1.000000e-50  1.000000e-50  1.000000e-50  1.000000e-50  1.000000e-50  1.000000e-50  1.000000e-50  1.000000e-50  1.000000e-50  1.000000e-50  1.000000e-50  
20.000000  1.000000e-50  1.000000e-50  1.000000e-50  1.000000e-50  1.000000e-50  1.000000e-50  1.000000e-50  1.000000e-50  1.000000e-50  1.000000e-50  1.000000e-50  1.000000e-50  1.000000e-50  1.000000e-50  1.000000e-50  1.000000e-50  1.000000e-50  1.000000e-50  1.000000e-50  1.000000e-50  1.000000e-50  
20.470620  2.960000e-39  9.330000e-39  2.950000e-38  9.330000e-38  2.950000e-37  9.350000e-37  2.950000e-36  9.350000e-36  2.940000e-35  9.330000e-35  2.950000e-34  9.340000e-34  2.950000e-33  9.330000e-33  2.940000e-32  9.330000e-32  2.960000e-31  9.160000e-31  2.540000e-30  3.510000e-30  1.680000e-30  
20.952315  3.450000e-39  1.100000e-38  3.470000e-38  1.090000e-37  3.480000e-37  1.100000e-36  3.480000e-36  1.100000e-35  3.470000e-35  1.100000e-34  3.480000e-34  1.100000e-33  3.490000e-33  1.100000e-32  3.480000e-32  1.100000e-31  3.470000e-31  1.080000e-30  2.980000e-30  4.110000e-30  1.960000e-30  
21.445344  4.090000e-39  1.290000e-38  4.090000e-38  1.290000e-37  4.100000e-37  1.290000e-36  4.070000e-36  1.290000e-35  4.080000e-35  1.290000e-34  4.090000e-34  1.290000e-33  4.080000e-33  1.290000e-32  4.090000e-32  1.300000e-31  4.100000e-31  1.270000e-30  3.510000e-30  4.810000e-30  2.290000e-30  
21.949975  4.810000e-39  1.520000e-38  4.820000e-38  1.520000e-37  4.800000e-37  1.520000e-36  4.820000e-36  1.530000e-35  4.810000e-35  1.520000e-34  4.830000e-34  1.520000e-33  4.810000e-33  1.530000e-32  4.810000e-32  1.520000e-31  4.820000e-31  1.500000e-30  4.110000e-30  5.660000e-30  2.680000e-30  
22.466481  5.700000e-39  1.800000e-38  5.680000e-38  1.800000e-37  5.700000e-37  1.800000e-36  5.700000e-36  1.790000e-35  5.680000e-35  1.790000e-34  5.670000e-34  1.800000e-33  5.670000e-33  1.800000e-32  5.680000e-32  1.800000e-31  5.660000e-31  1.770000e-30  4.870000e-30  6.650000e-30  3.140000e-30  
22.995140  6.710000e-39  2.120000e-38  6.710000e-38  2.120000e-37  6.710000e-37  2.130000e-36  6.690000e-36  2.120000e-35  6.710000e-35  2.120000e-34  6.730000e-34  2.130000e-33  6.690000e-33  2.120000e-32  6.730000e-32  2.110000e-31  6.680000e-31  2.090000e-30  5.730000e-30  7.820000e-30  3.700000e-30  
23.536239  7.970000e-39  2.510000e-38  7.930000e-38  2.510000e-37  7.900000e-37  2.510000e-36  7.920000e-36  2.510000e-35  7.950000e-35  2.510000e-34  7.910000e-34  2.510000e-33  7.940000e-33  2.500000e-32  7.940000e-32  2.510000e-31  7.930000e-31  2.470000e-30  6.770000e-30  9.200000e-30  4.340000e-30  
24.090071  9.390000e-39  2.970000e-38  9.380000e-38  2.970000e-37  9.370000e-37  2.970000e-36  9.350000e-36  2.980000e-35  9.390000e-35  2.970000e-34  9.390000e-34  2.980000e-33  9.350000e-33  2.970000e-32  9.380000e-32  2.980000e-31  9.320000e-31  2.920000e-30  7.970000e-30  1.090000e-29  5.100000e-30  
24.656935  1.120000e-38  3.520000e-38  1.110000e-37  3.520000e-37  1.110000e-36  3.510000e-36  1.110000e-35  3.510000e-35  1.110000e-34  3.510000e-34  1.110000e-33  3.530000e-33  1.110000e-32  3.530000e-32  1.110000e-31  3.520000e-31  1.100000e-30  3.460000e-30  9.450000e-30  1.280000e-29  5.960000e-30  
25.237138  1.320000e-38  4.180000e-38  1.320000e-37  4.170000e-37  1.320000e-36  4.160000e-36  1.310000e-35  4.180000e-35  1.320000e-34  4.180000e-34  1.320000e-33  4.180000e-33  1.320000e-32  4.160000e-32  1.320000e-31  4.150000e-31  1.320000e-30  4.100000e-30  1.120000e-29  1.500000e-29  7.050000e-30  
25.830993  1.570000e-38  4.950000e-38  1.570000e-37  4.950000e-37  1.570000e-36  4.950000e-36  1.570000e-35  4.950000e-35  1.570000e-34  4.960000e-34  1.560000e-33  4.950000e-33  1.560000e-32  4.950000e-32  1.560000e-31  4.930000e-31  1.560000e-30  4.890000e-30  1.340000e-29  1.780000e-29  8.300000e-30  
26.438823  1.860000e-38  5.890000e-38  1.860000e-37  5.910000e-37  1.860000e-36  5.870000e-36  1.870000e-35  5.890000e-35  1.860000e-34  5.870000e-34  1.860000e-33  5.880000e-33  1.860000e-32  5.870000e-32  1.870000e-31  5.910000e-31  1.860000e-30  5.790000e-30  1.590000e-29  2.090000e-29  9.750000e-30  
27.060955  2.220000e-38  7.040000e-38  2.220000e-37  7.030000e-37  2.220000e-36  7.020000e-36  2.210000e-35  7.000000e-35  2.220000e-34  7.010000e-34  2.220000e-33  7.000000e-33  2.220000e-32  7.040000e-32  2.220000e-31  7.020000e-31  2.220000e-30  6.900000e-30  1.880000e-29  2.490000e-29  1.150000e-29  
27.697727  2.650000e-38  8.360000e-38  2.650000e-37  8.360000e-37  2.660000e-36  8.370000e-36  2.660000e-35  8.340000e-35  2.650000e-34  8.390000e-34  2.640000e-33  8.360000e-33  2.650000e-32  8.390000e-32  2.640000e-31  8.370000e-31  2.650000e-30  8.230000e-30  2.230000e-29  2.930000e-29  1.360000e-29  
28.349483  3.160000e-38  1.000000e-37  3.160000e-37  9.980000e-37  3.150000e-36  1.000000e-35  3.170000e-35  1.000000e-34  3.170000e-34  1.000000e-33  3.180000e-33  9.980000e-33  3.170000e-32  1.000000e-31  3.160000e-31  1.000000e-30  3.160000e-30  9.830000e-30  2.670000e-29  3.490000e-29  1.610000e-29  
29.016576  3.800000e-38  1.200000e-37  3.790000e-37  1.200000e-36  3.800000e-36  1.200000e-35  3.800000e-35  1.200000e-34  3.790000e-34  1.200000e-33  3.790000e-33  1.200000e-32  3.800000e-32  1.200000e-31  3.810000e-31  1.200000e-30  3.780000e-30  1.180000e-29  3.200000e-29  4.160000e-29  1.910000e-29  
29.699365  4.570000e-38  1.440000e-37  4.550000e-37  1.440000e-36  4.550000e-36  1.440000e-35  4.560000e-35  1.450000e-34  4.550000e-34  1.440000e-33  4.560000e-33  1.440000e-32  4.560000e-32  1.440000e-31  4.560000e-31  1.440000e-30  4.560000e-30  1.420000e-29  3.840000e-29  4.920000e-29  2.260000e-29  
30.398222  5.480000e-38  1.740000e-37  5.490000e-37  1.730000e-36  5.470000e-36  1.730000e-35  5.490000e-35  1.740000e-34  5.490000e-34  1.730000e-33  5.490000e-33  1.730000e-32  5.500000e-32  1.730000e-31  5.490000e-31  1.740000e-30  5.480000e-30  1.700000e-29  4.590000e-29  5.890000e-29  2.670000e-29  
31.113523  6.620000e-38  2.100000e-37  6.630000e-37  2.100000e-36  6.650000e-36  2.100000e-35  6.610000e-35  2.090000e-34  6.640000e-34  2.090000e-33  6.620000e-33  2.090000e-32  6.630000e-32  2.100000e-31  6.610000e-31  2.090000e-30  6.610000e-30  2.050000e-29  5.550000e-29  7.060000e-29  3.190000e-29  
31.845656  8.000000e-38  2.540000e-37  8.000000e-37  2.530000e-36  8.020000e-36  2.530000e-35  8.000000e-35  2.540000e-34  7.970000e-34  2.530000e-33  8.000000e-33  2.520000e-32  8.010000e-32  2.520000e-31  7.990000e-31  2.540000e-30  7.970000e-30  2.490000e-29  6.680000e-29  8.440000e-29  3.800000e-29  
32.595017  9.710000e-38  3.080000e-37  9.710000e-37  3.080000e-36  9.720000e-36  3.080000e-35  9.710000e-35  3.080000e-34  9.700000e-34  3.070000e-33  9.720000e-33  3.060000e-32  9.730000e-32  3.070000e-31  9.700000e-31  3.070000e-30  9.690000e-30  3.020000e-29  8.090000e-29  1.010000e-28  4.530000e-29  
33.362011  1.180000e-37  3.720000e-37  1.180000e-36  3.740000e-36  1.180000e-35  3.730000e-35  1.180000e-34  3.740000e-34  1.180000e-33  3.740000e-33  1.190000e-32  3.740000e-32  1.190000e-31  3.740000e-31  1.180000e-30  3.740000e-30  1.180000e-29  3.680000e-29  9.780000e-29  1.220000e-28  5.430000e-29  
34.147053  1.450000e-37  4.560000e-37  1.450000e-36  4.580000e-36  1.450000e-35  4.580000e-35  1.440000e-34  4.570000e-34  1.450000e-33  4.560000e-33  1.450000e-32  4.560000e-32  1.450000e-31  4.570000e-31  1.440000e-30  4.580000e-30  1.450000e-29  4.470000e-29  1.190000e-28  1.470000e-28  6.530000e-29  
34.950568  1.770000e-37  5.610000e-37  1.760000e-36  5.610000e-36  1.770000e-35  5.600000e-35  1.770000e-34  5.610000e-34  1.780000e-33  5.590000e-33  1.770000e-32  5.610000e-32  1.770000e-31  5.600000e-31  1.770000e-30  5.610000e-30  1.760000e-29  5.490000e-29  1.460000e-28  1.780000e-28  7.830000e-29  
35.772991  2.170000e-37  6.900000e-37  2.180000e-36  6.920000e-36  2.180000e-35  6.890000e-35  2.180000e-34  6.910000e-34  2.180000e-33  6.920000e-33  2.180000e-32  6.910000e-32  2.180000e-31  6.900000e-31  2.190000e-30  6.890000e-30  2.180000e-29  6.770000e-29  1.790000e-28  2.150000e-28  9.470000e-29  
36.614766  2.700000e-37  8.550000e-37  2.700000e-36  8.550000e-36  2.690000e-35  8.540000e-35  2.700000e-34  8.520000e-34  2.700000e-33  8.470000e-33  2.710000e-32  8.500000e-32  2.690000e-31  8.540000e-31  2.690000e-30  8.500000e-30  2.690000e-29  8.310000e-29  2.200000e-28  2.620000e-28  1.150000e-28  
37.476349  3.360000e-37  1.060000e-36  3.360000e-36  1.060000e-35  3.370000e-35  1.060000e-34  3.370000e-34  1.060000e-33  3.360000e-33  1.060000e-32  3.350000e-32  1.060000e-31  3.350000e-31  1.060000e-30  3.360000e-30  1.060000e-29  3.340000e-29  1.030000e-28  2.730000e-28  3.190000e-28  1.390000e-28  
38.358205  4.190000e-37  1.330000e-36  4.190000e-36  1.330000e-35  4.170000e-35  1.330000e-34  4.190000e-34  1.320000e-33  4.190000e-33  1.320000e-32  4.190000e-32  1.320000e-31  4.180000e-31  1.320000e-30  4.190000e-30  1.330000e-29  4.170000e-29  1.290000e-28  3.400000e-28  3.920000e-28  1.690000e-28  
39.260813  5.280000e-37  1.670000e-36  5.260000e-36  1.670000e-35  5.260000e-35  1.670000e-34  5.270000e-34  1.670000e-33  5.270000e-33  1.670000e-32  5.270000e-32  1.670000e-31  5.270000e-31  1.660000e-30  5.260000e-30  1.660000e-29  5.230000e-29  1.620000e-28  4.230000e-28  4.840000e-28  2.070000e-28  
40.184660  6.670000e-37  2.110000e-36  6.680000e-36  2.110000e-35  6.680000e-35  2.110000e-34  6.670000e-34  2.110000e-33  6.670000e-33  2.110000e-32  6.670000e-32  2.100000e-31  6.650000e-31  2.110000e-30  6.660000e-30  2.110000e-29  6.660000e-29  2.050000e-28  5.330000e-28  5.980000e-28  2.540000e-28  
41.130246  8.510000e-37  2.700000e-36  8.510000e-36  2.690000e-35  8.510000e-35  2.690000e-34  8.490000e-34  2.690000e-33  8.470000e-33  2.690000e-32  8.490000e-32  2.680000e-31  8.480000e-31  2.690000e-30  8.520000e-30  2.690000e-29  8.470000e-29  2.620000e-28  6.740000e-28  7.420000e-28  3.120000e-28  
42.098083  1.090000e-36  3.470000e-36  1.090000e-35  3.460000e-35  1.090000e-34  3.440000e-34  1.090000e-33  3.460000e-33  1.090000e-32  3.460000e-32  1.090000e-31  3.460000e-31  1.090000e-30  3.470000e-30  1.090000e-29  3.450000e-29  1.090000e-28  3.370000e-28  8.570000e-28  9.330000e-28  3.880000e-28  
43.088694  1.420000e-36  4.490000e-36  1.410000e-35  4.500000e-35  1.420000e-34  4.500000e-34  1.420000e-33  4.480000e-33  1.420000e-32  4.480000e-32  1.430000e-31  4.500000e-31  1.420000e-30  4.480000e-30  1.420000e-29  4.490000e-29  1.420000e-28  4.360000e-28  1.110000e-27  1.170000e-27  4.850000e-28  
44.102615  1.870000e-36  5.910000e-36  1.870000e-35  5.880000e-35  1.860000e-34  5.900000e-34  1.870000e-33  5.890000e-33  1.870000e-32  5.880000e-32  1.870000e-31  5.900000e-31  1.860000e-30  5.880000e-30  1.860000e-29  5.900000e-29  1.860000e-28  5.730000e-28  1.430000e-27  1.490000e-27  6.110000e-28  
45.140394  2.470000e-36  7.820000e-36  2.480000e-35  7.870000e-35  2.480000e-34  7.860000e-34  2.490000e-33  7.890000e-33  2.480000e-32  7.840000e-32  2.480000e-31  7.850000e-31  2.480000e-30  7.830000e-30  2.470000e-29  7.820000e-29  2.490000e-28  7.600000e-28  1.890000e-27  1.910000e-27  7.740000e-28  
46.202594  3.340000e-36  1.060000e-35  3.350000e-35  1.060000e-34  3.340000e-34  1.060000e-33  3.350000e-33  1.060000e-32  3.350000e-32  1.060000e-31  3.340000e-31  1.050000e-30  3.360000e-30  1.060000e-29  3.350000e-29  1.060000e-28  3.340000e-28  1.030000e-27  2.520000e-27  2.490000e-27  9.900000e-28  
47.289788  4.590000e-36  1.450000e-35  4.620000e-35  1.460000e-34  4.610000e-34  1.460000e-33  4.600000e-33  1.460000e-32  4.610000e-32  1.450000e-31  4.600000e-31  1.460000e-30  4.600000e-30  1.460000e-29  4.610000e-29  1.460000e-28  4.590000e-28  1.410000e-27  3.410000e-27  3.250000e-27  1.290000e-27  
48.402565  6.510000e-36  2.060000e-35  6.510000e-35  2.060000e-34  6.520000e-34  2.070000e-33  6.530000e-33  2.060000e-32  6.510000e-32  2.060000e-31  6.510000e-31  2.060000e-30  6.510000e-30  2.060000e-29  6.530000e-29  2.060000e-28  6.480000e-28  1.990000e-27  4.720000e-27  4.390000e-27  1.720000e-27  
49.541527  9.540000e-36  3.020000e-35  9.590000e-35  3.020000e-34  9.570000e-34  3.030000e-33  9.580000e-33  3.020000e-32  9.530000e-32  3.020000e-31  9.540000e-31  3.020000e-30  9.540000e-30  3.020000e-29  9.570000e-29  3.030000e-28  9.530000e-28  2.910000e-27  6.830000e-27  6.080000e-27  2.320000e-27  
50.707290  1.480000e-35  4.650000e-35  1.490000e-34  4.670000e-34  1.480000e-33  4.660000e-33  1.470000e-32  4.680000e-32  1.470000e-31  4.680000e-31  1.480000e-30  4.660000e-30  1.480000e-29  4.660000e-29  1.480000e-28  4.670000e-28  1.470000e-27  4.450000e-27  1.030000e-26  8.750000e-27  3.320000e-27  
51.900484  2.420000e-35  7.680000e-35  2.430000e-34  7.670000e-34  2.430000e-33  7.670000e-33  2.420000e-32  7.700000e-32  2.420000e-31  7.660000e-31  2.430000e-30  7.660000e-30  2.430000e-29  7.660000e-29  2.410000e-28  7.670000e-28  2.420000e-27  7.330000e-27  1.640000e-26  1.330000e-26  4.970000e-27  
53.121756  4.270000e-35  1.350000e-34  4.270000e-34  1.350000e-33  4.260000e-33  1.350000e-32  4.270000e-32  1.350000e-31  4.260000e-31  1.350000e-30  4.260000e-30  1.360000e-29  4.270000e-29  1.340000e-28  4.250000e-28  1.350000e-27  4.250000e-27  1.280000e-26  2.790000e-26  2.130000e-26  7.860000e-27  
54.370000  8.020000e-35  2.530000e-34  8.040000e-34  2.530000e-33  8.000000e-33  2.540000e-32  8.020000e-32  2.540000e-31  7.980000e-31  2.540000e-30  8.020000e-30  2.520000e-29  8.000000e-29  2.540000e-28  8.000000e-28  2.530000e-27  7.990000e-27  2.390000e-26  5.000000e-26  3.580000e-26  1.300000e-26  
55.650000  1.620000e-34  5.130000e-34  1.620000e-33  5.110000e-33  1.620000e-32  5.140000e-32  1.620000e-31  5.130000e-31  1.620000e-30  5.130000e-30  1.620000e-29  5.130000e-29  1.620000e-28  5.140000e-28  1.620000e-27  5.130000e-27  1.600000e-26  4.810000e-26  9.450000e-26  6.320000e-26  2.240000e-26  
56.960000  3.570000e-34  1.130000e-33  3.570000e-33  1.130000e-32  3.580000e-32  1.130000e-31  3.560000e-31  1.120000e-30  3.560000e-30  1.130000e-29  3.570000e-29  1.130000e-28  3.580000e-28  1.130000e-27  3.550000e-27  1.130000e-26  3.540000e-26  1.040000e-25  1.910000e-25  1.160000e-25  4.050000e-26  
58.300000  8.920000e-34  2.810000e-33  8.910000e-33  2.820000e-32  8.900000e-32  2.810000e-31  8.910000e-31  2.810000e-30  8.920000e-30  2.810000e-29  8.910000e-29  2.810000e-28  8.910000e-28  2.810000e-27  8.900000e-27  2.810000e-26  8.850000e-26  2.540000e-25  4.170000e-25  2.280000e-25  7.790000e-26  
60.000000  3.880000e-33  1.220000e-32  3.870000e-32  1.230000e-31  3.880000e-31  1.220000e-30  3.860000e-30  1.220000e-29  3.890000e-29  1.220000e-28  3.880000e-28  1.220000e-27  3.860000e-27  1.220000e-26  3.870000e-26  1.220000e-25  3.810000e-25  1.030000e-24  1.340000e-24  6.140000e-25  2.040000e-25  
61.000000  1.370000e-32  4.320000e-32  1.370000e-31  4.310000e-31  1.370000e-30  4.320000e-30  1.370000e-29  4.330000e-29  1.360000e-28  4.320000e-28  1.370000e-27  4.310000e-27  1.360000e-26  4.310000e-26  1.360000e-25  4.300000e-25  1.330000e-24  3.300000e-24  3.320000e-24  1.340000e-24  4.370000e-25  
61.500000  3.450000e-32  1.090000e-31  3.460000e-31  1.090000e-30  3.460000e-30  1.100000e-29  3.450000e-29  1.090000e-28  3.440000e-28  1.090000e-27  3.450000e-27  1.090000e-26  3.450000e-26  1.100000e-25  3.450000e-25  1.090000e-24  3.310000e-24  7.470000e-24  6.120000e-24  2.300000e-24  7.430000e-25  
61.800000  7.540000e-32  2.390000e-31  7.530000e-31  2.390000e-30  7.540000e-30  2.380000e-29  7.580000e-29  2.370000e-28  7.540000e-28  2.380000e-27  7.560000e-27  2.390000e-26  7.560000e-26  2.380000e-25  7.550000e-25  2.360000e-24  7.080000e-24  1.440000e-23  9.880000e-24  3.540000e-24  1.130000e-24  
62.000000  1.550000e-31  4.870000e-31  1.550000e-30  4.900000e-30  1.550000e-29  4.900000e-29  1.540000e-28  4.900000e-28  1.540000e-27  4.880000e-27  1.550000e-26  4.900000e-26  1.550000e-25  4.880000e-25  1.540000e-24  4.840000e-24  1.420000e-23  2.530000e-23  1.510000e-23  5.210000e-24  1.670000e-24  
62.200000  4.490000e-31  1.420000e-30  4.500000e-30  1.420000e-29  4.500000e-29  1.420000e-28  4.490000e-28  1.420000e-27  4.470000e-27  1.420000e-26  4.510000e-26  1.420000e-25  4.480000e-25  1.420000e-24  4.490000e-24  1.400000e-23  3.910000e-23  5.570000e-23  2.740000e-23  9.120000e-24  2.910000e-24  
62.300000  1.040000e-30  3.270000e-30  1.030000e-29  3.260000e-29  1.040000e-28  3.260000e-28  1.030000e-27  3.280000e-27  1.040000e-26  3.270000e-26  1.030000e-25  3.280000e-25  1.030000e-24  3.260000e-24  1.030000e-23  3.200000e-23  8.390000e-23  9.840000e-23  4.270000e-23  1.410000e-23  4.470000e-24  
62.350000  1.870000e-30  5.890000e-30  1.860000e-29  5.870000e-29  1.870000e-28  5.880000e-28  1.850000e-27  5.910000e-27  1.860000e-26  5.880000e-26  1.850000e-25  5.880000e-25  1.850000e-24  5.890000e-24  1.860000e-23  5.700000e-23  1.410000e-22  1.430000e-22  5.820000e-23  1.900000e-23  5.990000e-24  
62.400000  4.240000e-30  1.340000e-29  4.220000e-29  1.340000e-28  4.240000e-28  1.340000e-27  4.230000e-27  1.340000e-26  4.230000e-26  1.340000e-25  4.230000e-25  1.340000e-24  4.240000e-24  1.330000e-23  4.210000e-23  1.280000e-22  2.870000e-22  2.370000e-22  8.980000e-23  2.880000e-23  9.150000e-24  
62.430000  8.660000e-30  2.740000e-29  8.680000e-29  2.750000e-28  8.690000e-28  2.740000e-27  8.680000e-27  2.750000e-26  8.680000e-26  2.750000e-25  8.720000e-25  2.740000e-24  8.670000e-24  2.750000e-23  8.630000e-23  2.560000e-22  5.160000e-22  3.580000e-22  1.290000e-22  4.140000e-23  1.310000e-23  
62.450000  1.720000e-29  5.420000e-29  1.710000e-28  5.390000e-28  1.710000e-27  5.410000e-27  1.710000e-26  5.400000e-26  1.710000e-25  5.400000e-25  1.710000e-24  5.380000e-24  1.720000e-23  5.370000e-23  1.700000e-22  4.910000e-22  8.740000e-22  5.210000e-22  1.830000e-22  5.860000e-23  1.850000e-23  
62.460000  2.680000e-29  8.500000e-29  2.690000e-28  8.490000e-28  2.680000e-27  8.480000e-27  2.660000e-26  8.470000e-26  2.680000e-25  8.460000e-25  2.680000e-24  8.420000e-24  2.670000e-23  8.400000e-23  2.640000e-22  7.500000e-22  1.220000e-21  6.680000e-22  2.290000e-22  7.310000e-23  2.320000e-23  
62.470000  4.770000e-29  1.510000e-28  4.780000e-28  1.500000e-27  4.750000e-27  1.510000e-26  4.790000e-26  1.510000e-25  4.770000e-25  1.510000e-24  4.780000e-24  1.520000e-23  4.760000e-23  1.500000e-22  4.680000e-22  1.290000e-21  1.820000e-21  9.050000e-22  3.070000e-22  9.780000e-23  3.090000e-23  
62.475000  6.840000e-29  2.180000e-28  6.850000e-28  2.170000e-27  6.910000e-27  2.180000e-26  6.880000e-26  2.180000e-25  6.860000e-25  2.180000e-24  6.890000e-24  2.180000e-23  6.840000e-23  2.170000e-22  6.720000e-22  1.790000e-21  2.330000e-21  1.090000e-21  3.680000e-22  1.170000e-22  3.720000e-23  
62.480000  1.080000e-28  3.390000e-28  1.070000e-27  3.400000e-27  1.080000e-26  3.420000e-26  1.080000e-25  3.400000e-25  1.070000e-24  3.400000e-24  1.070000e-23  3.390000e-23  1.070000e-22  3.380000e-22  1.040000e-21  2.670000e-21  3.110000e-21  1.380000e-21  4.620000e-22  1.470000e-22  4.650000e-23  
62.485000  1.910000e-28  6.030000e-28  1.910000e-27  6.030000e-27  1.910000e-26  6.040000e-26  1.910000e-25  6.050000e-25  1.910000e-24  6.040000e-24  1.920000e-23  6.070000e-23  1.910000e-22  5.980000e-22  1.820000e-21  4.390000e-21  4.420000e-21  1.860000e-21  6.140000e-22  1.960000e-22  6.210000e-23  
62.490000  4.300000e-28  1.360000e-27  4.320000e-27  1.360000e-26  4.310000e-26  1.360000e-25  4.300000e-25  1.360000e-24  4.300000e-24  1.360000e-23  4.310000e-23  1.360000e-22  4.290000e-22  1.340000e-21  3.970000e-21  8.500000e-21  7.110000e-21  2.800000e-21  9.270000e-22  2.940000e-22  9.350000e-23  
62.493000  8.700000e-28  2.750000e-27  8.710000e-27  2.750000e-26  8.730000e-26  2.760000e-25  8.750000e-25  2.750000e-24  8.720000e-24  2.750000e-23  8.700000e-23  2.760000e-22  8.650000e-22  2.680000e-21  7.660000e-21  1.460000e-20  1.050000e-20  4.020000e-21  1.320000e-21  4.190000e-22  1.330000e-22  
62.495000  1.680000e-27  5.310000e-27  1.680000e-26  5.300000e-26  1.680000e-25  5.310000e-25  1.680000e-24  5.320000e-24  1.670000e-23  5.320000e-23  1.680000e-22  5.290000e-22  1.660000e-21  5.090000e-21  1.390000e-20  2.330000e-20  1.500000e-20  5.620000e-21  1.840000e-21  5.890000e-22  1.870000e-22  
62.497000  4.370000e-27  1.390000e-26  4.380000e-26  1.380000e-25  4.380000e-25  1.390000e-24  4.380000e-24  1.390000e-23  4.370000e-23  1.380000e-22  4.370000e-22  1.380000e-21  4.250000e-21  1.260000e-20  3.170000e-20  4.380000e-20  2.510000e-20  9.240000e-21  3.060000e-21  9.770000e-22  3.110000e-22  
62.498000  8.770000e-27  2.760000e-26  8.780000e-26  2.760000e-25  8.770000e-25  2.770000e-24  8.750000e-24  2.770000e-23  8.730000e-23  2.760000e-22  8.770000e-22  2.740000e-21  8.410000e-21  2.420000e-20  5.490000e-20  6.670000e-20  3.700000e-20  1.380000e-20  4.580000e-21  1.470000e-21  4.670000e-22  
62.499000  2.170000e-26  6.850000e-26  2.160000e-25  6.850000e-25  2.160000e-24  6.840000e-24  2.170000e-23  6.850000e-23  2.160000e-22  6.860000e-22  2.170000e-21  6.690000e-21  2.000000e-20  5.450000e-20  1.130000e-19  1.240000e-19  7.010000e-20  2.700000e-20  9.090000e-21  2.930000e-21  9.320000e-22  
62.500000  4.130000e-26  1.310000e-25  4.140000e-25  1.300000e-24  4.130000e-24  1.300000e-23  4.120000e-23  1.310000e-22  4.120000e-22  1.300000e-21  4.120000e-21  1.300000e-20  4.130000e-20  1.300000e-19  4.120000e-19  1.310000e-18  4.130000e-18  1.300000e-17  4.130000e-17  1.300000e-16  4.120000e-16  
62.501000  2.080000e-26  6.570000e-26  2.070000e-25  6.540000e-25  2.070000e-24  6.530000e-24  2.070000e-23  6.540000e-23  2.070000e-22  6.540000e-22  2.070000e-21  6.540000e-21  2.070000e-20  6.540000e-20  2.070000e-19  6.560000e-19  2.060000e-18  6.540000e-18  2.070000e-17  6.540000e-17  2.070000e-16  
62.502000  8.440000e-27  2.670000e-26  8.440000e-26  2.670000e-25  8.420000e-25  2.670000e-24  8.450000e-24  2.670000e-23  8.450000e-23  2.670000e-22  8.450000e-22  2.670000e-21  8.420000e-21  2.670000e-20  8.440000e-20  2.670000e-19  8.440000e-19  2.670000e-18  8.450000e-18  2.670000e-17  8.460000e-17  
62.503000  4.270000e-27  1.350000e-26  4.260000e-26  1.350000e-25  4.260000e-25  1.350000e-24  4.260000e-24  1.350000e-23  4.250000e-23  1.350000e-22  4.260000e-22  1.350000e-21  4.280000e-21  1.350000e-20  4.260000e-20  1.350000e-19  4.270000e-19  1.350000e-18  4.260000e-18  1.340000e-17  4.260000e-17  
62.505000  1.660000e-27  5.240000e-27  1.650000e-26  5.230000e-26  1.650000e-25  5.220000e-25  1.650000e-24  5.240000e-24  1.650000e-23  5.230000e-23  1.650000e-22  5.230000e-22  1.660000e-21  5.250000e-21  1.660000e-20  5.230000e-20  1.660000e-19  5.240000e-19  1.650000e-18  5.240000e-18  1.650000e-17  
62.507000  8.670000e-28  2.730000e-27  8.610000e-27  2.730000e-26  8.640000e-26  2.730000e-25  8.640000e-25  2.730000e-24  8.620000e-24  2.730000e-23  8.600000e-23  2.740000e-22  8.620000e-22  2.720000e-21  8.610000e-21  2.730000e-20  8.630000e-20  2.740000e-19  8.600000e-19  2.720000e-18  8.620000e-18  
62.510000  4.290000e-28  1.360000e-27  4.270000e-27  1.350000e-26  4.300000e-26  1.350000e-25  4.270000e-25  1.360000e-24  4.300000e-24  1.360000e-23  4.290000e-23  1.350000e-22  4.280000e-22  1.360000e-21  4.300000e-21  1.350000e-20  4.270000e-20  1.360000e-19  4.260000e-19  1.350000e-18  4.270000e-18  
62.515000  1.910000e-28  6.060000e-28  1.910000e-27  6.070000e-27  1.920000e-26  6.020000e-26  1.910000e-25  6.040000e-25  1.910000e-24  6.060000e-24  1.910000e-23  6.050000e-23  1.920000e-22  6.030000e-22  1.920000e-21  6.030000e-21  1.920000e-20  6.040000e-20  1.920000e-19  6.060000e-19  1.920000e-18  
62.520000  1.080000e-28  3.420000e-28  1.080000e-27  3.420000e-27  1.080000e-26  3.410000e-26  1.080000e-25  3.400000e-25  1.080000e-24  3.390000e-24  1.080000e-23  3.420000e-23  1.080000e-22  3.400000e-22  1.080000e-21  3.420000e-21  1.080000e-20  3.430000e-20  1.080000e-19  3.410000e-19  1.080000e-18  
62.525000  6.950000e-29  2.190000e-28  6.930000e-28  2.190000e-27  6.940000e-27  2.190000e-26  6.930000e-26  2.190000e-25  6.920000e-25  2.180000e-24  6.960000e-24  2.200000e-23  6.930000e-23  2.180000e-22  6.950000e-22  2.200000e-21  6.960000e-21  2.190000e-20  6.940000e-20  2.180000e-19  6.940000e-19  
62.530000  4.810000e-29  1.520000e-28  4.810000e-28  1.520000e-27  4.830000e-27  1.520000e-26  4.810000e-26  1.520000e-25  4.810000e-25  1.520000e-24  4.810000e-24  1.530000e-23  4.830000e-23  1.520000e-22  4.820000e-22  1.520000e-21  4.830000e-21  1.530000e-20  4.830000e-20  1.520000e-19  4.840000e-19  
62.540000  2.720000e-29  8.650000e-29  2.730000e-28  8.610000e-28  2.700000e-27  8.590000e-27  2.710000e-26  8.600000e-26  2.730000e-25  8.560000e-25  2.730000e-24  8.590000e-24  2.720000e-23  8.620000e-23  2.710000e-22  8.550000e-22  2.720000e-21  8.570000e-21  2.710000e-20  8.600000e-20  2.720000e-19  
62.550000  1.750000e-29  5.530000e-29  1.750000e-28  5.500000e-28  1.750000e-27  5.510000e-27  1.760000e-26  5.520000e-26  1.750000e-25  5.540000e-25  1.750000e-24  5.510000e-24  1.750000e-23  5.500000e-23  1.740000e-22  5.520000e-22  1.750000e-21  5.520000e-21  1.750000e-20  5.530000e-20  1.750000e-19  
62.570000  9.000000e-30  2.820000e-29  8.920000e-29  2.840000e-28  8.960000e-28  2.830000e-27  8.960000e-27  2.820000e-26  8.960000e-26  2.830000e-25  8.950000e-25  2.830000e-24  8.950000e-24  2.830000e-23  8.930000e-23  2.830000e-22  8.960000e-22  2.830000e-21  8.930000e-21  2.840000e-20  8.930000e-20  
62.600000  4.400000e-30  1.400000e-29  4.430000e-29  1.400000e-28  4.420000e-28  1.390000e-27  4.420000e-27  1.400000e-26  4.400000e-26  1.400000e-25  4.420000e-25  1.400000e-24  4.410000e-24  1.400000e-23  4.410000e-23  1.400000e-22  4.430000e-22  1.400000e-21  4.420000e-21  1.400000e-20  4.420000e-20  
62.650000  1.990000e-30  6.240000e-30  1.980000e-29  6.260000e-29  1.980000e-28  6.290000e-28  1.990000e-27  6.300000e-27  1.980000e-26  6.280000e-26  1.990000e-25  6.300000e-25  1.980000e-24  6.270000e-24  1.990000e-23  6.270000e-23  1.980000e-22  6.270000e-22  1.990000e-21  6.290000e-21  1.980000e-20  
62.700000  1.130000e-30  3.560000e-30  1.130000e-29  3.560000e-29  1.130000e-28  3.560000e-28  1.130000e-27  3.580000e-27  1.130000e-26  3.580000e-26  1.130000e-25  3.560000e-25  1.130000e-24  3.580000e-24  1.130000e-23  3.570000e-23  1.130000e-22  3.570000e-22  1.130000e-21  3.580000e-21  1.130000e-20  
62.800000  5.120000e-31  1.620000e-30  5.150000e-30  1.620000e-29  5.150000e-29  1.620000e-28  5.130000e-28  1.620000e-27  5.110000e-27  1.630000e-26  5.120000e-26  1.620000e-25  5.140000e-25  1.620000e-24  5.140000e-24  1.620000e-23  5.130000e-23  1.620000e-22  5.140000e-22  1.620000e-21  5.120000e-21  
63.000000  1.930000e-31  6.100000e-31  1.930000e-30  6.100000e-30  1.920000e-29  6.090000e-29  1.930000e-28  6.110000e-28  1.920000e-27  6.080000e-27  1.930000e-26  6.080000e-26  1.930000e-25  6.100000e-25  1.930000e-24  6.070000e-24  1.930000e-23  6.090000e-23  1.930000e-22  6.120000e-22  1.920000e-21  
63.200000  1.030000e-31  3.220000e-31  1.030000e-30  3.240000e-30  1.030000e-29  3.250000e-29  1.030000e-28  3.250000e-28  1.020000e-27  3.240000e-27  1.020000e-26  3.250000e-26  1.030000e-25  3.250000e-25  1.030000e-24  3.260000e-24  1.030000e-23  3.250000e-23  1.030000e-22  3.240000e-22  1.020000e-21  
63.600000  4.520000e-32  1.430000e-31  4.550000e-31  1.430000e-30  4.530000e-30  1.430000e-29  4.520000e-29  1.430000e-28  4.510000e-28  1.430000e-27  4.550000e-27  1.430000e-26  4.540000e-26  1.420000e-25  4.530000e-25  1.440000e-24  4.520000e-24  1.430000e-23  4.530000e-23  1.430000e-22  4.520000e-22  
64.200000  2.140000e-32  6.780000e-32  2.150000e-31  6.790000e-31  2.160000e-30  6.760000e-30  2.140000e-29  6.760000e-29  2.140000e-28  6.770000e-28  2.140000e-27  6.810000e-27  2.150000e-26  6.760000e-26  2.150000e-25  6.800000e-25  2.150000e-24  6.790000e-24  2.150000e-23  6.820000e-23  2.160000e-22  
65.500000  8.910000e-33  2.820000e-32  8.900000e-32  2.830000e-31  8.920000e-31  2.820000e-30  8.900000e-30  2.810000e-29  8.930000e-29  2.820000e-28  8.930000e-28  2.820000e-27  8.930000e-27  2.820000e-26  8.940000e-26  2.830000e-25  8.930000e-25  2.820000e-24  8.930000e-24  2.830000e-23  8.920000e-23  
67.030000  5.230000e-33  1.660000e-32  5.250000e-32  1.660000e-31  5.240000e-31  1.660000e-30  5.230000e-30  1.650000e-29  5.240000e-29  1.650000e-28  5.230000e-28  1.650000e-27  5.220000e-27  1.650000e-26  5.220000e-26  1.660000e-25  5.220000e-25  1.660000e-24  5.230000e-24  1.650000e-23  5.220000e-23  
68.610000  3.810000e-33  1.210000e-32  3.810000e-32  1.200000e-31  3.810000e-31  1.200000e-30  3.810000e-30  1.210000e-29  3.810000e-29  1.200000e-28  3.810000e-28  1.210000e-27  3.800000e-27  1.200000e-26  3.810000e-26  1.210000e-25  3.820000e-25  1.200000e-24  3.820000e-24  1.200000e-23  3.830000e-23  
70.220000  3.140000e-33  9.930000e-33  3.140000e-32  9.890000e-32  3.140000e-31  9.940000e-31  3.120000e-30  9.940000e-30  3.150000e-29  9.930000e-29  3.140000e-28  9.920000e-28  3.120000e-27  9.950000e-27  3.150000e-26  9.980000e-26  3.140000e-25  9.910000e-25  3.160000e-24  9.940000e-24  3.150000e-23  
71.880000  2.790000e-33  8.780000e-33  2.790000e-32  8.840000e-32  2.790000e-31  8.840000e-31  2.790000e-30  8.830000e-30  2.800000e-29  8.810000e-29  2.790000e-28  8.870000e-28  2.780000e-27  8.820000e-27  2.780000e-26  8.800000e-26  2.800000e-25  8.850000e-25  2.780000e-24  8.850000e-24  2.780000e-23  
73.567595  2.620000e-33  8.250000e-33  2.610000e-32  8.290000e-32  2.610000e-31  8.250000e-31  2.610000e-30  8.240000e-30  2.610000e-29  8.240000e-29  2.610000e-28  8.270000e-28  2.610000e-27  8.270000e-27  2.620000e-26  8.300000e-26  2.610000e-25  8.260000e-25  2.630000e-24  8.290000e-24  2.610000e-23  
75.298716  2.550000e-33  8.060000e-33  2.550000e-32  8.030000e-32  2.550000e-31  8.050000e-31  2.550000e-30  8.020000e-30  2.540000e-29  8.050000e-29  2.540000e-28  8.080000e-28  2.530000e-27  8.040000e-27  2.540000e-26  8.040000e-26  2.540000e-25  8.060000e-25  2.540000e-24  8.080000e-24  2.550000e-23  
77.070572  2.570000e-33  8.090000e-33  2.570000e-32  8.070000e-32  2.550000e-31  8.100000e-31  2.560000e-30  8.090000e-30  2.560000e-29  8.120000e-29  2.560000e-28  8.130000e-28  2.580000e-27  8.110000e-27  2.550000e-26  8.090000e-26  2.570000e-25  8.100000e-25  2.560000e-24  8.140000e-24  2.570000e-23  
78.884121  2.670000e-33  8.390000e-33  2.660000e-32  8.370000e-32  2.660000e-31  8.410000e-31  2.660000e-30  8.390000e-30  2.670000e-29  8.400000e-29  2.650000e-28  8.430000e-28  2.660000e-27  8.380000e-27  2.660000e-26  8.390000e-26  2.660000e-25  8.400000e-25  2.660000e-24  8.420000e-24  2.660000e-23  
80.740345  2.850000e-33  8.950000e-33  2.850000e-32  8.980000e-32  2.850000e-31  9.000000e-31  2.840000e-30  8.990000e-30  2.840000e-29  8.980000e-29  2.850000e-28  8.980000e-28  2.840000e-27  8.980000e-27  2.830000e-26  8.970000e-26  2.840000e-25  9.000000e-25  2.840000e-24  8.970000e-24  2.850000e-23  
82.640248  3.170000e-33  9.990000e-33  3.160000e-32  9.970000e-32  3.160000e-31  9.940000e-31  3.160000e-30  9.990000e-30  3.150000e-29  9.920000e-29  3.150000e-28  9.990000e-28  3.160000e-27  9.940000e-27  3.160000e-26  9.960000e-26  3.160000e-25  9.980000e-25  3.150000e-24  9.980000e-24  3.150000e-23  
84.584857  3.650000e-33  1.160000e-32  3.640000e-32  1.150000e-31  3.650000e-31  1.160000e-30  3.660000e-30  1.160000e-29  3.650000e-29  1.160000e-28  3.670000e-28  1.150000e-27  3.640000e-27  1.160000e-26  3.660000e-26  1.160000e-25  3.650000e-25  1.150000e-24  3.650000e-24  1.150000e-23  3.660000e-23  
86.575226  4.540000e-33  1.430000e-32  4.530000e-32  1.440000e-31  4.510000e-31  1.430000e-30  4.510000e-30  1.430000e-29  4.520000e-29  1.430000e-28  4.500000e-28  1.430000e-27  4.500000e-27  1.430000e-26  4.510000e-26  1.430000e-25  4.510000e-25  1.430000e-24  4.530000e-24  1.440000e-23  4.500000e-23  
88.612429  6.390000e-33  2.010000e-32  6.360000e-32  2.020000e-31  6.390000e-31  2.010000e-30  6.380000e-30  2.020000e-29  6.380000e-29  2.030000e-28  6.370000e-28  2.020000e-27  6.380000e-27  2.010000e-26  6.390000e-26  2.020000e-25  6.360000e-25  2.010000e-24  6.400000e-24  2.010000e-23  6.380000e-23  
90.697570  1.230000e-32  3.890000e-32  1.230000e-31  3.900000e-31  1.230000e-30  3.910000e-30  1.230000e-29  3.900000e-29  1.230000e-28  3.890000e-28  1.230000e-27  3.910000e-27  1.230000e-26  3.900000e-26  1.240000e-25  3.900000e-25  1.230000e-24  3.910000e-24  1.230000e-23  3.910000e-23  1.240000e-22  
92.831777  2.620000e-32  8.330000e-32  2.630000e-31  8.300000e-31  2.620000e-30  8.280000e-30  2.620000e-29  8.300000e-29  2.630000e-28  8.290000e-28  2.630000e-27  8.280000e-27  2.630000e-26  8.320000e-26  2.630000e-25  8.290000e-25  2.620000e-24  8.320000e-24  2.620000e-23  8.320000e-23  2.620000e-22  
95.016203  3.420000e-32  1.080000e-31  3.430000e-31  1.090000e-30  3.440000e-30  1.080000e-29  3.440000e-29  1.090000e-28  3.430000e-28  1.080000e-27  3.410000e-27  1.080000e-26  3.440000e-26  1.090000e-25  3.420000e-25  1.080000e-24  3.430000e-24  1.080000e-23  3.430000e-23  1.080000e-22  3.430000e-22  
97.252032  3.760000e-32  1.190000e-31  3.760000e-31  1.190000e-30  3.770000e-30  1.190000e-29  3.770000e-29  1.190000e-28  3.760000e-28  1.190000e-27  3.760000e-27  1.180000e-26  3.740000e-26  1.190000e-25  3.770000e-25  1.190000e-24  3.770000e-24  1.190000e-23  3.770000e-23  1.190000e-22  3.760000e-22  
99.540471  3.880000e-32  1.220000e-31  3.880000e-31  1.220000e-30  3.880000e-30  1.220000e-29  3.870000e-29  1.230000e-28  3.870000e-28  1.220000e-27  3.880000e-27  1.220000e-26  3.850000e-26  1.220000e-25  3.860000e-25  1.220000e-24  3.860000e-24  1.220000e-23  3.850000e-23  1.220000e-22  3.870000e-22  
101.882760  3.850000e-32  1.220000e-31  3.850000e-31  1.220000e-30  3.840000e-30  1.220000e-29  3.850000e-29  1.220000e-28  3.870000e-28  1.220000e-27  3.860000e-27  1.220000e-26  3.840000e-26  1.220000e-25  3.850000e-25  1.220000e-24  3.860000e-24  1.220000e-23  3.860000e-23  1.220000e-22  3.850000e-22  
104.280166  3.770000e-32  1.190000e-31  3.790000e-31  1.200000e-30  3.780000e-30  1.190000e-29  3.770000e-29  1.190000e-28  3.790000e-28  1.190000e-27  3.780000e-27  1.200000e-26  3.780000e-26  1.190000e-25  3.790000e-25  1.190000e-24  3.790000e-24  1.190000e-23  3.780000e-23  1.190000e-22  3.770000e-22  
106.733985  3.660000e-32  1.160000e-31  3.670000e-31  1.160000e-30  3.670000e-30  1.160000e-29  3.670000e-29  1.170000e-28  3.660000e-28  1.160000e-27  3.660000e-27  1.160000e-26  3.680000e-26  1.160000e-25  3.670000e-25  1.160000e-24  3.670000e-24  1.160000e-23  3.680000e-23  1.160000e-22  3.680000e-22  
109.245544  3.540000e-32  1.120000e-31  3.550000e-31  1.120000e-30  3.540000e-30  1.120000e-29  3.540000e-29  1.120000e-28  3.550000e-28  1.120000e-27  3.520000e-27  1.120000e-26  3.550000e-26  1.120000e-25  3.540000e-25  1.120000e-24  3.540000e-24  1.120000e-23  3.540000e-23  1.120000e-22  3.540000e-22  
111.816204  3.410000e-32  1.080000e-31  3.400000e-31  1.080000e-30  3.400000e-30  1.080000e-29  3.400000e-29  1.070000e-28  3.400000e-28  1.070000e-27  3.420000e-27  1.080000e-26  3.410000e-26  1.080000e-25  3.400000e-25  1.080000e-24  3.410000e-24  1.080000e-23  3.400000e-23  1.080000e-22  3.420000e-22  
114.447353  3.260000e-32  1.030000e-31  3.270000e-31  1.030000e-30  3.270000e-30  1.040000e-29  3.270000e-29  1.030000e-28  3.270000e-28  1.040000e-27  3.270000e-27  1.040000e-26  3.260000e-26  1.030000e-25  3.270000e-25  1.030000e-24  3.280000e-24  1.030000e-23  3.280000e-23  1.040000e-22  3.260000e-22  
117.140416  3.130000e-32  9.910000e-32  3.140000e-31  9.910000e-31  3.140000e-30  9.880000e-30  3.140000e-29  9.930000e-29  3.140000e-28  9.900000e-28  3.140000e-27  9.920000e-27  3.130000e-26  9.900000e-26  3.130000e-25  9.920000e-25  3.140000e-24  9.970000e-24  3.140000e-23  9.870000e-23  3.130000e-22  
119.896850  3.000000e-32  9.480000e-32  3.010000e-31  9.490000e-31  3.000000e-30  9.490000e-30  3.000000e-29  9.510000e-29  3.000000e-28  9.480000e-28  3.000000e-27  9.480000e-27  3.000000e-26  9.490000e-26  3.000000e-25  9.520000e-25  3.010000e-24  9.500000e-24  3.010000e-23  9.490000e-23  3.010000e-22  
122.718145  2.890000e-32  9.120000e-32  2.880000e-31  9.080000e-31  2.870000e-30  9.050000e-30  2.890000e-29  9.100000e-29  2.880000e-28  9.120000e-28  2.870000e-27  9.090000e-27  2.880000e-26  9.080000e-26  2.860000e-25  9.120000e-25  2.860000e-24  9.100000e-24  2.860000e-23  9.090000e-23  2.890000e-22  
125.605829  2.750000e-32  8.720000e-32  2.750000e-31  8.720000e-31  2.760000e-30  8.740000e-30  2.750000e-29  8.710000e-29  2.770000e-28  8.710000e-28  2.760000e-27  8.710000e-27  2.760000e-26  8.710000e-26  2.760000e-25  8.700000e-25  2.760000e-24  8.710000e-24  2.750000e-23  8.700000e-23  2.760000e-22  
128.561462  2.650000e-32  8.340000e-32  2.640000e-31  8.340000e-31  2.640000e-30  8.350000e-30  2.640000e-29  8.360000e-29  2.640000e-28  8.300000e-28  2.640000e-27  8.350000e-27  2.640000e-26  8.360000e-26  2.640000e-25  8.320000e-25  2.640000e-24  8.350000e-24  2.630000e-23  8.330000e-23  2.650000e-22  
131.586645  2.540000e-32  8.020000e-32  2.540000e-31  8.000000e-31  2.530000e-30  7.990000e-30  2.540000e-29  8.010000e-29  2.540000e-28  8.040000e-28  2.550000e-27  8.020000e-27  2.530000e-26  8.020000e-26  2.530000e-25  7.980000e-25  2.530000e-24  8.020000e-24  2.530000e-23  7.980000e-23  2.540000e-22  
134.683013  2.430000e-32  7.680000e-32  2.420000e-31  7.680000e-31  2.440000e-30  7.680000e-30  2.420000e-29  7.660000e-29  2.420000e-28  7.670000e-28  2.420000e-27  7.680000e-27  2.430000e-26  7.700000e-26  2.430000e-25  7.680000e-25  2.440000e-24  7.690000e-24  2.420000e-23  7.670000e-23  2.420000e-22  
137.852242  2.330000e-32  7.350000e-32  2.330000e-31  7.350000e-31  2.320000e-30  7.330000e-30  2.320000e-29  7.370000e-29  2.330000e-28  7.370000e-28  2.320000e-27  7.330000e-27  2.320000e-26  7.350000e-26  2.320000e-25  7.360000e-25  2.330000e-24  7.380000e-24  2.330000e-23  7.390000e-23  2.330000e-22  
141.096046  2.240000e-32  7.040000e-32  2.230000e-31  7.060000e-31  2.230000e-30  7.080000e-30  2.220000e-29  7.070000e-29  2.240000e-28  7.060000e-28  2.240000e-27  7.050000e-27  2.230000e-26  7.040000e-26  2.220000e-25  7.050000e-25  2.240000e-24  7.030000e-24  2.230000e-23  7.070000e-23  2.240000e-22  
144.416180  2.140000e-32  6.760000e-32  2.140000e-31  6.750000e-31  2.140000e-30  6.750000e-30  2.140000e-29  6.750000e-29  2.140000e-28  6.780000e-28  2.130000e-27  6.760000e-27  2.140000e-26  6.760000e-26  2.140000e-25  6.760000e-25  2.140000e-24  6.780000e-24  2.130000e-23  6.770000e-23  2.150000e-22  
147.814441  2.050000e-32  6.500000e-32  2.050000e-31  6.510000e-31  2.050000e-30  6.500000e-30  2.050000e-29  6.480000e-29  2.040000e-28  6.480000e-28  2.050000e-27  6.490000e-27  2.060000e-26  6.470000e-26  2.050000e-25  6.470000e-25  2.050000e-24  6.510000e-24  2.050000e-23  6.500000e-23  2.060000e-22  
151.292666  1.960000e-32  6.220000e-32  1.970000e-31  6.220000e-31  1.980000e-30  6.220000e-30  1.970000e-29  6.190000e-29  1.970000e-28  6.220000e-28  1.970000e-27  6.230000e-27  1.970000e-26  6.200000e-26  1.970000e-25  6.220000e-25  1.970000e-24  6.230000e-24  1.970000e-23  6.230000e-23  1.970000e-22  
154.852737  1.890000e-32  5.970000e-32  1.890000e-31  5.970000e-31  1.890000e-30  5.970000e-30  1.890000e-29  5.950000e-29  1.890000e-28  5.950000e-28  1.880000e-27  5.980000e-27  1.890000e-26  5.960000e-26  1.890000e-25  5.980000e-25  1.890000e-24  5.980000e-24  1.880000e-23  5.950000e-23  1.890000e-22  
158.496580  1.810000e-32  5.740000e-32  1.820000e-31  5.720000e-31  1.810000e-30  5.730000e-30  1.810000e-29  5.740000e-29  1.810000e-28  5.730000e-28  1.810000e-27  5.740000e-27  1.810000e-26  5.730000e-26  1.810000e-25  5.720000e-25  1.820000e-24  5.720000e-24  1.810000e-23  5.720000e-23  1.800000e-22  
162.226166  1.730000e-32  5.480000e-32  1.740000e-31  5.500000e-31  1.740000e-30  5.480000e-30  1.730000e-29  5.490000e-29  1.740000e-28  5.500000e-28  1.740000e-27  5.500000e-27  1.740000e-26  5.510000e-26  1.740000e-25  5.510000e-25  1.740000e-24  5.500000e-24  1.740000e-23  5.510000e-23  1.730000e-22  
166.043514  1.670000e-32  5.280000e-32  1.670000e-31  5.280000e-31  1.670000e-30  5.250000e-30  1.660000e-29  5.270000e-29  1.670000e-28  5.270000e-28  1.660000e-27  5.270000e-27  1.670000e-26  5.250000e-26  1.670000e-25  5.260000e-25  1.670000e-24  5.280000e-24  1.670000e-23  5.260000e-23  1.670000e-22  
169.950687  1.600000e-32  5.060000e-32  1.600000e-31  5.070000e-31  1.600000e-30  5.050000e-30  1.590000e-29  5.060000e-29  1.600000e-28  5.060000e-28  1.600000e-27  5.060000e-27  1.600000e-26  5.040000e-26  1.590000e-25  5.050000e-25  1.610000e-24  5.060000e-24  1.600000e-23  5.050000e-23  1.590000e-22  
173.949801  1.530000e-32  4.840000e-32  1.540000e-31  4.860000e-31  1.530000e-30  4.840000e-30  1.530000e-29  4.850000e-29  1.540000e-28  4.840000e-28  1.530000e-27  4.840000e-27  1.530000e-26  4.850000e-26  1.530000e-25  4.830000e-25  1.540000e-24  4.860000e-24  1.530000e-23  4.850000e-23  1.540000e-22  
178.043017  1.470000e-32  4.670000e-32  1.470000e-31  4.650000e-31  1.470000e-30  4.650000e-30  1.470000e-29  4.650000e-29  1.470000e-28  4.640000e-28  1.470000e-27  4.640000e-27  1.470000e-26  4.670000e-26  1.470000e-25  4.640000e-25  1.470000e-24  4.640000e-24  1.470000e-23  4.660000e-23  1.470000e-22  
182.232551  1.410000e-32  4.460000e-32  1.410000e-31  4.460000e-31  1.410000e-30  4.460000e-30  1.410000e-29  4.450000e-29  1.420000e-28  4.450000e-28  1.410000e-27  4.460000e-27  1.410000e-26  4.460000e-26  1.410000e-25  4.460000e-25  1.410000e-24  4.450000e-24  1.410000e-23  4.460000e-23  1.410000e-22  
186.520669  1.350000e-32  4.280000e-32  1.350000e-31  4.280000e-31  1.350000e-30  4.270000e-30  1.360000e-29  4.280000e-29  1.350000e-28  4.280000e-28  1.360000e-27  4.270000e-27  1.350000e-26  4.280000e-26  1.350000e-25  4.280000e-25  1.360000e-24  4.290000e-24  1.360000e-23  4.270000e-23  1.350000e-22  
190.909691  1.300000e-32  4.090000e-32  1.300000e-31  4.110000e-31  1.300000e-30  4.100000e-30  1.300000e-29  4.100000e-29  1.300000e-28  4.100000e-28  1.300000e-27  4.110000e-27  1.300000e-26  4.100000e-26  1.300000e-25  4.100000e-25  1.300000e-24  4.110000e-24  1.300000e-23  4.100000e-23  1.300000e-22  
195.401991  1.240000e-32  3.930000e-32  1.240000e-31  3.930000e-31  1.240000e-30  3.940000e-30  1.240000e-29  3.920000e-29  1.250000e-28  3.940000e-28  1.250000e-27  3.920000e-27  1.240000e-26  3.950000e-26  1.240000e-25  3.930000e-25  1.240000e-24  3.930000e-24  1.240000e-23  3.930000e-23  1.240000e-22  
200.000000  1.190000e-32  3.780000e-32  1.190000e-31  3.780000e-31  1.200000e-30  3.770000e-30  1.190000e-29  3.770000e-29  1.190000e-28  3.770000e-28  1.190000e-27  3.770000e-27  1.190000e-26  3.770000e-26  1.190000e-25  3.770000e-25  1.190000e-24  3.770000e-24  1.190000e-23  3.760000e-23  1.200000e-22  
209.622627  1.090000e-32  3.450000e-32  1.090000e-31  3.460000e-31  1.100000e-30  3.460000e-30  1.090000e-29  3.480000e-29  1.100000e-28  3.470000e-28  1.100000e-27  3.460000e-27  1.090000e-26  3.470000e-26  1.090000e-25  3.470000e-25  1.090000e-24  3.460000e-24  1.090000e-23  3.470000e-23  1.090000e-22  
219.708228  1.000000e-32  3.170000e-32  1.010000e-31  3.190000e-31  1.010000e-30  3.170000e-30  1.000000e-29  3.180000e-29  1.000000e-28  3.170000e-28  1.010000e-27  3.180000e-27  1.010000e-26  3.170000e-26  1.000000e-25  3.190000e-25  1.010000e-24  3.180000e-24  1.010000e-23  3.180000e-23  1.000000e-22  
230.279080  9.220000e-33  2.910000e-32  9.220000e-32  2.910000e-31  9.220000e-31  2.910000e-30  9.210000e-30  2.920000e-29  9.230000e-29  2.910000e-28  9.250000e-28  2.900000e-27  9.210000e-27  2.920000e-26  9.210000e-26  2.910000e-25  9.220000e-25  2.920000e-24  9.220000e-24  2.900000e-23  9.200000e-23  
241.358528  8.470000e-33  2.680000e-32  8.460000e-32  2.670000e-31  8.460000e-31  2.680000e-30  8.440000e-30  2.670000e-29  8.430000e-29  2.670000e-28  8.450000e-28  2.670000e-27  8.440000e-27  2.660000e-26  8.440000e-26  2.680000e-25  8.460000e-25  2.670000e-24  8.440000e-24  2.660000e-23  8.450000e-23  
252.971043  7.730000e-33  2.450000e-32  7.750000e-32  2.450000e-31  7.750000e-31  2.440000e-30  7.760000e-30  2.440000e-29  7.730000e-29  2.450000e-28  7.730000e-28  2.450000e-27  7.760000e-27  2.450000e-26  7.740000e-26  2.450000e-25  7.750000e-25  2.450000e-24  7.740000e-24  2.440000e-23  7.740000e-23  
265.142273  7.090000e-33  2.240000e-32  7.090000e-32  2.240000e-31  7.090000e-31  2.240000e-30  7.110000e-30  2.240000e-29  7.100000e-29  2.240000e-28  7.110000e-28  2.250000e-27  7.100000e-27  2.240000e-26  7.100000e-26  2.250000e-25  7.080000e-25  2.240000e-24  7.080000e-24  2.240000e-23  7.080000e-23  
277.899099  6.500000e-33  2.050000e-32  6.480000e-32  2.050000e-31  6.500000e-31  2.050000e-30  6.490000e-30  2.050000e-29  6.480000e-29  2.060000e-28  6.480000e-28  2.050000e-27  6.500000e-27  2.050000e-26  6.490000e-26  2.050000e-25  6.490000e-25  2.050000e-24  6.480000e-24  2.060000e-23  6.490000e-23  
291.269696  5.940000e-33  1.880000e-32  5.940000e-32  1.880000e-31  5.940000e-31  1.880000e-30  5.940000e-30  1.880000e-29  5.930000e-29  1.880000e-28  5.930000e-28  1.880000e-27  5.920000e-27  1.880000e-26  5.950000e-26  1.880000e-25  5.940000e-25  1.880000e-24  5.930000e-24  1.880000e-23  5.940000e-23  
305.283593  5.420000e-33  1.710000e-32  5.420000e-32  1.720000e-31  5.420000e-31  1.720000e-30  5.440000e-30  1.720000e-29  5.440000e-29  1.720000e-28  5.420000e-28  1.720000e-27  5.420000e-27  1.720000e-26  5.430000e-26  1.720000e-25  5.420000e-25  1.720000e-24  5.430000e-24  1.720000e-23  5.440000e-23  
319.971744  4.970000e-33  1.570000e-32  4.970000e-32  1.570000e-31  4.970000e-31  1.570000e-30  4.970000e-30  1.570000e-29  4.970000e-29  1.570000e-28  4.980000e-28  1.570000e-27  4.970000e-27  1.570000e-26  4.960000e-26  1.580000e-25  4.960000e-25  1.570000e-24  4.970000e-24  1.570000e-23  4.980000e-23  
335.366587  4.550000e-33  1.430000e-32  4.540000e-32  1.440000e-31  4.540000e-31  1.430000e-30  4.540000e-30  1.440000e-29  4.540000e-29  1.440000e-28  4.540000e-28  1.440000e-27  4.550000e-27  1.440000e-26  4.540000e-26  1.440000e-25  4.540000e-25  1.440000e-24  4.540000e-24  1.440000e-23  4.540000e-23  
351.502125  4.150000e-33  1.310000e-32  4.130000e-32  1.310000e-31  4.140000e-31  1.310000e-30  4.160000e-30  1.310000e-29  4.140000e-29  1.310000e-28  4.160000e-28  1.310000e-27  4.150000e-27  1.310000e-26  4.150000e-26  1.310000e-25  4.150000e-25  1.310000e-24  4.150000e-24  1.310000e-23  4.150000e-23  
368.413994  3.800000e-33  1.200000e-32  3.790000e-32  1.190000e-31  3.790000e-31  1.200000e-30  3.790000e-30  1.200000e-29  3.790000e-29  1.200000e-28  3.790000e-28  1.200000e-27  3.790000e-27  1.190000e-26  3.790000e-26  1.200000e-25  3.790000e-25  1.200000e-24  3.790000e-24  1.200000e-23  3.780000e-23  
386.139546  3.460000e-33  1.090000e-32  3.470000e-32  1.090000e-31  3.460000e-31  1.090000e-30  3.470000e-30  1.090000e-29  3.460000e-29  1.090000e-28  3.460000e-28  1.090000e-27  3.450000e-27  1.090000e-26  3.450000e-26  1.090000e-25  3.450000e-25  1.090000e-24  3.470000e-24  1.090000e-23  3.460000e-23  
404.717930  3.160000e-33  9.980000e-33  3.160000e-32  9.990000e-32  3.160000e-31  1.000000e-30  3.150000e-30  9.990000e-30  3.160000e-29  9.990000e-29  3.160000e-28  9.990000e-28  3.160000e-27  1.000000e-26  3.160000e-26  9.980000e-26  3.150000e-25  1.000000e-24  3.160000e-24  9.980000e-24  3.160000e-23  
424.190178  2.880000e-33  9.110000e-33  2.880000e-32  9.120000e-32  2.880000e-31  9.130000e-31  2.890000e-30  9.120000e-30  2.880000e-29  9.130000e-29  2.880000e-28  9.100000e-28  2.890000e-27  9.100000e-27  2.880000e-26  9.110000e-26  2.890000e-25  9.130000e-25  2.880000e-24  9.100000e-24  2.890000e-23  
444.599297  2.630000e-33  8.340000e-33  2.620000e-32  8.330000e-32  2.630000e-31  8.320000e-31  2.630000e-30  8.320000e-30  2.640000e-29  8.310000e-29  2.630000e-28  8.340000e-28  2.630000e-27  8.330000e-27  2.640000e-26  8.310000e-26  2.620000e-25  8.300000e-25  2.630000e-24  8.330000e-24  2.630000e-23  
465.990362  2.400000e-33  7.580000e-33  2.400000e-32  7.600000e-32  2.400000e-31  7.590000e-31  2.400000e-30  7.580000e-30  2.400000e-29  7.570000e-29  2.400000e-28  7.570000e-28  2.400000e-27  7.600000e-27  2.390000e-26  7.580000e-26  2.400000e-25  7.590000e-25  2.400000e-24  7.570000e-24  2.400000e-23  
488.410619  2.190000e-33  6.890000e-33  2.180000e-32  6.920000e-32  2.190000e-31  6.910000e-31  2.190000e-30  6.910000e-30  2.180000e-29  6.920000e-29  2.190000e-28  6.940000e-28  2.190000e-27  6.900000e-27  2.190000e-26  6.900000e-26  2.190000e-25  6.920000e-25  2.180000e-24  6.950000e-24  2.190000e-23  
511.909585  2.000000e-33  6.320000e-33  2.000000e-32  6.330000e-32  1.990000e-31  6.310000e-31  1.990000e-30  6.320000e-30  2.000000e-29  6.310000e-29  1.990000e-28  6.340000e-28  2.000000e-27  6.300000e-27  2.000000e-26  6.300000e-26  2.000000e-25  6.310000e-25  2.000000e-24  6.330000e-24  2.000000e-23  
536.539159  1.820000e-33  5.760000e-33  1.810000e-32  5.760000e-32  1.820000e-31  5.740000e-31  1.820000e-30  5.760000e-30  1.820000e-29  5.760000e-29  1.820000e-28  5.750000e-28  1.820000e-27  5.760000e-27  1.820000e-26  5.760000e-26  1.820000e-25  5.760000e-25  1.820000e-24  5.770000e-24  1.810000e-23  
562.353740  1.660000e-33  5.240000e-33  1.660000e-32  5.240000e-32  1.660000e-31  5.240000e-31  1.660000e-30  5.240000e-30  1.660000e-29  5.250000e-29  1.660000e-28  5.250000e-28  1.660000e-27  5.250000e-27  1.660000e-26  5.240000e-26  1.660000e-25  5.240000e-25  1.660000e-24  5.250000e-24  1.660000e-23  
589.410341  1.510000e-33  4.770000e-33  1.510000e-32  4.780000e-32  1.510000e-31  4.780000e-31  1.520000e-30  4.790000e-30  1.510000e-29  4.780000e-29  1.510000e-28  4.770000e-28  1.510000e-27  4.790000e-27  1.510000e-26  4.790000e-26  1.520000e-25  4.780000e-25  1.510000e-24  4.780000e-24  1.510000e-23  
617.768719  1.380000e-33  4.360000e-33  1.380000e-32  4.370000e-32  1.380000e-31  4.360000e-31  1.380000e-30  4.350000e-30  1.380000e-29  4.360000e-29  1.380000e-28  4.360000e-28  1.380000e-27  4.360000e-27  1.380000e-26  4.360000e-26  1.380000e-25  4.360000e-25  1.380000e-24  4.360000e-24  1.380000e-23  
647.491509  1.260000e-33  3.970000e-33  1.260000e-32  3.960000e-32  1.260000e-31  3.970000e-31  1.260000e-30  3.970000e-30  1.260000e-29  3.980000e-29  1.250000e-28  3.980000e-28  1.260000e-27  3.960000e-27  1.260000e-26  3.980000e-26  1.260000e-25  3.980000e-25  1.260000e-24  3.990000e-24  1.260000e-23  
678.644354  1.150000e-33  3.630000e-33  1.150000e-32  3.620000e-32  1.150000e-31  3.630000e-31  1.140000e-30  3.620000e-30  1.140000e-29  3.620000e-29  1.140000e-28  3.610000e-28  1.150000e-27  3.620000e-27  1.140000e-26  3.620000e-26  1.150000e-25  3.610000e-25  1.140000e-24  3.620000e-24  1.140000e-23  
711.296061  1.050000e-33  3.290000e-33  1.050000e-32  3.300000e-32  1.040000e-31  3.300000e-31  1.040000e-30  3.310000e-30  1.040000e-29  3.290000e-29  1.040000e-28  3.290000e-28  1.040000e-27  3.300000e-27  1.040000e-26  3.300000e-26  1.040000e-25  3.300000e-25  1.040000e-24  3.300000e-24  1.040000e-23  
745.518744  9.490000e-34  3.020000e-33  9.530000e-33  3.010000e-32  9.490000e-32  3.000000e-31  9.520000e-31  3.010000e-30  9.480000e-30  3.010000e-29  9.480000e-29  3.010000e-28  9.480000e-28  3.000000e-27  9.530000e-27  3.000000e-26  9.500000e-26  3.000000e-25  9.520000e-25  3.000000e-24  9.510000e-24  
781.387987  8.660000e-34  2.730000e-33  8.670000e-33  2.730000e-32  8.650000e-32  2.730000e-31  8.660000e-31  2.730000e-30  8.670000e-30  2.740000e-29  8.650000e-29  2.730000e-28  8.660000e-28  2.740000e-27  8.650000e-27  2.740000e-26  8.660000e-26  2.740000e-25  8.680000e-25  2.740000e-24  8.680000e-24  
818.983012  7.900000e-34  2.500000e-33  7.880000e-33  2.490000e-32  7.890000e-32  2.490000e-31  7.900000e-31  2.510000e-30  7.890000e-30  2.490000e-29  7.880000e-29  2.490000e-28  7.890000e-28  2.490000e-27  7.880000e-27  2.500000e-26  7.880000e-26  2.500000e-25  7.910000e-25  2.490000e-24  7.900000e-24  
858.386852  7.190000e-34  2.270000e-33  7.190000e-33  2.280000e-32  7.190000e-32  2.270000e-31  7.180000e-31  2.270000e-30  7.210000e-30  2.280000e-29  7.180000e-29  2.270000e-28  7.180000e-28  2.280000e-27  7.180000e-27  2.270000e-26  7.190000e-26  2.270000e-25  7.170000e-25  2.270000e-24  7.160000e-24  
899.686534  6.530000e-34  2.060000e-33  6.560000e-33  2.080000e-32  6.560000e-32  2.070000e-31  6.540000e-31  2.070000e-30  6.530000e-30  2.070000e-29  6.530000e-29  2.070000e-28  6.550000e-28  2.060000e-27  6.530000e-27  2.070000e-26  6.550000e-26  2.070000e-25  6.550000e-25  2.060000e-24  6.560000e-24  
942.973273  5.970000e-34  1.890000e-33  5.970000e-33  1.880000e-32  5.970000e-32  1.880000e-31  5.950000e-31  1.880000e-30  5.960000e-30  1.880000e-29  5.950000e-29  1.880000e-28  5.980000e-28  1.880000e-27  5.970000e-27  1.880000e-26  5.980000e-26  1.890000e-25  5.970000e-25  1.880000e-24  5.970000e-24  
988.342672  5.430000e-34  1.720000e-33  5.430000e-33  1.720000e-32  5.420000e-32  1.710000e-31  5.430000e-31  1.720000e-30  5.430000e-30  1.720000e-29  5.440000e-29  1.720000e-28  5.440000e-28  1.720000e-27  5.430000e-27  1.720000e-26  5.440000e-26  1.710000e-25  5.430000e-25  1.710000e-24  5.440000e-24  
1035.894940  4.940000e-34  1.560000e-33  4.940000e-33  1.570000e-32  4.960000e-32  1.560000e-31  4.930000e-31  1.560000e-30  4.950000e-30  1.560000e-29  4.950000e-29  1.570000e-28  4.940000e-28  1.570000e-27  4.940000e-27  1.570000e-26  4.960000e-26  1.560000e-25  4.950000e-25  1.560000e-24  4.950000e-24  
1085.735090  4.500000e-34  1.420000e-33  4.500000e-33  1.430000e-32  4.500000e-32  1.420000e-31  4.500000e-31  1.420000e-30  4.500000e-30  1.420000e-29  4.500000e-29  1.420000e-28  4.510000e-28  1.430000e-27  4.490000e-27  1.420000e-26  4.520000e-26  1.430000e-25  4.500000e-25  1.420000e-24  4.510000e-24  
1137.973210  4.090000e-34  1.300000e-33  4.100000e-33  1.300000e-32  4.100000e-32  1.300000e-31  4.100000e-31  1.290000e-30  4.090000e-30  1.290000e-29  4.120000e-29  1.290000e-28  4.100000e-28  1.300000e-27  4.100000e-27  1.300000e-26  4.100000e-26  1.300000e-25  4.100000e-25  1.300000e-24  4.100000e-24  
1192.724660  3.740000e-34  1.180000e-33  3.730000e-33  1.180000e-32  3.730000e-32  1.180000e-31  3.730000e-31  1.180000e-30  3.730000e-30  1.180000e-29  3.730000e-29  1.180000e-28  3.740000e-28  1.180000e-27  3.720000e-27  1.180000e-26  3.730000e-26  1.180000e-25  3.750000e-25  1.180000e-24  3.740000e-24  
1250.110390  3.390000e-34  1.080000e-33  3.390000e-33  1.080000e-32  3.410000e-32  1.080000e-31  3.390000e-31  1.070000e-30  3.400000e-30  1.070000e-29  3.390000e-29  1.070000e-28  3.400000e-28  1.080000e-27  3.400000e-27  1.070000e-26  3.390000e-26  1.070000e-25  3.400000e-25  1.080000e-24  3.400000e-24  
1310.257110  3.100000e-34  9.770000e-34  3.090000e-33  9.800000e-33  3.100000e-32  9.770000e-32  3.110000e-31  9.760000e-31  3.090000e-30  9.760000e-30  3.100000e-29  9.740000e-29  3.100000e-28  9.790000e-28  3.090000e-27  9.760000e-27  3.100000e-26  9.790000e-26  3.080000e-25  9.770000e-25  3.100000e-24  
1373.297690  2.820000e-34  8.900000e-34  2.830000e-33  8.930000e-33  2.820000e-32  8.920000e-32  2.820000e-31  8.920000e-31  2.820000e-30  8.910000e-30  2.830000e-29  8.930000e-29  2.820000e-28  8.930000e-28  2.820000e-27  8.910000e-27  2.820000e-26  8.870000e-26  2.820000e-25  8.930000e-25  2.830000e-24  
1439.371350  2.570000e-34  8.110000e-34  2.570000e-33  8.120000e-33  2.580000e-32  8.110000e-32  2.560000e-31  8.130000e-31  2.570000e-30  8.120000e-30  2.570000e-29  8.130000e-29  2.570000e-28  8.120000e-28  2.560000e-27  8.100000e-27  2.570000e-26  8.120000e-26  2.570000e-25  8.110000e-25  2.570000e-24  
1508.624010  2.340000e-34  7.370000e-34  2.340000e-33  7.420000e-33  2.340000e-32  7.410000e-32  2.340000e-31  7.370000e-31  2.340000e-30  7.410000e-30  2.340000e-29  7.400000e-29  2.340000e-28  7.410000e-28  2.330000e-27  7.400000e-27  2.340000e-26  7.380000e-26  2.340000e-25  7.410000e-25  2.330000e-24  
1581.208640  2.130000e-34  6.730000e-34  2.130000e-33  6.740000e-33  2.130000e-32  6.710000e-32  2.130000e-31  6.750000e-31  2.130000e-30  6.730000e-30  2.130000e-29  6.720000e-29  2.130000e-28  6.750000e-28  2.130000e-27  6.720000e-27  2.130000e-26  6.720000e-26  2.130000e-25  6.740000e-25  2.120000e-24  
1657.285550  1.940000e-34  6.130000e-34  1.940000e-33  6.130000e-33  1.940000e-32  6.130000e-32  1.940000e-31  6.140000e-31  1.940000e-30  6.120000e-30  1.940000e-29  6.140000e-29  1.940000e-28  6.120000e-28  1.940000e-27  6.120000e-27  1.940000e-26  6.110000e-26  1.940000e-25  6.130000e-25  1.940000e-24  
1737.022750  1.770000e-34  5.580000e-34  1.770000e-33  5.580000e-33  1.770000e-32  5.570000e-32  1.760000e-31  5.580000e-31  1.760000e-30  5.600000e-30  1.770000e-29  5.590000e-29  1.760000e-28  5.590000e-28  1.770000e-27  5.580000e-27  1.760000e-26  5.570000e-26  1.760000e-25  5.570000e-25  1.760000e-24  
1820.596360  1.610000e-34  5.090000e-34  1.610000e-33  5.090000e-33  1.600000e-32  5.080000e-32  1.610000e-31  5.080000e-31  1.600000e-30  5.070000e-30  1.610000e-29  5.080000e-29  1.610000e-28  5.070000e-28  1.610000e-27  5.070000e-27  1.600000e-26  5.060000e-26  1.600000e-25  5.080000e-25  1.600000e-24  
1908.190950  4.620000e-34  1.460000e-33  1.460000e-34  4.600000e-33  1.460000e-32  4.610000e-32  1.460000e-31  4.620000e-31  1.460000e-30  4.630000e-30  1.460000e-29  4.610000e-29  1.460000e-28  4.640000e-28  1.460000e-27  4.620000e-27  1.470000e-26  4.610000e-26  1.460000e-25  4.620000e-25  1.460000e-24  
2000.000000  1.330000e-34  4.200000e-34  1.330000e-33  4.200000e-33  1.330000e-32  4.210000e-32  1.330000e-31  4.210000e-31  1.330000e-30  4.220000e-30  1.330000e-29  4.200000e-29  1.330000e-28  4.200000e-28  1.330000e-27  4.220000e-27  1.330000e-26  4.210000e-26  1.330000e-25  4.190000e-25  1.330000e-24  
2096.226270  1.210000e-34  3.830000e-34  1.220000e-33  3.820000e-33  1.210000e-32  3.830000e-32  1.210000e-31  3.830000e-31  1.210000e-30  3.840000e-30  1.220000e-29  3.840000e-29  1.210000e-28  3.840000e-28  1.210000e-27  3.830000e-27  1.210000e-26  3.840000e-26  1.210000e-25  3.830000e-25  1.210000e-24  
2197.082280  1.100000e-34  3.490000e-34  1.100000e-33  3.490000e-33  1.110000e-32  3.490000e-32  1.110000e-31  3.490000e-31  1.100000e-30  3.480000e-30  1.100000e-29  3.490000e-29  1.100000e-28  3.490000e-28  1.100000e-27  3.480000e-27  1.110000e-26  3.480000e-26  1.110000e-25  3.480000e-25  1.100000e-24  
2302.790800  1.000000e-34  3.170000e-34  1.000000e-33  3.170000e-33  1.010000e-32  3.170000e-32  1.010000e-31  3.170000e-31  1.010000e-30  3.170000e-30  9.990000e-30  3.190000e-29  1.000000e-28  3.170000e-28  1.010000e-27  3.180000e-27  1.000000e-26  3.180000e-26  1.000000e-25  3.180000e-25  1.000000e-24  
2413.585280  9.180000e-35  2.890000e-34  9.130000e-34  2.890000e-33  9.170000e-33  2.890000e-32  9.140000e-32  2.900000e-31  9.160000e-31  2.890000e-30  9.170000e-30  2.890000e-29  9.140000e-29  2.900000e-28  9.120000e-28  2.900000e-27  9.140000e-27  2.890000e-26  9.150000e-26  2.890000e-25  9.150000e-25  
2529.710430  8.300000e-35  2.630000e-34  8.350000e-34  2.630000e-33  8.330000e-33  2.630000e-32  8.310000e-32  2.640000e-31  8.320000e-31  2.630000e-30  8.310000e-30  2.630000e-29  8.340000e-29  2.630000e-28  8.320000e-28  2.630000e-27  8.340000e-27  2.630000e-26  8.340000e-26  2.640000e-25  8.350000e-25  
2651.422730  7.550000e-35  2.400000e-34  7.570000e-34  2.400000e-33  7.600000e-33  2.400000e-32  7.600000e-32  2.400000e-31  7.590000e-31  2.390000e-30  7.580000e-30  2.400000e-29  7.570000e-29  2.390000e-28  7.570000e-28  2.390000e-27  7.580000e-27  2.390000e-26  7.580000e-26  2.390000e-25  7.570000e-25  
2778.990990  6.890000e-35  2.180000e-34  6.900000e-34  2.180000e-33  6.880000e-33  2.180000e-32  6.910000e-32  2.180000e-31  6.890000e-31  2.180000e-30  6.920000e-30  2.180000e-29  6.920000e-29  2.180000e-28  6.910000e-28  2.190000e-27  6.910000e-27  2.190000e-26  6.870000e-26  2.180000e-25  6.900000e-25  
2912.696950  6.270000e-35  1.980000e-34  6.270000e-34  1.990000e-33  6.290000e-33  1.990000e-32  6.290000e-32  1.990000e-31  6.290000e-31  1.980000e-30  6.290000e-30  1.980000e-29  6.280000e-29  1.990000e-28  6.260000e-28  1.990000e-27  6.280000e-27  1.990000e-26  6.270000e-26  1.990000e-25  6.280000e-25  
3052.835930  5.700000e-35  1.810000e-34  5.720000e-34  1.810000e-33  5.740000e-33  1.810000e-32  5.700000e-32  1.810000e-31  5.720000e-31  1.810000e-30  5.710000e-30  1.810000e-29  5.730000e-29  1.810000e-28  5.710000e-28  1.810000e-27  5.720000e-27  1.800000e-26  5.710000e-26  1.810000e-25  5.720000e-25  
3199.717440  5.200000e-35  1.640000e-34  5.230000e-34  1.640000e-33  5.180000e-33  1.650000e-32  5.210000e-32  1.650000e-31  5.210000e-31  1.650000e-30  5.210000e-30  1.640000e-29  5.220000e-29  1.640000e-28  5.200000e-28  1.650000e-27  5.220000e-27  1.650000e-26  5.190000e-26  1.650000e-25  5.200000e-25  
3353.665870  4.730000e-35  1.500000e-34  4.730000e-34  1.500000e-33  4.760000e-33  1.500000e-32  4.740000e-32  1.500000e-31  4.750000e-31  1.500000e-30  4.740000e-30  1.500000e-29  4.730000e-29  1.500000e-28  4.760000e-28  1.500000e-27  4.740000e-27  1.500000e-26  4.740000e-26  1.500000e-25  4.750000e-25  
3515.021250  4.310000e-35  1.360000e-34  4.310000e-34  1.360000e-33  4.310000e-33  1.370000e-32  4.310000e-32  1.360000e-31  4.320000e-31  1.360000e-30  4.330000e-30  1.370000e-29  4.310000e-29  1.360000e-28  4.300000e-28  1.370000e-27  4.320000e-27  1.360000e-26  4.320000e-26  1.370000e-25  4.340000e-25  
3684.139940  3.920000e-35  1.240000e-34  3.940000e-34  1.240000e-33  3.940000e-33  1.240000e-32  3.920000e-32  1.240000e-31  3.940000e-31  1.240000e-30  3.940000e-30  1.240000e-29  3.920000e-29  1.240000e-28  3.920000e-28  1.240000e-27  3.930000e-27  1.240000e-26  3.920000e-26  1.240000e-25  3.920000e-25  
3861.395460  3.570000e-35  1.130000e-34  3.590000e-34  1.130000e-33  3.570000e-33  1.130000e-32  3.560000e-32  1.130000e-31  3.580000e-31  1.130000e-30  3.570000e-30  1.130000e-29  3.580000e-29  1.130000e-28  3.580000e-28  1.130000e-27  3.570000e-27  1.130000e-26  3.580000e-26  1.130000e-25  3.570000e-25  
4047.179300  3.260000e-35  1.030000e-34  3.260000e-34  1.030000e-33  3.260000e-33  1.030000e-32  3.260000e-32  1.030000e-31  3.250000e-31  1.030000e-30  3.260000e-30  1.030000e-29  3.250000e-29  1.020000e-28  3.250000e-28  1.020000e-27  3.250000e-27  1.030000e-26  3.250000e-26  1.030000e-25  3.260000e-25  
4241.901780  2.960000e-35  9.370000e-35  2.970000e-34  9.360000e-34  2.960000e-33  9.330000e-33  2.960000e-32  9.380000e-32  2.970000e-31  9.360000e-31  2.960000e-30  9.360000e-30  2.960000e-29  9.380000e-29  2.960000e-28  9.360000e-28  2.960000e-27  9.370000e-27  2.960000e-26  9.370000e-26  2.960000e-25  
4445.992970  2.700000e-35  8.530000e-35  2.700000e-34  8.540000e-34  2.700000e-33  8.500000e-33  2.700000e-32  8.530000e-32  2.690000e-31  8.520000e-31  2.710000e-30  8.540000e-30  2.700000e-29  8.550000e-29  2.690000e-28  8.510000e-28  2.700000e-27  8.540000e-27  2.700000e-26  8.510000e-26  2.700000e-25  
4659.903620  2.470000e-35  7.730000e-35  2.450000e-34  7.770000e-34  2.440000e-33  7.770000e-33  2.450000e-32  7.770000e-32  2.450000e-31  7.770000e-31  2.460000e-30  7.770000e-30  2.460000e-29  7.770000e-29  2.450000e-28  7.750000e-28  2.450000e-27  7.750000e-27  2.460000e-26  7.760000e-26  2.450000e-25  
4884.106190  2.240000e-35  7.070000e-35  2.240000e-34  7.080000e-34  2.230000e-33  7.050000e-33  2.240000e-32  7.070000e-32  2.240000e-31  7.080000e-31  2.230000e-30  7.060000e-30  2.230000e-29  7.040000e-29  2.230000e-28  7.080000e-28  2.230000e-27  7.060000e-27  2.240000e-26  7.060000e-26  2.230000e-25  
5119.095850  2.030000e-35  6.420000e-35  2.040000e-34  6.440000e-34  2.040000e-33  6.440000e-33  2.030000e-32  6.440000e-32  2.040000e-31  6.430000e-31  2.040000e-30  6.420000e-30  2.030000e-29  6.430000e-29  2.030000e-28  6.430000e-28  2.040000e-27  6.410000e-27  2.030000e-26  6.440000e-26  2.040000e-25  
5365.391590  1.850000e-35  5.860000e-35  1.850000e-34  5.860000e-34  1.840000e-33  5.850000e-33  1.860000e-32  5.830000e-32  1.850000e-31  5.870000e-31  1.850000e-30  5.860000e-30  1.850000e-29  5.830000e-29  1.850000e-28  5.880000e-28  1.860000e-27  5.850000e-27  1.850000e-26  5.870000e-26  1.850000e-25  
5623.537400  1.690000e-35  5.320000e-35  1.690000e-34  5.330000e-34  1.690000e-33  5.310000e-33  1.690000e-32  5.340000e-32  1.680000e-31  5.320000e-31  1.680000e-30  5.320000e-30  1.690000e-29  5.330000e-29  1.680000e-28  5.330000e-28  1.690000e-27  5.330000e-27  1.690000e-26  5.350000e-26  1.680000e-25  
5894.103410  1.530000e-35  4.850000e-35  1.530000e-34  4.840000e-34  1.530000e-33  4.840000e-33  1.530000e-32  4.870000e-32  1.540000e-31  4.860000e-31  1.540000e-30  4.850000e-30  1.540000e-29  4.870000e-29  1.530000e-28  4.850000e-28  1.530000e-27  4.830000e-27  1.540000e-26  4.850000e-26  1.530000e-25  
6177.687190  1.400000e-35  4.420000e-35  1.400000e-34  4.410000e-34  1.400000e-33  4.430000e-33  1.400000e-32  4.410000e-32  1.400000e-31  4.420000e-31  1.400000e-30  4.430000e-30  1.400000e-29  4.420000e-29  1.400000e-28  4.410000e-28  1.400000e-27  4.410000e-27  1.400000e-26  4.420000e-26  1.400000e-25  
6474.915090  1.270000e-35  4.020000e-35  1.270000e-34  4.020000e-34  1.270000e-33  4.010000e-33  1.270000e-32  4.020000e-32  1.270000e-31  4.010000e-31  1.280000e-30  4.010000e-30  1.270000e-29  4.010000e-29  1.270000e-28  4.030000e-28  1.270000e-27  4.040000e-27  1.270000e-26  4.020000e-26  1.270000e-25  
6786.443540  1.160000e-35  3.660000e-35  1.160000e-34  3.660000e-34  1.160000e-33  3.670000e-33  1.160000e-32  3.650000e-32  1.160000e-31  3.650000e-31  1.150000e-30  3.670000e-30  1.160000e-29  3.650000e-29  1.160000e-28  3.660000e-28  1.160000e-27  3.660000e-27  1.160000e-26  3.650000e-26  1.160000e-25  
7112.960610  1.050000e-35  3.320000e-35  1.050000e-34  3.330000e-34  1.050000e-33  3.330000e-33  1.050000e-32  3.330000e-32  1.050000e-31  3.330000e-31  1.050000e-30  3.330000e-30  1.050000e-29  3.320000e-29  1.060000e-28  3.340000e-28  1.060000e-27  3.330000e-27  1.060000e-26  3.330000e-26  1.050000e-25  
7455.187440  9.580000e-36  3.020000e-35  9.600000e-35  3.040000e-34  9.600000e-34  3.030000e-33  9.570000e-33  3.030000e-32  9.600000e-32  3.030000e-31  9.620000e-31  3.040000e-30  9.590000e-30  3.030000e-29  9.610000e-29  3.030000e-28  9.560000e-28  3.020000e-27  9.600000e-27  3.030000e-26  9.610000e-26  
7813.879870  8.730000e-36  2.760000e-35  8.730000e-35  2.760000e-34  8.730000e-34  2.760000e-33  8.740000e-33  2.760000e-32  8.720000e-32  2.760000e-31  8.730000e-31  2.770000e-30  8.740000e-30  2.760000e-29  8.710000e-29  2.760000e-28  8.710000e-28  2.760000e-27  8.740000e-27  2.760000e-26  8.720000e-26  
8189.830120  7.920000e-36  2.510000e-35  7.940000e-35  2.510000e-34  7.970000e-34  2.520000e-33  7.920000e-33  2.520000e-32  7.940000e-32  2.510000e-31  7.950000e-31  2.510000e-30  7.960000e-30  2.520000e-29  7.950000e-29  2.510000e-28  7.930000e-28  2.510000e-27  7.960000e-27  2.510000e-26  7.910000e-26  
8583.868520  7.240000e-36  2.280000e-35  7.220000e-35  2.290000e-34  7.230000e-34  2.290000e-33  7.240000e-33  2.290000e-32  7.250000e-32  2.280000e-31  7.220000e-31  2.280000e-30  7.230000e-30  2.290000e-29  7.230000e-29  2.290000e-28  7.230000e-28  2.290000e-27  7.230000e-27  2.290000e-26  7.250000e-26  
8996.865340  6.590000e-36  2.090000e-35  6.610000e-35  2.090000e-34  6.580000e-34  2.090000e-33  6.590000e-33  2.080000e-32  6.580000e-32  2.090000e-31  6.580000e-31  2.080000e-30  6.560000e-30  2.080000e-29  6.580000e-29  2.080000e-28  6.580000e-28  2.090000e-27  6.590000e-27  2.080000e-26  6.570000e-26  
9429.732730  5.990000e-36  1.900000e-35  6.000000e-35  1.890000e-34  6.000000e-34  1.890000e-33  6.000000e-33  1.900000e-32  6.000000e-32  1.890000e-31  6.000000e-31  1.890000e-30  5.990000e-30  1.900000e-29  6.010000e-29  1.890000e-28  6.010000e-28  1.900000e-27  6.000000e-27  1.900000e-26  5.990000e-26  
9883.426720  5.460000e-36  1.730000e-35  5.460000e-35  1.730000e-34  5.450000e-34  1.720000e-33  5.480000e-33  1.720000e-32  5.450000e-32  1.730000e-31  5.460000e-31  1.720000e-30  5.460000e-30  1.720000e-29  5.470000e-29  1.720000e-28  5.450000e-28  1.720000e-27  5.460000e-27  1.720000e-26  5.440000e-26  
10358.949400  4.960000e-36  1.570000e-35  4.980000e-35  1.570000e-34  4.970000e-34  1.570000e-33  4.980000e-33  1.570000e-32  4.980000e-32  1.570000e-31  4.960000e-31  1.570000e-30  4.970000e-30  1.580000e-29  4.960000e-29  1.570000e-28  4.960000e-28  1.570000e-27  4.950000e-27  1.570000e-26  4.950000e-26  
10857.350900  4.510000e-36  1.430000e-35  4.530000e-35  1.430000e-34  4.520000e-34  1.430000e-33  4.530000e-33  1.430000e-32  4.510000e-32  1.430000e-31  4.530000e-31  1.430000e-30  4.520000e-30  1.420000e-29  4.520000e-29  1.430000e-28  4.520000e-28  1.430000e-27  4.540000e-27  1.430000e-26  4.520000e-26  
11379.732100  4.110000e-36  1.300000e-35  4.110000e-35  1.300000e-34  4.110000e-34  1.300000e-33  4.130000e-33  1.300000e-32  4.100000e-32  1.300000e-31  4.120000e-31  1.300000e-30  4.110000e-30  1.300000e-29  4.120000e-29  1.300000e-28  4.120000e-28  1.300000e-27  4.120000e-27  1.300000e-26  4.120000e-26  
11927.246600  3.750000e-36  1.190000e-35  3.740000e-35  1.180000e-34  3.750000e-34  1.190000e-33  3.740000e-33  1.180000e-32  3.740000e-32  1.180000e-31  3.740000e-31  1.190000e-30  3.740000e-30  1.190000e-29  3.740000e-29  1.180000e-28  3.750000e-28  1.180000e-27  3.750000e-27  1.180000e-26  3.740000e-26  
12501.103900  3.410000e-36  1.080000e-35  3.420000e-35  1.080000e-34  3.400000e-34  1.070000e-33  3.410000e-33  1.080000e-32  3.410000e-32  1.080000e-31  3.420000e-31  1.080000e-30  3.410000e-30  1.080000e-29  3.410000e-29  1.080000e-28  3.410000e-28  1.080000e-27  3.410000e-27  1.080000e-26  3.410000e-26  
13102.571100  3.110000e-36  9.820000e-36  3.100000e-35  9.810000e-35  3.100000e-34  9.830000e-34  3.100000e-33  9.820000e-33  3.110000e-32  9.810000e-32  3.100000e-31  9.830000e-31  3.100000e-30  9.820000e-30  3.110000e-29  9.790000e-29  3.100000e-28  9.840000e-28  3.120000e-27  9.800000e-27  3.110000e-26  
13732.976900  2.830000e-36  8.970000e-36  2.820000e-35  8.970000e-35  2.820000e-34  8.930000e-34  2.820000e-33  8.930000e-33  2.830000e-32  8.900000e-32  2.820000e-31  8.930000e-31  2.830000e-30  8.950000e-30  2.830000e-29  8.920000e-29  2.830000e-28  8.950000e-28  2.830000e-27  8.930000e-27  2.810000e-26  
14393.713500  2.570000e-36  8.160000e-36  2.570000e-35  8.140000e-35  2.570000e-34  8.130000e-34  2.580000e-33  8.120000e-33  2.580000e-32  8.140000e-32  2.570000e-31  8.140000e-31  2.570000e-30  8.120000e-30  2.580000e-29  8.140000e-29  2.570000e-28  8.120000e-28  2.580000e-27  8.130000e-27  2.570000e-26  
15086.240100  2.340000e-36  7.420000e-36  2.350000e-35  7.400000e-35  2.340000e-34  7.430000e-34  2.350000e-33  7.430000e-33  2.350000e-32  7.410000e-32  2.340000e-31  7.380000e-31  2.350000e-30  7.430000e-30  2.350000e-29  7.390000e-29  2.340000e-28  7.420000e-28  2.350000e-27  7.400000e-27  2.350000e-26  
15812.086400  2.130000e-36  6.730000e-36  2.130000e-35  6.740000e-35  2.140000e-34  6.740000e-34  2.130000e-33  6.740000e-33  2.140000e-32  6.740000e-32  2.130000e-31  6.770000e-31  2.130000e-30  6.730000e-30  2.130000e-29  6.750000e-29  2.130000e-28  6.750000e-28  2.130000e-27  6.760000e-27  2.130000e-26  
16572.855500  1.940000e-36  6.140000e-36  1.950000e-35  6.120000e-35  1.940000e-34  6.130000e-34  1.930000e-33  6.160000e-33  1.940000e-32  6.130000e-32  1.940000e-31  6.110000e-31  1.940000e-30  6.150000e-30  1.940000e-29  6.140000e-29  1.940000e-28  6.160000e-28  1.940000e-27  6.150000e-27  1.940000e-26  
17370.227500  1.760000e-36  5.580000e-36  1.770000e-35  5.590000e-35  1.770000e-34  5.590000e-34  1.760000e-33  5.570000e-33  1.770000e-32  5.580000e-32  1.760000e-31  5.590000e-31  1.770000e-30  5.590000e-30  1.770000e-29  5.590000e-29  1.760000e-28  5.570000e-28  1.760000e-27  5.580000e-27  1.760000e-26  
18205.963600  1.610000e-36  5.080000e-36  1.610000e-35  5.090000e-35  1.600000e-34  5.080000e-34  1.600000e-33  5.090000e-33  1.610000e-32  5.090000e-32  1.610000e-31  5.100000e-31  1.610000e-30  5.080000e-30  1.610000e-29  5.080000e-29  1.610000e-28  5.070000e-28  1.610000e-27  5.090000e-27  1.610000e-26  
19081.909500  1.470000e-36  4.620000e-36  1.460000e-35  4.630000e-35  1.460000e-34  4.620000e-34  1.460000e-33  4.640000e-33  1.460000e-32  4.620000e-32  1.460000e-31  4.620000e-31  1.470000e-30  4.620000e-30  1.460000e-29  4.640000e-29  1.460000e-28  4.640000e-28  1.470000e-27  4.620000e-27  1.470000e-26  
