2.000000  1.000000e-50  1.000000e-50  1.000000e-50  1.000000e-50  1.000000e-50  1.000000e-50  1.000000e-50  1.000000e-50  1.000000e-50  1.000000e-50  1.000000e-50  1.000000e-50  1.000000e-50  1.000000e-50  1.000000e-50  1.000000e-50  1.000000e-50  1.000000e-50  1.000000e-50  1.000000e-50  1.000000e-50  
2.096226  1.000000e-50  1.000000e-50  1.000000e-50  1.000000e-50  1.000000e-50  1.000000e-50  1.000000e-50  1.000000e-50  1.000000e-50  1.000000e-50  1.000000e-50  1.000000e-50  1.000000e-50  1.000000e-50  1.000000e-50  1.000000e-50  1.000000e-50  1.000000e-50  1.000000e-50  1.000000e-50  1.000000e-50  
2.197082  1.000000e-50  1.000000e-50  1.000000e-50  1.000000e-50  1.000000e-50  1.000000e-50  1.000000e-50  1.000000e-50  1.000000e-50  1.000000e-50  1.000000e-50  1.000000e-50  1.000000e-50  1.000000e-50  1.000000e-50  1.000000e-50  1.000000e-50  1.000000e-50  1.000000e-50  1.000000e-50  1.000000e-50  
2.302791  1.000000e-50  1.000000e-50  1.000000e-50  1.000000e-50  1.000000e-50  1.000000e-50  1.000000e-50  1.000000e-50  1.000000e-50  1.000000e-50  1.000000e-50  1.000000e-50  1.000000e-50  1.000000e-50  1.000000e-50  1.000000e-50  1.000000e-50  1.000000e-50  1.000000e-50  1.000000e-50  1.000000e-50  
2.413585  1.000000e-50  1.000000e-50  1.000000e-50  1.000000e-50  1.000000e-50  1.000000e-50  1.000000e-50  1.000000e-50  1.000000e-50  1.000000e-50  1.000000e-50  1.000000e-50  1.000000e-50  1.000000e-50  1.000000e-50  1.000000e-50  1.000000e-50  1.000000e-50  1.000000e-50  1.000000e-50  1.000000e-50  
2.529710  1.000000e-50  1.000000e-50  1.000000e-50  1.000000e-50  1.000000e-50  1.000000e-50  1.000000e-50  1.000000e-50  1.000000e-50  1.000000e-50  1.000000e-50  1.000000e-50  1.000000e-50  1.000000e-50  1.000000e-50  1.000000e-50  1.000000e-50  1.000000e-50  1.000000e-50  1.000000e-50  1.000000e-50  
2.651423  1.000000e-50  1.000000e-50  1.000000e-50  1.000000e-50  1.000000e-50  1.000000e-50  1.000000e-50  1.000000e-50  1.000000e-50  1.000000e-50  1.000000e-50  1.000000e-50  1.000000e-50  1.000000e-50  1.000000e-50  1.000000e-50  1.000000e-50  1.000000e-50  1.000000e-50  1.000000e-50  1.000000e-50  
2.778991  1.000000e-50  1.000000e-50  1.000000e-50  1.000000e-50  1.000000e-50  1.000000e-50  1.000000e-50  1.000000e-50  1.000000e-50  1.000000e-50  1.000000e-50  1.000000e-50  1.000000e-50  1.000000e-50  1.000000e-50  1.000000e-50  1.000000e-50  1.000000e-50  1.000000e-50  1.000000e-50  1.000000e-50  
2.912697  1.000000e-50  1.000000e-50  1.000000e-50  1.000000e-50  1.000000e-50  1.000000e-50  1.000000e-50  1.000000e-50  1.000000e-50  1.000000e-50  1.000000e-50  1.000000e-50  1.000000e-50  1.000000e-50  1.000000e-50  1.000000e-50  1.000000e-50  1.000000e-50  1.000000e-50  1.000000e-50  1.000000e-50  
3.052836  1.000000e-50  1.000000e-50  1.000000e-50  1.000000e-50  1.000000e-50  1.000000e-50  1.000000e-50  1.000000e-50  1.000000e-50  1.000000e-50  1.000000e-50  1.000000e-50  1.000000e-50  1.000000e-50  1.000000e-50  1.000000e-50  1.000000e-50  1.000000e-50  1.000000e-50  1.000000e-50  1.000000e-50  
3.199717  1.000000e-50  1.000000e-50  1.000000e-50  1.000000e-50  1.000000e-50  1.000000e-50  1.000000e-50  1.000000e-50  1.000000e-50  1.000000e-50  1.000000e-50  1.000000e-50  1.000000e-50  1.000000e-50  1.000000e-50  1.000000e-50  1.000000e-50  1.000000e-50  1.000000e-50  1.000000e-50  1.000000e-50  
3.353666  1.000000e-50  1.000000e-50  1.000000e-50  1.000000e-50  1.000000e-50  1.000000e-50  1.000000e-50  1.000000e-50  1.000000e-50  1.000000e-50  1.000000e-50  1.000000e-50  1.000000e-50  1.000000e-50  1.000000e-50  1.000000e-50  1.000000e-50  1.000000e-50  1.000000e-50  1.000000e-50  1.000000e-50  
3.515021  1.000000e-50  1.000000e-50  1.000000e-50  1.000000e-50  1.000000e-50  1.000000e-50  1.000000e-50  1.000000e-50  1.000000e-50  1.000000e-50  1.000000e-50  1.000000e-50  1.000000e-50  1.000000e-50  1.000000e-50  1.000000e-50  1.000000e-50  1.000000e-50  1.000000e-50  1.000000e-50  1.000000e-50  
3.684140  1.000000e-50  1.000000e-50  1.000000e-50  1.000000e-50  1.000000e-50  1.000000e-50  1.000000e-50  1.000000e-50  1.000000e-50  1.000000e-50  1.000000e-50  1.000000e-50  1.000000e-50  1.000000e-50  1.000000e-50  1.000000e-50  1.000000e-50  1.000000e-50  1.000000e-50  1.000000e-50  1.000000e-50  
3.861395  1.000000e-50  1.000000e-50  1.000000e-50  1.000000e-50  1.000000e-50  1.000000e-50  1.000000e-50  1.000000e-50  1.000000e-50  1.000000e-50  1.000000e-50  1.000000e-50  1.000000e-50  1.000000e-50  1.000000e-50  1.000000e-50  1.000000e-50  1.000000e-50  1.000000e-50  1.000000e-50  1.000000e-50  
4.047179  1.000000e-50  1.000000e-50  1.000000e-50  1.000000e-50  1.000000e-50  1.000000e-50  1.000000e-50  1.000000e-50  1.000000e-50  1.000000e-50  1.000000e-50  1.000000e-50  1.000000e-50  1.000000e-50  1.000000e-50  1.000000e-50  1.000000e-50  1.000000e-50  1.000000e-50  1.000000e-50  1.000000e-50  
4.241902  1.000000e-50  1.000000e-50  1.000000e-50  1.000000e-50  1.000000e-50  1.000000e-50  1.000000e-50  1.000000e-50  1.000000e-50  1.000000e-50  1.000000e-50  1.000000e-50  1.000000e-50  1.000000e-50  1.000000e-50  1.000000e-50  1.000000e-50  1.000000e-50  1.000000e-50  1.000000e-50  1.000000e-50  
4.445993  1.000000e-50  1.000000e-50  1.000000e-50  1.000000e-50  1.000000e-50  1.000000e-50  1.000000e-50  1.000000e-50  1.000000e-50  1.000000e-50  1.000000e-50  1.000000e-50  1.000000e-50  1.000000e-50  1.000000e-50  1.000000e-50  1.000000e-50  1.000000e-50  1.000000e-50  1.000000e-50  1.000000e-50  
4.659904  1.000000e-50  1.000000e-50  1.000000e-50  1.000000e-50  1.000000e-50  1.000000e-50  1.000000e-50  1.000000e-50  1.000000e-50  1.000000e-50  1.000000e-50  1.000000e-50  1.000000e-50  1.000000e-50  1.000000e-50  1.000000e-50  1.000000e-50  1.000000e-50  1.000000e-50  1.000000e-50  1.000000e-50  
4.884106  1.000000e-50  1.000000e-50  1.000000e-50  1.000000e-50  1.000000e-50  1.000000e-50  1.000000e-50  1.000000e-50  1.000000e-50  1.000000e-50  1.000000e-50  1.000000e-50  1.000000e-50  1.000000e-50  1.000000e-50  1.000000e-50  1.000000e-50  1.000000e-50  1.000000e-50  1.000000e-50  1.000000e-50  
5.119096  1.000000e-50  1.000000e-50  1.000000e-50  1.000000e-50  1.000000e-50  1.000000e-50  1.000000e-50  1.000000e-50  1.000000e-50  1.000000e-50  1.000000e-50  1.000000e-50  1.000000e-50  1.000000e-50  1.000000e-50  1.000000e-50  1.000000e-50  1.000000e-50  1.000000e-50  1.000000e-50  1.000000e-50  
5.365392  1.000000e-50  1.000000e-50  1.000000e-50  1.000000e-50  1.000000e-50  1.000000e-50  1.000000e-50  1.000000e-50  1.000000e-50  1.000000e-50  1.000000e-50  1.000000e-50  1.000000e-50  1.000000e-50  1.000000e-50  1.000000e-50  1.000000e-50  1.000000e-50  1.000000e-50  1.000000e-50  1.000000e-50  
5.623537  1.000000e-50  1.000000e-50  1.000000e-50  1.000000e-50  1.000000e-50  1.000000e-50  1.000000e-50  1.000000e-50  1.000000e-50  1.000000e-50  1.000000e-50  1.000000e-50  1.000000e-50  1.000000e-50  1.000000e-50  1.000000e-50  1.000000e-50  1.000000e-50  1.000000e-50  1.000000e-50  1.000000e-50  
5.894103  1.000000e-50  1.000000e-50  1.000000e-50  1.000000e-50  1.000000e-50  1.000000e-50  1.000000e-50  1.000000e-50  1.000000e-50  1.000000e-50  1.000000e-50  1.000000e-50  1.000000e-50  1.000000e-50  1.000000e-50  1.000000e-50  1.000000e-50  1.000000e-50  1.000000e-50  1.000000e-50  1.000000e-50  
6.177687  1.000000e-50  1.000000e-50  1.000000e-50  1.000000e-50  1.000000e-50  1.000000e-50  1.000000e-50  1.000000e-50  1.000000e-50  1.000000e-50  1.000000e-50  1.000000e-50  1.000000e-50  1.000000e-50  1.000000e-50  1.000000e-50  1.000000e-50  1.000000e-50  1.000000e-50  1.000000e-50  1.000000e-50  
6.474915  1.000000e-50  1.000000e-50  1.000000e-50  1.000000e-50  1.000000e-50  1.000000e-50  1.000000e-50  1.000000e-50  1.000000e-50  1.000000e-50  1.000000e-50  1.000000e-50  1.000000e-50  1.000000e-50  1.000000e-50  1.000000e-50  1.000000e-50  1.000000e-50  1.000000e-50  1.000000e-50  1.000000e-50  
6.786444  1.000000e-50  1.000000e-50  1.000000e-50  1.000000e-50  1.000000e-50  1.000000e-50  1.000000e-50  1.000000e-50  1.000000e-50  1.000000e-50  1.000000e-50  1.000000e-50  1.000000e-50  1.000000e-50  1.000000e-50  1.000000e-50  1.000000e-50  1.000000e-50  1.000000e-50  1.000000e-50  1.000000e-50  
7.112961  1.000000e-50  1.000000e-50  1.000000e-50  1.000000e-50  1.000000e-50  1.000000e-50  1.000000e-50  1.000000e-50  1.000000e-50  1.000000e-50  1.000000e-50  1.000000e-50  1.000000e-50  1.000000e-50  1.000000e-50  1.000000e-50  1.000000e-50  1.000000e-50  1.000000e-50  1.000000e-50  1.000000e-50  
7.455187  1.000000e-50  1.000000e-50  1.000000e-50  1.000000e-50  1.000000e-50  1.000000e-50  1.000000e-50  1.000000e-50  1.000000e-50  1.000000e-50  1.000000e-50  1.000000e-50  1.000000e-50  1.000000e-50  1.000000e-50  1.000000e-50  1.000000e-50  1.000000e-50  1.000000e-50  1.000000e-50  1.000000e-50  
7.813880  1.000000e-50  1.000000e-50  1.000000e-50  1.000000e-50  1.000000e-50  1.000000e-50  1.000000e-50  1.000000e-50  1.000000e-50  1.000000e-50  1.000000e-50  1.000000e-50  1.000000e-50  1.000000e-50  1.000000e-50  1.000000e-50  1.000000e-50  1.000000e-50  1.000000e-50  1.000000e-50  1.000000e-50  
8.189830  1.000000e-50  1.000000e-50  1.000000e-50  1.000000e-50  1.000000e-50  1.000000e-50  1.000000e-50  1.000000e-50  1.000000e-50  1.000000e-50  1.000000e-50  1.000000e-50  1.000000e-50  1.000000e-50  1.000000e-50  1.000000e-50  1.000000e-50  1.000000e-50  1.000000e-50  1.000000e-50  1.000000e-50  
8.583869  1.000000e-50  1.000000e-50  1.000000e-50  1.000000e-50  1.000000e-50  1.000000e-50  1.000000e-50  1.000000e-50  1.000000e-50  1.000000e-50  1.000000e-50  1.000000e-50  1.000000e-50  1.000000e-50  1.000000e-50  1.000000e-50  1.000000e-50  1.000000e-50  1.000000e-50  1.000000e-50  1.000000e-50  
8.996865  1.000000e-50  1.000000e-50  1.000000e-50  1.000000e-50  1.000000e-50  1.000000e-50  1.000000e-50  1.000000e-50  1.000000e-50  1.000000e-50  1.000000e-50  1.000000e-50  1.000000e-50  1.000000e-50  1.000000e-50  1.000000e-50  1.000000e-50  1.000000e-50  1.000000e-50  1.000000e-50  1.000000e-50  
9.429733  1.000000e-50  1.000000e-50  1.000000e-50  1.000000e-50  1.000000e-50  1.000000e-50  1.000000e-50  1.000000e-50  1.000000e-50  1.000000e-50  1.000000e-50  1.000000e-50  1.000000e-50  1.000000e-50  1.000000e-50  1.000000e-50  1.000000e-50  1.000000e-50  1.000000e-50  1.000000e-50  1.000000e-50  
9.883427  1.000000e-50  1.000000e-50  1.000000e-50  1.000000e-50  1.000000e-50  1.000000e-50  1.000000e-50  1.000000e-50  1.000000e-50  1.000000e-50  1.000000e-50  1.000000e-50  1.000000e-50  1.000000e-50  1.000000e-50  1.000000e-50  1.000000e-50  1.000000e-50  1.000000e-50  1.000000e-50  1.000000e-50  
10.358949  1.000000e-50  1.000000e-50  1.000000e-50  1.000000e-50  1.000000e-50  1.000000e-50  1.000000e-50  1.000000e-50  1.000000e-50  1.000000e-50  1.000000e-50  1.000000e-50  1.000000e-50  1.000000e-50  1.000000e-50  1.000000e-50  1.000000e-50  1.000000e-50  1.000000e-50  1.000000e-50  1.000000e-50  
10.857351  1.000000e-50  1.000000e-50  1.000000e-50  1.000000e-50  1.000000e-50  1.000000e-50  1.000000e-50  1.000000e-50  1.000000e-50  1.000000e-50  1.000000e-50  1.000000e-50  1.000000e-50  1.000000e-50  1.000000e-50  1.000000e-50  1.000000e-50  1.000000e-50  1.000000e-50  1.000000e-50  1.000000e-50  
11.379732  1.000000e-50  1.000000e-50  1.000000e-50  1.000000e-50  1.000000e-50  1.000000e-50  1.000000e-50  1.000000e-50  1.000000e-50  1.000000e-50  1.000000e-50  1.000000e-50  1.000000e-50  1.000000e-50  1.000000e-50  1.000000e-50  1.000000e-50  1.000000e-50  1.000000e-50  1.000000e-50  1.000000e-50  
11.927247  1.000000e-50  1.000000e-50  1.000000e-50  1.000000e-50  1.000000e-50  1.000000e-50  1.000000e-50  1.000000e-50  1.000000e-50  1.000000e-50  1.000000e-50  1.000000e-50  1.000000e-50  1.000000e-50  1.000000e-50  1.000000e-50  1.000000e-50  1.000000e-50  1.000000e-50  1.000000e-50  1.000000e-50  
12.501104  1.000000e-50  1.000000e-50  1.000000e-50  1.000000e-50  1.000000e-50  1.000000e-50  1.000000e-50  1.000000e-50  1.000000e-50  1.000000e-50  1.000000e-50  1.000000e-50  1.000000e-50  1.000000e-50  1.000000e-50  1.000000e-50  1.000000e-50  1.000000e-50  1.000000e-50  1.000000e-50  1.000000e-50  
13.102571  1.000000e-50  1.000000e-50  1.000000e-50  1.000000e-50  1.000000e-50  1.000000e-50  1.000000e-50  1.000000e-50  1.000000e-50  1.000000e-50  1.000000e-50  1.000000e-50  1.000000e-50  1.000000e-50  1.000000e-50  1.000000e-50  1.000000e-50  1.000000e-50  1.000000e-50  1.000000e-50  1.000000e-50  
13.732977  1.000000e-50  1.000000e-50  1.000000e-50  1.000000e-50  1.000000e-50  1.000000e-50  1.000000e-50  1.000000e-50  1.000000e-50  1.000000e-50  1.000000e-50  1.000000e-50  1.000000e-50  1.000000e-50  1.000000e-50  1.000000e-50  1.000000e-50  1.000000e-50  1.000000e-50  1.000000e-50  1.000000e-50  
14.393714  1.000000e-50  1.000000e-50  1.000000e-50  1.000000e-50  1.000000e-50  1.000000e-50  1.000000e-50  1.000000e-50  1.000000e-50  1.000000e-50  1.000000e-50  1.000000e-50  1.000000e-50  1.000000e-50  1.000000e-50  1.000000e-50  1.000000e-50  1.000000e-50  1.000000e-50  1.000000e-50  1.000000e-50  
15.086240  1.000000e-50  1.000000e-50  1.000000e-50  1.000000e-50  1.000000e-50  1.000000e-50  1.000000e-50  1.000000e-50  1.000000e-50  1.000000e-50  1.000000e-50  1.000000e-50  1.000000e-50  1.000000e-50  1.000000e-50  1.000000e-50  1.000000e-50  1.000000e-50  1.000000e-50  1.000000e-50  1.000000e-50  
15.812086  1.000000e-50  1.000000e-50  1.000000e-50  1.000000e-50  1.000000e-50  1.000000e-50  1.000000e-50  1.000000e-50  1.000000e-50  1.000000e-50  1.000000e-50  1.000000e-50  1.000000e-50  1.000000e-50  1.000000e-50  1.000000e-50  1.000000e-50  1.000000e-50  1.000000e-50  1.000000e-50  1.000000e-50  
16.572855  1.000000e-50  1.000000e-50  1.000000e-50  1.000000e-50  1.000000e-50  1.000000e-50  1.000000e-50  1.000000e-50  1.000000e-50  1.000000e-50  1.000000e-50  1.000000e-50  1.000000e-50  1.000000e-50  1.000000e-50  1.000000e-50  1.000000e-50  1.000000e-50  1.000000e-50  1.000000e-50  1.000000e-50  
17.370227  1.000000e-50  1.000000e-50  1.000000e-50  1.000000e-50  1.000000e-50  1.000000e-50  1.000000e-50  1.000000e-50  1.000000e-50  1.000000e-50  1.000000e-50  1.000000e-50  1.000000e-50  1.000000e-50  1.000000e-50  1.000000e-50  1.000000e-50  1.000000e-50  1.000000e-50  1.000000e-50  1.000000e-50  
18.205964  1.000000e-50  1.000000e-50  1.000000e-50  1.000000e-50  1.000000e-50  1.000000e-50  1.000000e-50  1.000000e-50  1.000000e-50  1.000000e-50  1.000000e-50  1.000000e-50  1.000000e-50  1.000000e-50  1.000000e-50  1.000000e-50  1.000000e-50  1.000000e-50  1.000000e-50  1.000000e-50  1.000000e-50  
19.081909  1.000000e-50  1.000000e-50  1.000000e-50  1.000000e-50  1.000000e-50  1.000000e-50  1.000000e-50  1.000000e-50  1.000000e-50  1.000000e-50  1.000000e-50  1.000000e-50  1.000000e-50  1.000000e-50  1.000000e-50  1.000000e-50  1.000000e-50  1.000000e-50  1.000000e-50  1.000000e-50  1.000000e-50  
20.000000  1.000000e-50  1.000000e-50  1.000000e-50  1.000000e-50  1.000000e-50  1.000000e-50  1.000000e-50  1.000000e-50  1.000000e-50  1.000000e-50  1.000000e-50  1.000000e-50  1.000000e-50  1.000000e-50  1.000000e-50  1.000000e-50  1.000000e-50  1.000000e-50  1.000000e-50  1.000000e-50  1.000000e-50  
20.470620  1.020000e-38  3.210000e-38  1.020000e-37  3.220000e-37  1.020000e-36  3.220000e-36  1.030000e-35  3.220000e-35  1.020000e-34  3.220000e-34  1.020000e-33  3.220000e-33  1.020000e-32  3.210000e-32  1.020000e-31  3.230000e-31  1.020000e-30  3.150000e-30  8.750000e-30  1.210000e-29  5.760000e-30  
20.952315  1.200000e-38  3.760000e-38  1.200000e-37  3.770000e-37  1.200000e-36  3.770000e-36  1.190000e-35  3.780000e-35  1.200000e-34  3.780000e-34  1.200000e-33  3.770000e-33  1.190000e-32  3.780000e-32  1.190000e-31  3.780000e-31  1.190000e-30  3.700000e-30  1.030000e-29  1.410000e-29  6.720000e-30  
21.445344  1.410000e-38  4.440000e-38  1.400000e-37  4.430000e-37  1.410000e-36  4.460000e-36  1.400000e-35  4.440000e-35  1.400000e-34  4.440000e-34  1.400000e-33  4.430000e-33  1.410000e-32  4.440000e-32  1.410000e-31  4.430000e-31  1.400000e-30  4.350000e-30  1.200000e-29  1.660000e-29  7.870000e-30  
21.949975  1.650000e-38  5.210000e-38  1.650000e-37  5.230000e-37  1.660000e-36  5.200000e-36  1.640000e-35  5.220000e-35  1.650000e-34  5.210000e-34  1.650000e-33  5.220000e-33  1.650000e-32  5.220000e-32  1.650000e-31  5.200000e-31  1.650000e-30  5.130000e-30  1.410000e-29  1.940000e-29  9.210000e-30  
22.466481  1.950000e-38  6.140000e-38  1.940000e-37  6.160000e-37  1.950000e-36  6.170000e-36  1.950000e-35  6.120000e-35  1.960000e-34  6.140000e-34  1.950000e-33  6.170000e-33  1.940000e-32  6.180000e-32  1.950000e-31  6.140000e-31  1.940000e-30  6.040000e-30  1.660000e-29  2.270000e-29  1.080000e-29  
22.995140  2.300000e-38  7.300000e-38  2.300000e-37  7.240000e-37  2.300000e-36  7.260000e-36  2.290000e-35  7.280000e-35  2.290000e-34  7.240000e-34  2.290000e-33  7.280000e-33  2.300000e-32  7.220000e-32  2.290000e-31  7.280000e-31  2.300000e-30  7.110000e-30  1.960000e-29  2.680000e-29  1.260000e-29  
23.536239  2.710000e-38  8.550000e-38  2.700000e-37  8.560000e-37  2.710000e-36  8.560000e-36  2.710000e-35  8.550000e-35  2.710000e-34  8.570000e-34  2.700000e-33  8.590000e-33  2.710000e-32  8.550000e-32  2.700000e-31  8.540000e-31  2.700000e-30  8.410000e-30  2.320000e-29  3.140000e-29  1.480000e-29  
24.090071  3.220000e-38  1.020000e-37  3.200000e-37  1.010000e-36  3.220000e-36  1.010000e-35  3.200000e-35  1.010000e-34  3.200000e-34  1.010000e-33  3.210000e-33  1.010000e-32  3.180000e-32  1.010000e-31  3.220000e-31  1.010000e-30  3.210000e-30  9.980000e-30  2.730000e-29  3.690000e-29  1.730000e-29  
24.656935  3.780000e-38  1.200000e-37  3.820000e-37  1.200000e-36  3.780000e-36  1.200000e-35  3.790000e-35  1.190000e-34  3.800000e-34  1.200000e-33  3.790000e-33  1.210000e-32  3.790000e-32  1.200000e-31  3.770000e-31  1.200000e-30  3.780000e-30  1.180000e-29  3.230000e-29  4.350000e-29  2.050000e-29  
25.237138  4.480000e-38  1.430000e-37  4.510000e-37  1.420000e-36  4.500000e-36  1.420000e-35  4.490000e-35  1.420000e-34  4.520000e-34  1.430000e-33  4.510000e-33  1.420000e-32  4.510000e-32  1.430000e-31  4.510000e-31  1.420000e-30  4.480000e-30  1.390000e-29  3.820000e-29  5.110000e-29  2.400000e-29  
25.830993  5.350000e-38  1.690000e-37  5.350000e-37  1.690000e-36  5.370000e-36  1.690000e-35  5.350000e-35  1.690000e-34  5.350000e-34  1.690000e-33  5.330000e-33  1.680000e-32  5.340000e-32  1.690000e-31  5.380000e-31  1.700000e-30  5.340000e-30  1.660000e-29  4.530000e-29  6.060000e-29  2.820000e-29  
26.438823  6.340000e-38  2.010000e-37  6.380000e-37  2.010000e-36  6.380000e-36  2.010000e-35  6.370000e-35  2.010000e-34  6.350000e-34  2.010000e-33  6.350000e-33  2.020000e-32  6.420000e-32  2.020000e-31  6.380000e-31  2.010000e-30  6.340000e-30  1.980000e-29  5.370000e-29  7.150000e-29  3.340000e-29  
27.060955  7.590000e-38  2.410000e-37  7.590000e-37  2.400000e-36  7.590000e-36  2.400000e-35  7.670000e-35  2.400000e-34  7.600000e-34  2.400000e-33  7.580000e-33  2.390000e-32  7.520000e-32  2.390000e-31  7.590000e-31  2.410000e-30  7.580000e-30  2.370000e-29  6.400000e-29  8.510000e-29  3.940000e-29  
27.697727  9.090000e-38  2.860000e-37  9.040000e-37  2.860000e-36  9.070000e-36  2.870000e-35  9.070000e-35  2.880000e-34  9.070000e-34  2.870000e-33  9.100000e-33  2.880000e-32  9.040000e-32  2.870000e-31  9.040000e-31  2.870000e-30  9.040000e-30  2.820000e-29  7.670000e-29  1.010000e-28  4.650000e-29  
28.349483  1.090000e-37  3.440000e-37  1.090000e-36  3.430000e-36  1.090000e-35  3.420000e-35  1.090000e-34  3.440000e-34  1.090000e-33  3.430000e-33  1.080000e-32  3.430000e-32  1.080000e-31  3.420000e-31  1.090000e-30  3.440000e-30  1.090000e-29  3.380000e-29  9.100000e-29  1.200000e-28  5.520000e-29  
29.016576  1.310000e-37  4.130000e-37  1.300000e-36  4.130000e-36  1.300000e-35  4.130000e-35  1.300000e-34  4.130000e-34  1.300000e-33  4.110000e-33  1.310000e-32  4.130000e-32  1.310000e-31  4.130000e-31  1.300000e-30  4.140000e-30  1.300000e-29  4.040000e-29  1.100000e-28  1.430000e-28  6.580000e-29  
29.699365  1.570000e-37  4.960000e-37  1.570000e-36  4.960000e-36  1.580000e-35  4.960000e-35  1.570000e-34  4.950000e-34  1.570000e-33  4.940000e-33  1.570000e-32  4.950000e-32  1.570000e-31  4.940000e-31  1.580000e-30  4.970000e-30  1.570000e-29  4.880000e-29  1.320000e-28  1.700000e-28  7.780000e-29  
30.398222  1.890000e-37  6.020000e-37  1.900000e-36  6.020000e-36  1.900000e-35  5.980000e-35  1.890000e-34  6.040000e-34  1.910000e-33  5.960000e-33  1.900000e-32  6.020000e-32  1.900000e-31  6.010000e-31  1.900000e-30  5.990000e-30  1.890000e-29  5.880000e-29  1.590000e-28  2.040000e-28  9.260000e-29  
31.113523  2.310000e-37  7.280000e-37  2.310000e-36  7.230000e-36  2.300000e-35  7.290000e-35  2.300000e-34  7.250000e-34  2.290000e-33  7.280000e-33  2.300000e-32  7.280000e-32  2.300000e-31  7.250000e-31  2.310000e-30  7.290000e-30  2.300000e-29  7.120000e-29  1.920000e-28  2.430000e-28  1.110000e-28  
31.845656  2.800000e-37  8.820000e-37  2.790000e-36  8.820000e-36  2.790000e-35  8.860000e-35  2.790000e-34  8.800000e-34  2.790000e-33  8.850000e-33  2.800000e-32  8.800000e-32  2.790000e-31  8.860000e-31  2.800000e-30  8.830000e-30  2.790000e-29  8.660000e-29  2.330000e-28  2.940000e-28  1.330000e-28  
32.595017  3.400000e-37  1.080000e-36  3.400000e-36  1.080000e-35  3.410000e-35  1.080000e-34  3.390000e-34  1.070000e-33  3.390000e-33  1.070000e-32  3.420000e-32  1.070000e-31  3.410000e-31  1.070000e-30  3.420000e-30  1.080000e-29  3.410000e-29  1.060000e-28  2.820000e-28  3.530000e-28  1.590000e-28  
33.362011  4.180000e-37  1.320000e-36  4.170000e-36  1.320000e-35  4.180000e-35  1.320000e-34  4.170000e-34  1.320000e-33  4.180000e-33  1.320000e-32  4.180000e-32  1.320000e-31  4.170000e-31  1.320000e-30  4.180000e-30  1.320000e-29  4.170000e-29  1.290000e-28  3.450000e-28  4.290000e-28  1.920000e-28  
34.147053  5.150000e-37  1.630000e-36  5.140000e-36  1.630000e-35  5.120000e-35  1.630000e-34  5.140000e-34  1.620000e-33  5.130000e-33  1.620000e-32  5.130000e-32  1.620000e-31  5.180000e-31  1.620000e-30  5.130000e-30  1.630000e-29  5.100000e-29  1.580000e-28  4.240000e-28  5.190000e-28  2.310000e-28  
34.950568  6.340000e-37  2.000000e-36  6.340000e-36  2.010000e-35  6.340000e-35  2.000000e-34  6.330000e-34  2.010000e-33  6.340000e-33  2.010000e-32  6.350000e-32  2.010000e-31  6.340000e-31  2.010000e-30  6.370000e-30  2.000000e-29  6.350000e-29  1.950000e-28  5.220000e-28  6.360000e-28  2.800000e-28  
35.772991  7.890000e-37  2.510000e-36  7.880000e-36  2.490000e-35  7.870000e-35  2.490000e-34  7.880000e-34  2.490000e-33  7.880000e-33  2.490000e-32  7.880000e-32  2.490000e-31  7.860000e-31  2.490000e-30  7.860000e-30  2.500000e-29  7.860000e-29  2.440000e-28  6.440000e-28  7.770000e-28  3.410000e-28  
36.614766  9.820000e-37  3.110000e-36  9.840000e-36  3.120000e-35  9.850000e-35  3.110000e-34  9.820000e-34  3.110000e-33  9.880000e-33  3.100000e-32  9.840000e-32  3.130000e-31  9.820000e-31  3.120000e-30  9.800000e-30  3.100000e-29  9.870000e-29  3.040000e-28  8.010000e-28  9.530000e-28  4.160000e-28  
37.476349  1.240000e-36  3.900000e-36  1.230000e-35  3.930000e-35  1.230000e-34  3.910000e-34  1.240000e-33  3.910000e-33  1.240000e-32  3.900000e-32  1.230000e-31  3.890000e-31  1.230000e-30  3.920000e-30  1.240000e-29  3.910000e-29  1.240000e-28  3.830000e-28  1.000000e-27  1.180000e-27  5.120000e-28  
38.358205  1.580000e-36  4.950000e-36  1.560000e-35  4.970000e-35  1.570000e-34  4.960000e-34  1.570000e-33  4.960000e-33  1.560000e-32  4.940000e-32  1.570000e-31  4.960000e-31  1.570000e-30  4.950000e-30  1.570000e-29  4.960000e-29  1.560000e-28  4.840000e-28  1.260000e-27  1.460000e-27  6.320000e-28  
39.260813  2.000000e-36  6.330000e-36  1.990000e-35  6.330000e-35  1.990000e-34  6.310000e-34  2.000000e-33  6.320000e-33  2.000000e-32  6.340000e-32  2.020000e-31  6.300000e-31  2.000000e-30  6.360000e-30  2.010000e-29  6.340000e-29  1.990000e-28  6.160000e-28  1.610000e-27  1.830000e-27  7.850000e-28  
40.184660  2.590000e-36  8.190000e-36  2.580000e-35  8.210000e-35  2.580000e-34  8.120000e-34  2.580000e-33  8.190000e-33  2.580000e-32  8.190000e-32  2.580000e-31  8.140000e-31  2.580000e-30  8.160000e-30  2.580000e-29  8.160000e-29  2.580000e-28  8.000000e-28  2.060000e-27  2.300000e-27  9.810000e-28  
41.130246  3.380000e-36  1.070000e-35  3.370000e-35  1.070000e-34  3.360000e-34  1.060000e-33  3.380000e-33  1.060000e-32  3.390000e-32  1.070000e-31  3.380000e-31  1.060000e-30  3.370000e-30  1.070000e-29  3.370000e-29  1.070000e-28  3.370000e-28  1.040000e-27  2.670000e-27  2.950000e-27  1.250000e-27  
42.098083  4.470000e-36  1.420000e-35  4.490000e-35  1.420000e-34  4.480000e-34  1.420000e-33  4.500000e-33  1.420000e-32  4.500000e-32  1.420000e-31  4.500000e-31  1.420000e-30  4.470000e-30  1.420000e-29  4.470000e-29  1.420000e-28  4.480000e-28  1.380000e-27  3.530000e-27  3.830000e-27  1.600000e-27  
43.088694  6.150000e-36  1.940000e-35  6.130000e-35  1.950000e-34  6.170000e-34  1.940000e-33  6.150000e-33  1.950000e-32  6.120000e-32  1.950000e-31  6.150000e-31  1.950000e-30  6.120000e-30  1.940000e-29  6.140000e-29  1.940000e-28  6.120000e-28  1.900000e-27  4.800000e-27  5.090000e-27  2.110000e-27  
44.102615  8.720000e-36  2.760000e-35  8.750000e-35  2.760000e-34  8.800000e-34  2.770000e-33  8.770000e-33  2.780000e-32  8.710000e-32  2.770000e-31  8.770000e-31  2.770000e-30  8.770000e-30  2.770000e-29  8.740000e-29  2.780000e-28  8.740000e-28  2.690000e-27  6.750000e-27  7.010000e-27  2.870000e-27  
45.140394  1.320000e-35  4.130000e-35  1.300000e-34  4.160000e-34  1.310000e-33  4.170000e-33  1.320000e-32  4.140000e-32  1.310000e-31  4.150000e-31  1.310000e-30  4.160000e-30  1.300000e-29  4.120000e-29  1.300000e-28  4.110000e-28  1.310000e-27  4.040000e-27  1.000000e-26  1.010000e-26  4.100000e-27  
46.202594  2.060000e-35  6.480000e-35  2.050000e-34  6.490000e-34  2.060000e-33  6.500000e-33  2.050000e-32  6.470000e-32  2.060000e-31  6.490000e-31  2.060000e-30  6.510000e-30  2.050000e-29  6.480000e-29  2.050000e-28  6.500000e-28  2.050000e-27  6.300000e-27  1.550000e-26  1.520000e-26  6.080000e-27  
47.289788  3.350000e-35  1.060000e-34  3.360000e-34  1.060000e-33  3.360000e-33  1.060000e-32  3.360000e-32  1.070000e-31  3.330000e-31  1.060000e-30  3.350000e-30  1.070000e-29  3.350000e-29  1.060000e-28  3.350000e-28  1.060000e-27  3.350000e-27  1.030000e-26  2.500000e-26  2.380000e-26  9.400000e-27  
48.402565  5.640000e-35  1.780000e-34  5.640000e-34  1.780000e-33  5.660000e-33  1.780000e-32  5.650000e-32  1.790000e-31  5.640000e-31  1.790000e-30  5.630000e-30  1.790000e-29  5.640000e-29  1.780000e-28  5.620000e-28  1.780000e-27  5.620000e-27  1.720000e-26  4.090000e-26  3.800000e-26  1.480000e-26  
49.541527  9.680000e-35  3.060000e-34  9.700000e-34  3.070000e-33  9.660000e-33  3.060000e-32  9.670000e-32  3.050000e-31  9.700000e-31  3.060000e-30  9.640000e-30  3.050000e-29  9.690000e-29  3.070000e-28  9.700000e-28  3.060000e-27  9.640000e-27  2.930000e-26  6.930000e-26  6.120000e-26  2.370000e-26  
50.707290  1.680000e-34  5.290000e-34  1.680000e-33  5.340000e-33  1.680000e-32  5.330000e-32  1.680000e-31  5.330000e-31  1.680000e-30  5.320000e-30  1.690000e-29  5.310000e-29  1.690000e-28  5.340000e-28  1.680000e-27  5.320000e-27  1.680000e-26  5.120000e-26  1.170000e-25  9.990000e-26  3.810000e-26  
51.900484  2.970000e-34  9.450000e-34  2.980000e-33  9.390000e-33  2.980000e-32  9.380000e-32  2.980000e-31  9.380000e-31  2.980000e-30  9.370000e-30  2.980000e-29  9.380000e-29  2.980000e-28  9.410000e-28  2.970000e-27  9.450000e-27  2.960000e-26  9.010000e-26  2.020000e-25  1.630000e-25  6.110000e-26  
53.121756  5.370000e-34  1.690000e-33  5.380000e-33  1.700000e-32  5.360000e-32  1.690000e-31  5.360000e-31  1.700000e-30  5.350000e-30  1.700000e-29  5.360000e-29  1.700000e-28  5.370000e-28  1.690000e-27  5.360000e-27  1.700000e-26  5.330000e-26  1.610000e-25  3.510000e-25  2.670000e-25  9.860000e-26  
54.370000  9.960000e-34  3.140000e-33  9.990000e-33  3.150000e-32  9.930000e-32  3.140000e-31  9.920000e-31  3.150000e-30  9.940000e-30  3.150000e-29  9.910000e-29  3.150000e-28  9.920000e-28  3.150000e-27  9.920000e-27  3.140000e-26  9.830000e-26  2.960000e-25  6.190000e-25  4.420000e-25  1.610000e-25  
55.650000  1.930000e-33  6.060000e-33  1.920000e-32  6.100000e-32  1.930000e-31  6.080000e-31  1.920000e-30  6.080000e-30  1.930000e-29  6.090000e-29  1.920000e-28  6.080000e-28  1.930000e-27  6.070000e-27  1.930000e-26  6.070000e-26  1.910000e-25  5.720000e-25  1.120000e-24  7.460000e-25  2.660000e-25  
56.960000  4.000000e-33  1.260000e-32  3.990000e-32  1.260000e-31  4.000000e-31  1.270000e-30  4.000000e-30  1.260000e-29  3.990000e-29  1.260000e-28  4.000000e-28  1.260000e-27  3.980000e-27  1.260000e-26  3.990000e-26  1.260000e-25  3.960000e-25  1.170000e-24  2.130000e-24  1.290000e-24  4.520000e-25  
58.300000  9.300000e-33  2.960000e-32  9.330000e-32  2.950000e-31  9.340000e-31  2.960000e-30  9.340000e-30  2.940000e-29  9.350000e-29  2.950000e-28  9.330000e-28  2.950000e-27  9.330000e-27  2.950000e-26  9.350000e-26  2.940000e-25  9.220000e-25  2.640000e-24  4.340000e-24  2.390000e-24  8.090000e-25  
60.000000  3.740000e-32  1.190000e-31  3.750000e-31  1.180000e-30  3.740000e-30  1.180000e-29  3.750000e-29  1.190000e-28  3.740000e-28  1.180000e-27  3.740000e-27  1.180000e-26  3.750000e-26  1.180000e-25  3.720000e-25  1.180000e-24  3.690000e-24  9.990000e-24  1.300000e-23  5.950000e-24  1.960000e-24  
61.000000  1.270000e-31  4.010000e-31  1.270000e-30  4.010000e-30  1.260000e-29  4.010000e-29  1.260000e-28  3.990000e-28  1.270000e-27  3.990000e-27  1.270000e-26  4.020000e-26  1.260000e-25  4.010000e-25  1.270000e-24  3.970000e-24  1.220000e-23  3.040000e-23  3.060000e-23  1.240000e-23  4.040000e-24  
61.500000  3.130000e-31  9.880000e-31  3.130000e-30  9.870000e-30  3.120000e-29  9.950000e-29  3.130000e-28  9.860000e-28  3.130000e-27  9.920000e-27  3.150000e-26  9.920000e-26  3.140000e-25  9.900000e-25  3.140000e-24  9.870000e-24  2.990000e-23  6.690000e-23  5.500000e-23  2.070000e-23  6.700000e-24  
61.800000  6.760000e-31  2.140000e-30  6.760000e-30  2.140000e-29  6.760000e-29  2.140000e-28  6.800000e-28  2.150000e-27  6.780000e-27  2.140000e-26  6.800000e-26  2.140000e-25  6.770000e-25  2.140000e-24  6.740000e-24  2.120000e-23  6.350000e-23  1.290000e-22  8.900000e-23  3.160000e-23  1.010000e-23  
62.000000  1.380000e-30  4.350000e-30  1.380000e-29  4.370000e-29  1.380000e-28  4.350000e-28  1.380000e-27  4.370000e-27  1.380000e-26  4.350000e-26  1.380000e-25  4.360000e-25  1.380000e-24  4.370000e-24  1.380000e-23  4.310000e-23  1.260000e-22  2.260000e-22  1.340000e-22  4.650000e-23  1.480000e-23  
62.200000  3.970000e-30  1.260000e-29  3.970000e-29  1.260000e-28  3.970000e-28  1.260000e-27  3.970000e-27  1.260000e-26  3.970000e-26  1.260000e-25  3.980000e-25  1.260000e-24  3.980000e-24  1.250000e-23  3.960000e-23  1.230000e-22  3.430000e-22  4.930000e-22  2.400000e-22  8.060000e-23  2.570000e-23  
62.300000  9.110000e-30  2.880000e-29  9.100000e-29  2.880000e-28  9.110000e-28  2.880000e-27  9.070000e-27  2.880000e-26  9.120000e-26  2.880000e-25  9.120000e-25  2.880000e-24  9.120000e-24  2.870000e-23  9.080000e-23  2.810000e-22  7.370000e-22  8.620000e-22  3.770000e-22  1.240000e-22  3.930000e-23  
62.350000  1.640000e-29  5.170000e-29  1.630000e-28  5.150000e-28  1.640000e-27  5.160000e-27  1.640000e-26  5.170000e-26  1.640000e-25  5.160000e-25  1.640000e-24  5.170000e-24  1.640000e-23  5.170000e-23  1.620000e-22  5.000000e-22  1.240000e-21  1.260000e-21  5.090000e-22  1.660000e-22  5.300000e-23  
62.400000  3.710000e-29  1.170000e-28  3.700000e-28  1.170000e-27  3.710000e-27  1.170000e-26  3.710000e-26  1.170000e-25  3.710000e-25  1.170000e-24  3.720000e-24  1.180000e-23  3.730000e-23  1.180000e-22  3.710000e-22  1.120000e-21  2.510000e-21  2.070000e-21  7.830000e-22  2.520000e-22  8.000000e-23  
62.430000  7.620000e-29  2.410000e-28  7.620000e-28  2.410000e-27  7.620000e-27  2.410000e-26  7.600000e-26  2.420000e-25  7.610000e-25  2.420000e-24  7.630000e-24  2.410000e-23  7.610000e-23  2.400000e-22  7.540000e-22  2.250000e-21  4.510000e-21  3.140000e-21  1.130000e-21  3.620000e-22  1.150000e-22  
62.450000  1.500000e-28  4.740000e-28  1.510000e-27  4.730000e-27  1.500000e-26  4.740000e-26  1.500000e-25  4.750000e-25  1.500000e-24  4.730000e-24  1.500000e-23  4.720000e-23  1.500000e-22  4.760000e-22  1.480000e-21  4.280000e-21  7.610000e-21  4.570000e-21  1.590000e-21  5.110000e-22  1.620000e-22  
62.460000  2.340000e-28  7.420000e-28  2.350000e-27  7.460000e-27  2.350000e-26  7.390000e-26  2.350000e-25  7.430000e-25  2.350000e-24  7.440000e-24  2.350000e-23  7.410000e-23  2.350000e-22  7.380000e-22  2.310000e-21  6.570000e-21  1.060000e-20  5.830000e-21  2.000000e-21  6.380000e-22  2.030000e-22  
62.470000  4.190000e-28  1.320000e-27  4.170000e-27  1.320000e-26  4.180000e-26  1.320000e-25  4.180000e-25  1.320000e-24  4.180000e-24  1.320000e-23  4.190000e-23  1.320000e-22  4.160000e-22  1.320000e-21  4.090000e-21  1.130000e-20  1.590000e-20  7.930000e-21  2.700000e-21  8.530000e-22  2.710000e-22  
62.475000  6.000000e-28  1.910000e-27  6.040000e-27  1.900000e-26  6.030000e-26  1.900000e-25  6.030000e-25  1.900000e-24  6.030000e-24  1.910000e-23  6.020000e-23  1.910000e-22  6.000000e-22  1.900000e-21  5.840000e-21  1.560000e-20  2.040000e-20  9.580000e-21  3.210000e-21  1.030000e-21  3.240000e-22  
62.480000  9.350000e-28  2.980000e-27  9.390000e-27  2.970000e-26  9.430000e-26  2.980000e-25  9.410000e-25  2.980000e-24  9.400000e-24  2.970000e-23  9.410000e-23  2.980000e-22  9.340000e-22  2.960000e-21  9.020000e-21  2.330000e-20  2.720000e-20  1.210000e-20  4.010000e-21  1.280000e-21  4.070000e-22  
62.485000  1.670000e-27  5.290000e-27  1.680000e-26  5.300000e-26  1.670000e-25  5.280000e-25  1.670000e-24  5.290000e-24  1.670000e-23  5.280000e-23  1.680000e-22  5.280000e-22  1.670000e-21  5.250000e-21  1.590000e-20  3.820000e-20  3.860000e-20  1.630000e-20  5.360000e-21  1.710000e-21  5.410000e-22  
62.490000  3.770000e-27  1.190000e-26  3.760000e-26  1.190000e-25  3.760000e-25  1.190000e-24  3.770000e-24  1.190000e-23  3.740000e-23  1.180000e-22  3.750000e-22  1.190000e-21  3.740000e-21  1.170000e-20  3.450000e-20  7.420000e-20  6.230000e-20  2.450000e-20  8.040000e-21  2.570000e-21  8.130000e-22  
62.493000  7.570000e-27  2.400000e-26  7.590000e-26  2.400000e-25  7.620000e-25  2.410000e-24  7.590000e-24  2.400000e-23  7.610000e-23  2.410000e-22  7.610000e-22  2.400000e-21  7.560000e-21  2.330000e-20  6.680000e-20  1.280000e-19  9.240000e-20  3.510000e-20  1.150000e-20  3.640000e-21  1.170000e-21  
62.495000  1.470000e-26  4.630000e-26  1.460000e-25  4.640000e-25  1.470000e-24  4.650000e-24  1.450000e-23  4.630000e-23  1.470000e-22  4.630000e-22  1.460000e-21  4.620000e-21  1.440000e-20  4.410000e-20  1.210000e-19  2.030000e-19  1.310000e-19  4.910000e-20  1.600000e-20  5.120000e-21  1.630000e-21  
62.497000  3.820000e-26  1.200000e-25  3.810000e-25  1.210000e-24  3.810000e-24  1.210000e-23  3.810000e-23  1.200000e-22  3.820000e-22  1.210000e-21  3.820000e-21  1.200000e-20  3.710000e-20  1.110000e-19  2.760000e-19  3.810000e-19  2.180000e-19  8.090000e-20  2.660000e-20  8.580000e-21  2.710000e-21  
62.498000  7.650000e-26  2.410000e-25  7.620000e-25  2.410000e-24  7.660000e-24  2.400000e-23  7.620000e-23  2.420000e-22  7.660000e-22  2.410000e-21  7.630000e-21  2.390000e-20  7.340000e-20  2.120000e-19  4.790000e-19  5.830000e-19  3.230000e-19  1.210000e-19  4.010000e-20  1.280000e-20  4.080000e-21  
62.499000  1.890000e-25  5.980000e-25  1.890000e-24  5.980000e-24  1.890000e-23  5.980000e-23  1.890000e-22  5.980000e-22  1.880000e-21  5.990000e-21  1.890000e-20  5.850000e-20  1.750000e-19  4.770000e-19  9.860000e-19  1.080000e-18  6.070000e-19  2.350000e-19  7.910000e-20  2.560000e-20  8.150000e-21  
62.500000  3.590000e-25  1.140000e-24  3.610000e-24  1.140000e-23  3.600000e-23  1.140000e-22  3.610000e-22  1.140000e-21  3.620000e-21  1.140000e-20  3.610000e-20  1.140000e-19  3.600000e-19  1.140000e-18  3.610000e-18  1.140000e-17  3.620000e-17  1.140000e-16  3.600000e-16  1.140000e-15  3.600000e-15  
62.501000  1.810000e-25  5.720000e-25  1.810000e-24  5.700000e-24  1.800000e-23  5.700000e-23  1.800000e-22  5.680000e-22  1.810000e-21  5.720000e-21  1.800000e-20  5.700000e-20  1.810000e-19  5.690000e-19  1.810000e-18  5.710000e-18  1.810000e-17  5.710000e-17  1.800000e-16  5.710000e-16  1.800000e-15  
62.502000  7.380000e-26  2.330000e-25  7.360000e-25  2.330000e-24  7.330000e-24  2.330000e-23  7.360000e-23  2.330000e-22  7.340000e-22  2.330000e-21  7.360000e-21  2.310000e-20  7.360000e-20  2.330000e-19  7.360000e-19  2.320000e-18  7.360000e-18  2.330000e-17  7.350000e-17  2.340000e-16  7.360000e-16  
62.503000  3.710000e-26  1.180000e-25  3.740000e-25  1.170000e-24  3.720000e-24  1.170000e-23  3.720000e-23  1.170000e-22  3.720000e-22  1.170000e-21  3.720000e-21  1.180000e-20  3.700000e-20  1.170000e-19  3.710000e-19  1.180000e-18  3.720000e-18  1.170000e-17  3.720000e-17  1.170000e-16  3.730000e-16  
62.505000  1.440000e-26  4.560000e-26  1.440000e-25  4.560000e-25  1.450000e-24  4.560000e-24  1.430000e-23  4.560000e-23  1.440000e-22  4.560000e-22  1.440000e-21  4.550000e-21  1.440000e-20  4.540000e-20  1.450000e-19  4.550000e-19  1.440000e-18  4.560000e-18  1.440000e-17  4.540000e-17  1.440000e-16  
62.507000  7.530000e-27  2.370000e-26  7.500000e-26  2.370000e-25  7.540000e-25  2.390000e-24  7.500000e-24  2.370000e-23  7.530000e-23  2.380000e-22  7.510000e-22  2.390000e-21  7.510000e-21  2.380000e-20  7.540000e-20  2.390000e-19  7.510000e-19  2.380000e-18  7.520000e-18  2.380000e-17  7.510000e-17  
62.510000  3.740000e-27  1.180000e-26  3.720000e-26  1.190000e-25  3.730000e-25  1.190000e-24  3.740000e-24  1.180000e-23  3.730000e-23  1.180000e-22  3.730000e-22  1.180000e-21  3.750000e-21  1.180000e-20  3.750000e-20  1.180000e-19  3.740000e-19  1.190000e-18  3.740000e-18  1.180000e-17  3.750000e-17  
62.515000  1.680000e-27  5.310000e-27  1.670000e-26  5.280000e-26  1.680000e-25  5.290000e-25  1.680000e-24  5.290000e-24  1.670000e-23  5.280000e-23  1.660000e-22  5.280000e-22  1.670000e-21  5.290000e-21  1.670000e-20  5.270000e-20  1.670000e-19  5.280000e-19  1.670000e-18  5.310000e-18  1.680000e-17  
62.520000  9.450000e-28  2.980000e-27  9.460000e-27  2.980000e-26  9.440000e-26  2.980000e-25  9.410000e-25  2.990000e-24  9.430000e-24  2.980000e-23  9.450000e-23  3.000000e-22  9.440000e-22  2.990000e-21  9.480000e-21  3.000000e-20  9.460000e-20  2.970000e-19  9.400000e-19  2.980000e-18  9.440000e-18  
62.525000  6.060000e-28  1.910000e-27  6.070000e-27  1.920000e-26  6.070000e-26  1.910000e-25  6.060000e-25  1.920000e-24  6.080000e-24  1.920000e-23  6.060000e-23  1.920000e-22  6.080000e-22  1.920000e-21  6.030000e-21  1.920000e-20  6.050000e-20  1.920000e-19  6.100000e-19  1.910000e-18  6.080000e-18  
62.530000  4.200000e-28  1.340000e-27  4.210000e-27  1.340000e-26  4.210000e-26  1.330000e-25  4.200000e-25  1.340000e-24  4.220000e-24  1.330000e-23  4.200000e-23  1.330000e-22  4.220000e-22  1.340000e-21  4.220000e-21  1.330000e-20  4.220000e-20  1.330000e-19  4.210000e-19  1.330000e-18  4.210000e-18  
62.540000  2.380000e-28  7.500000e-28  2.380000e-27  7.490000e-27  2.380000e-26  7.530000e-26  2.370000e-25  7.500000e-25  2.380000e-24  7.510000e-24  2.370000e-23  7.520000e-23  2.390000e-22  7.500000e-22  2.390000e-21  7.510000e-21  2.380000e-20  7.490000e-20  2.370000e-19  7.520000e-19  2.380000e-18  
62.550000  1.520000e-28  4.820000e-28  1.530000e-27  4.820000e-27  1.520000e-26  4.820000e-26  1.520000e-25  4.830000e-25  1.530000e-24  4.810000e-24  1.520000e-23  4.810000e-23  1.530000e-22  4.830000e-22  1.520000e-21  4.830000e-21  1.530000e-20  4.830000e-20  1.530000e-19  4.820000e-19  1.530000e-18  
62.570000  7.850000e-29  2.480000e-28  7.810000e-28  2.470000e-27  7.800000e-27  2.470000e-26  7.810000e-26  2.470000e-25  7.800000e-25  2.470000e-24  7.860000e-24  2.460000e-23  7.830000e-23  2.480000e-22  7.810000e-22  2.470000e-21  7.790000e-21  2.450000e-20  7.820000e-20  2.470000e-19  7.800000e-19  
62.600000  3.850000e-29  1.220000e-28  3.840000e-28  1.220000e-27  3.830000e-27  1.220000e-26  3.860000e-26  1.210000e-25  3.850000e-25  1.220000e-24  3.840000e-24  1.220000e-23  3.840000e-23  1.220000e-22  3.840000e-22  1.220000e-21  3.860000e-21  1.220000e-20  3.850000e-20  1.220000e-19  3.860000e-19  
62.650000  1.720000e-29  5.440000e-29  1.720000e-28  5.470000e-28  1.730000e-27  5.440000e-27  1.730000e-26  5.450000e-26  1.720000e-25  5.480000e-25  1.730000e-24  5.450000e-24  1.740000e-23  5.470000e-23  1.730000e-22  5.470000e-22  1.730000e-21  5.470000e-21  1.730000e-20  5.470000e-20  1.730000e-19  
62.700000  9.810000e-30  3.100000e-29  9.790000e-29  3.080000e-28  9.820000e-28  3.090000e-27  9.840000e-27  3.090000e-26  9.800000e-26  3.110000e-25  9.790000e-25  3.100000e-24  9.810000e-24  3.100000e-23  9.830000e-23  3.110000e-22  9.820000e-22  3.100000e-21  9.760000e-21  3.100000e-20  9.790000e-20  
62.800000  4.440000e-30  1.410000e-29  4.430000e-29  1.410000e-28  4.440000e-28  1.410000e-27  4.430000e-27  1.410000e-26  4.430000e-26  1.410000e-25  4.450000e-25  1.400000e-24  4.440000e-24  1.400000e-23  4.430000e-23  1.410000e-22  4.440000e-22  1.400000e-21  4.460000e-21  1.400000e-20  4.430000e-20  
63.000000  1.650000e-30  5.230000e-30  1.660000e-29  5.260000e-29  1.650000e-28  5.260000e-28  1.650000e-27  5.240000e-27  1.660000e-26  5.240000e-26  1.660000e-25  5.230000e-25  1.660000e-24  5.250000e-24  1.660000e-23  5.260000e-23  1.660000e-22  5.250000e-22  1.660000e-21  5.240000e-21  1.660000e-20  
63.200000  8.790000e-31  2.770000e-30  8.840000e-30  2.770000e-29  8.780000e-29  2.780000e-28  8.790000e-28  2.780000e-27  8.780000e-27  2.780000e-26  8.780000e-26  2.780000e-25  8.760000e-25  2.780000e-24  8.790000e-24  2.780000e-23  8.760000e-23  2.780000e-22  8.790000e-22  2.780000e-21  8.790000e-21  
63.600000  3.810000e-31  1.210000e-30  3.820000e-30  1.210000e-29  3.830000e-29  1.210000e-28  3.820000e-28  1.210000e-27  3.820000e-27  1.210000e-26  3.820000e-26  1.200000e-25  3.820000e-25  1.210000e-24  3.820000e-24  1.210000e-23  3.830000e-23  1.200000e-22  3.820000e-22  1.210000e-21  3.830000e-21  
64.200000  1.790000e-31  5.630000e-31  1.770000e-30  5.620000e-30  1.790000e-29  5.620000e-29  1.780000e-28  5.620000e-28  1.780000e-27  5.630000e-27  1.790000e-26  5.620000e-26  1.780000e-25  5.640000e-25  1.790000e-24  5.640000e-24  1.790000e-23  5.630000e-23  1.780000e-22  5.630000e-22  1.780000e-21  
65.500000  7.210000e-32  2.270000e-31  7.200000e-31  2.280000e-30  7.180000e-30  2.280000e-29  7.190000e-29  2.280000e-28  7.150000e-28  2.270000e-27  7.180000e-27  2.280000e-26  7.200000e-26  2.270000e-25  7.180000e-25  2.280000e-24  7.210000e-24  2.270000e-23  7.190000e-23  2.280000e-22  7.210000e-22  
67.030000  4.120000e-32  1.300000e-31  4.110000e-31  1.300000e-30  4.100000e-30  1.300000e-29  4.090000e-29  1.300000e-28  4.130000e-28  1.300000e-27  4.110000e-27  1.300000e-26  4.130000e-26  1.300000e-25  4.110000e-25  1.300000e-24  4.110000e-24  1.300000e-23  4.110000e-23  1.300000e-22  4.110000e-22  
68.610000  2.960000e-32  9.340000e-32  2.950000e-31  9.370000e-31  2.960000e-30  9.340000e-30  2.970000e-29  9.310000e-29  2.950000e-28  9.410000e-28  2.960000e-27  9.400000e-27  2.960000e-26  9.400000e-26  2.950000e-25  9.350000e-25  2.970000e-24  9.410000e-24  2.980000e-23  9.380000e-23  2.960000e-22  
70.220000  2.460000e-32  7.780000e-32  2.460000e-31  7.750000e-31  2.450000e-30  7.770000e-30  2.450000e-29  7.750000e-29  2.450000e-28  7.740000e-28  2.440000e-27  7.710000e-27  2.450000e-26  7.700000e-26  2.440000e-25  7.750000e-25  2.440000e-24  7.750000e-24  2.450000e-23  7.760000e-23  2.450000e-22  
71.880000  2.230000e-32  7.060000e-32  2.240000e-31  7.080000e-31  2.240000e-30  7.060000e-30  2.230000e-29  7.070000e-29  2.240000e-28  7.030000e-28  2.230000e-27  7.120000e-27  2.230000e-26  7.110000e-26  2.230000e-25  7.090000e-25  2.230000e-24  7.060000e-24  2.230000e-23  7.070000e-23  2.230000e-22  
73.567595  2.220000e-32  7.010000e-32  2.210000e-31  7.030000e-31  2.210000e-30  7.000000e-30  2.220000e-29  7.010000e-29  2.220000e-28  7.010000e-28  2.200000e-27  7.000000e-27  2.220000e-26  7.020000e-26  2.210000e-25  7.020000e-25  2.210000e-24  6.980000e-24  2.230000e-23  6.970000e-23  2.220000e-22  
75.298716  2.400000e-32  7.620000e-32  2.400000e-31  7.580000e-31  2.420000e-30  7.610000e-30  2.390000e-29  7.600000e-29  2.420000e-28  7.600000e-28  2.400000e-27  7.630000e-27  2.400000e-26  7.600000e-26  2.390000e-25  7.570000e-25  2.410000e-24  7.580000e-24  2.400000e-23  7.580000e-23  2.410000e-22  
77.070572  2.950000e-32  9.320000e-32  2.940000e-31  9.330000e-31  2.960000e-30  9.370000e-30  2.950000e-29  9.290000e-29  2.960000e-28  9.300000e-28  2.950000e-27  9.320000e-27  2.960000e-26  9.320000e-26  2.960000e-25  9.350000e-25  2.940000e-24  9.340000e-24  2.950000e-23  9.320000e-23  2.950000e-22  
78.884121  4.730000e-32  1.490000e-31  4.740000e-31  1.500000e-30  4.700000e-30  1.500000e-29  4.730000e-29  1.490000e-28  4.730000e-28  1.500000e-27  4.720000e-27  1.500000e-26  4.710000e-26  1.500000e-25  4.700000e-25  1.500000e-24  4.710000e-24  1.490000e-23  4.710000e-23  1.490000e-22  4.730000e-22  
80.740345  1.070000e-31  3.370000e-31  1.060000e-30  3.360000e-30  1.060000e-29  3.360000e-29  1.060000e-28  3.360000e-28  1.060000e-27  3.370000e-27  1.060000e-26  3.360000e-26  1.060000e-25  3.360000e-25  1.070000e-24  3.350000e-24  1.060000e-23  3.350000e-23  1.060000e-22  3.350000e-22  1.070000e-21  
82.640248  1.450000e-31  4.610000e-31  1.460000e-30  4.610000e-30  1.450000e-29  4.610000e-29  1.450000e-28  4.600000e-28  1.460000e-27  4.610000e-27  1.450000e-26  4.600000e-26  1.450000e-25  4.610000e-25  1.450000e-24  4.610000e-24  1.450000e-23  4.600000e-23  1.460000e-22  4.590000e-22  1.450000e-21  
84.584857  1.570000e-31  4.940000e-31  1.580000e-30  4.980000e-30  1.560000e-29  4.960000e-29  1.570000e-28  4.970000e-28  1.580000e-27  4.940000e-27  1.570000e-26  4.980000e-26  1.560000e-25  4.960000e-25  1.570000e-24  4.950000e-24  1.560000e-23  4.960000e-23  1.570000e-22  4.970000e-22  1.570000e-21  
86.575226  1.560000e-31  4.960000e-31  1.560000e-30  4.960000e-30  1.570000e-29  4.930000e-29  1.570000e-28  4.960000e-28  1.570000e-27  4.950000e-27  1.570000e-26  4.940000e-26  1.570000e-25  4.940000e-25  1.570000e-24  4.950000e-24  1.570000e-23  4.960000e-23  1.570000e-22  4.940000e-22  1.560000e-21  
88.612429  1.520000e-31  4.770000e-31  1.520000e-30  4.790000e-30  1.520000e-29  4.780000e-29  1.520000e-28  4.790000e-28  1.520000e-27  4.790000e-27  1.520000e-26  4.790000e-26  1.510000e-25  4.770000e-25  1.520000e-24  4.780000e-24  1.520000e-23  4.790000e-23  1.510000e-22  4.800000e-22  1.510000e-21  
90.697570  1.440000e-31  4.560000e-31  1.450000e-30  4.550000e-30  1.440000e-29  4.550000e-29  1.440000e-28  4.570000e-28  1.440000e-27  4.560000e-27  1.440000e-26  4.550000e-26  1.440000e-25  4.540000e-25  1.440000e-24  4.570000e-24  1.440000e-23  4.560000e-23  1.450000e-22  4.580000e-22  1.440000e-21  
92.831777  1.370000e-31  4.320000e-31  1.360000e-30  4.320000e-30  1.360000e-29  4.300000e-29  1.360000e-28  4.310000e-28  1.370000e-27  4.280000e-27  1.360000e-26  4.300000e-26  1.360000e-25  4.320000e-25  1.370000e-24  4.280000e-24  1.360000e-23  4.310000e-23  1.360000e-22  4.290000e-22  1.360000e-21  
95.016203  1.280000e-31  4.040000e-31  1.280000e-30  4.050000e-30  1.280000e-29  4.050000e-29  1.280000e-28  4.050000e-28  1.280000e-27  4.040000e-27  1.280000e-26  4.060000e-26  1.280000e-25  4.050000e-25  1.280000e-24  4.040000e-24  1.280000e-23  4.040000e-23  1.280000e-22  4.060000e-22  1.280000e-21  
97.252032  1.210000e-31  3.820000e-31  1.210000e-30  3.830000e-30  1.200000e-29  3.810000e-29  1.210000e-28  3.810000e-28  1.200000e-27  3.820000e-27  1.210000e-26  3.820000e-26  1.200000e-25  3.820000e-25  1.210000e-24  3.800000e-24  1.200000e-23  3.800000e-23  1.200000e-22  3.800000e-22  1.210000e-21  
99.540471  1.130000e-31  3.590000e-31  1.130000e-30  3.580000e-30  1.130000e-29  3.590000e-29  1.130000e-28  3.580000e-28  1.130000e-27  3.590000e-27  1.130000e-26  3.570000e-26  1.130000e-25  3.560000e-25  1.130000e-24  3.590000e-24  1.130000e-23  3.580000e-23  1.130000e-22  3.590000e-22  1.130000e-21  
101.882760  1.070000e-31  3.370000e-31  1.060000e-30  3.390000e-30  1.060000e-29  3.370000e-29  1.060000e-28  3.360000e-28  1.070000e-27  3.370000e-27  1.060000e-26  3.370000e-26  1.070000e-25  3.360000e-25  1.060000e-24  3.360000e-24  1.060000e-23  3.350000e-23  1.060000e-22  3.370000e-22  1.060000e-21  
104.280166  1.000000e-31  3.190000e-31  9.990000e-31  3.160000e-30  1.000000e-29  3.170000e-29  1.000000e-28  3.170000e-28  1.000000e-27  3.160000e-27  1.010000e-26  3.170000e-26  1.010000e-25  3.170000e-25  1.000000e-24  3.160000e-24  9.990000e-24  3.180000e-23  1.000000e-22  3.160000e-22  1.000000e-21  
106.733985  9.400000e-32  2.970000e-31  9.430000e-31  3.000000e-30  9.470000e-30  2.980000e-29  9.450000e-29  3.010000e-28  9.450000e-28  2.970000e-27  9.410000e-27  2.980000e-26  9.490000e-26  2.980000e-25  9.450000e-25  2.990000e-24  9.440000e-24  2.990000e-23  9.430000e-23  2.980000e-22  9.450000e-22  
109.245544  8.930000e-32  2.810000e-31  8.920000e-31  2.810000e-30  8.900000e-30  2.810000e-29  8.980000e-29  2.820000e-28  8.920000e-28  2.820000e-27  8.930000e-27  2.810000e-26  8.880000e-26  2.820000e-25  8.940000e-25  2.820000e-24  8.910000e-24  2.830000e-23  8.950000e-23  2.830000e-22  8.900000e-22  
111.816204  8.450000e-32  2.670000e-31  8.430000e-31  2.670000e-30  8.430000e-30  2.660000e-29  8.400000e-29  2.670000e-28  8.430000e-28  2.660000e-27  8.470000e-27  2.650000e-26  8.420000e-26  2.670000e-25  8.390000e-25  2.670000e-24  8.400000e-24  2.660000e-23  8.430000e-23  2.660000e-22  8.390000e-22  
114.447353  7.980000e-32  2.520000e-31  7.960000e-31  2.520000e-30  7.970000e-30  2.520000e-29  7.970000e-29  2.520000e-28  7.950000e-28  2.530000e-27  7.970000e-27  2.520000e-26  7.980000e-26  2.540000e-25  7.980000e-25  2.520000e-24  7.960000e-24  2.520000e-23  7.980000e-23  2.520000e-22  7.970000e-22  
117.140416  7.540000e-32  2.380000e-31  7.560000e-31  2.390000e-30  7.560000e-30  2.390000e-29  7.580000e-29  2.390000e-28  7.570000e-28  2.390000e-27  7.600000e-27  2.390000e-26  7.560000e-26  2.400000e-25  7.530000e-25  2.380000e-24  7.550000e-24  2.400000e-23  7.550000e-23  2.390000e-22  7.540000e-22  
119.896850  7.180000e-32  2.260000e-31  7.150000e-31  2.270000e-30  7.180000e-30  2.260000e-29  7.170000e-29  2.260000e-28  7.170000e-28  2.260000e-27  7.150000e-27  2.280000e-26  7.160000e-26  2.270000e-25  7.190000e-25  2.260000e-24  7.180000e-24  2.270000e-23  7.170000e-23  2.260000e-22  7.160000e-22  
122.718145  6.790000e-32  2.160000e-31  6.810000e-31  2.140000e-30  6.780000e-30  2.150000e-29  6.800000e-29  2.150000e-28  6.790000e-28  2.140000e-27  6.760000e-27  2.140000e-26  6.790000e-26  2.150000e-25  6.780000e-25  2.150000e-24  6.800000e-24  2.150000e-23  6.790000e-23  2.150000e-22  6.820000e-22  
125.605829  6.470000e-32  2.050000e-31  6.450000e-31  2.040000e-30  6.450000e-30  2.040000e-29  6.460000e-29  2.040000e-28  6.450000e-28  2.040000e-27  6.450000e-27  2.040000e-26  6.450000e-26  2.040000e-25  6.470000e-25  2.040000e-24  6.450000e-24  2.040000e-23  6.460000e-23  2.050000e-22  6.470000e-22  
128.561462  6.140000e-32  1.930000e-31  6.140000e-31  1.940000e-30  6.150000e-30  1.940000e-29  6.120000e-29  1.940000e-28  6.140000e-28  1.940000e-27  6.130000e-27  1.950000e-26  6.110000e-26  1.950000e-25  6.150000e-25  1.940000e-24  6.150000e-24  1.940000e-23  6.160000e-23  1.940000e-22  6.150000e-22  
131.586645  5.850000e-32  1.850000e-31  5.860000e-31  1.850000e-30  5.850000e-30  1.850000e-29  5.840000e-29  1.840000e-28  5.840000e-28  1.850000e-27  5.830000e-27  1.850000e-26  5.830000e-26  1.850000e-25  5.820000e-25  1.850000e-24  5.830000e-24  1.840000e-23  5.830000e-23  1.840000e-22  5.850000e-22  
134.683013  5.550000e-32  1.760000e-31  5.540000e-31  1.760000e-30  5.580000e-30  1.760000e-29  5.570000e-29  1.760000e-28  5.550000e-28  1.760000e-27  5.550000e-27  1.760000e-26  5.560000e-26  1.760000e-25  5.560000e-25  1.760000e-24  5.560000e-24  1.760000e-23  5.580000e-23  1.760000e-22  5.580000e-22  
137.852242  5.280000e-32  1.680000e-31  5.280000e-31  1.680000e-30  5.300000e-30  1.680000e-29  5.320000e-29  1.680000e-28  5.310000e-28  1.680000e-27  5.300000e-27  1.680000e-26  5.320000e-26  1.680000e-25  5.310000e-25  1.670000e-24  5.310000e-24  1.680000e-23  5.310000e-23  1.680000e-22  5.300000e-22  
141.096046  5.040000e-32  1.590000e-31  5.080000e-31  1.600000e-30  5.060000e-30  1.600000e-29  5.060000e-29  1.600000e-28  5.050000e-28  1.590000e-27  5.020000e-27  1.600000e-26  5.070000e-26  1.600000e-25  5.040000e-25  1.590000e-24  5.060000e-24  1.600000e-23  5.060000e-23  1.600000e-22  5.030000e-22  
144.416180  4.820000e-32  1.530000e-31  4.820000e-31  1.520000e-30  4.810000e-30  1.520000e-29  4.810000e-29  1.520000e-28  4.810000e-28  1.520000e-27  4.810000e-27  1.520000e-26  4.830000e-26  1.520000e-25  4.830000e-25  1.530000e-24  4.810000e-24  1.520000e-23  4.820000e-23  1.530000e-22  4.820000e-22  
147.814441  4.590000e-32  1.450000e-31  4.600000e-31  1.450000e-30  4.600000e-30  1.460000e-29  4.590000e-29  1.450000e-28  4.620000e-28  1.450000e-27  4.600000e-27  1.460000e-26  4.600000e-26  1.450000e-25  4.590000e-25  1.450000e-24  4.590000e-24  1.450000e-23  4.570000e-23  1.450000e-22  4.590000e-22  
151.292666  4.380000e-32  1.390000e-31  4.380000e-31  1.380000e-30  4.370000e-30  1.390000e-29  4.400000e-29  1.390000e-28  4.390000e-28  1.390000e-27  4.380000e-27  1.380000e-26  4.370000e-26  1.380000e-25  4.370000e-25  1.380000e-24  4.380000e-24  1.390000e-23  4.380000e-23  1.390000e-22  4.370000e-22  
154.852737  4.170000e-32  1.320000e-31  4.190000e-31  1.330000e-30  4.190000e-30  1.320000e-29  4.170000e-29  1.320000e-28  4.170000e-28  1.320000e-27  4.200000e-27  1.320000e-26  4.190000e-26  1.330000e-25  4.190000e-25  1.330000e-24  4.180000e-24  1.320000e-23  4.180000e-23  1.320000e-22  4.200000e-22  
158.496580  4.000000e-32  1.260000e-31  4.010000e-31  1.260000e-30  4.000000e-30  1.270000e-29  4.000000e-29  1.260000e-28  3.990000e-28  1.260000e-27  3.990000e-27  1.260000e-26  4.010000e-26  1.260000e-25  3.990000e-25  1.270000e-24  4.000000e-24  1.260000e-23  3.990000e-23  1.260000e-22  4.000000e-22  
162.226166  3.810000e-32  1.200000e-31  3.810000e-31  1.200000e-30  3.810000e-30  1.210000e-29  3.820000e-29  1.210000e-28  3.820000e-28  1.210000e-27  3.820000e-27  1.210000e-26  3.820000e-26  1.210000e-25  3.820000e-25  1.210000e-24  3.820000e-24  1.200000e-23  3.830000e-23  1.210000e-22  3.790000e-22  
166.043514  3.640000e-32  1.150000e-31  3.630000e-31  1.160000e-30  3.640000e-30  1.150000e-29  3.640000e-29  1.150000e-28  3.640000e-28  1.150000e-27  3.630000e-27  1.150000e-26  3.650000e-26  1.150000e-25  3.640000e-25  1.150000e-24  3.630000e-24  1.150000e-23  3.640000e-23  1.150000e-22  3.640000e-22  
169.950687  3.480000e-32  1.100000e-31  3.470000e-31  1.100000e-30  3.490000e-30  1.100000e-29  3.480000e-29  1.100000e-28  3.480000e-28  1.100000e-27  3.470000e-27  1.100000e-26  3.480000e-26  1.100000e-25  3.490000e-25  1.100000e-24  3.480000e-24  1.100000e-23  3.470000e-23  1.100000e-22  3.470000e-22  
173.949801  3.320000e-32  1.050000e-31  3.320000e-31  1.050000e-30  3.330000e-30  1.050000e-29  3.320000e-29  1.050000e-28  3.310000e-28  1.050000e-27  3.330000e-27  1.060000e-26  3.320000e-26  1.050000e-25  3.330000e-25  1.050000e-24  3.330000e-24  1.050000e-23  3.330000e-23  1.050000e-22  3.320000e-22  
178.043017  3.180000e-32  1.000000e-31  3.170000e-31  1.000000e-30  3.180000e-30  1.000000e-29  3.180000e-29  1.000000e-28  3.170000e-28  1.000000e-27  3.160000e-27  1.000000e-26  3.170000e-26  1.000000e-25  3.170000e-25  1.000000e-24  3.180000e-24  1.000000e-23  3.170000e-23  1.000000e-22  3.190000e-22  
182.232551  3.030000e-32  9.580000e-32  3.040000e-31  9.590000e-31  3.040000e-30  9.590000e-30  3.040000e-29  9.610000e-29  3.030000e-28  9.590000e-28  3.030000e-27  9.560000e-27  3.030000e-26  9.560000e-26  3.030000e-25  9.610000e-25  3.020000e-24  9.580000e-24  3.030000e-23  9.590000e-23  3.030000e-22  
186.520669  2.900000e-32  9.160000e-32  2.900000e-31  9.130000e-31  2.900000e-30  9.170000e-30  2.890000e-29  9.160000e-29  2.900000e-28  9.180000e-28  2.890000e-27  9.150000e-27  2.890000e-26  9.160000e-26  2.890000e-25  9.150000e-25  2.900000e-24  9.180000e-24  2.900000e-23  9.150000e-23  2.890000e-22  
190.909691  2.770000e-32  8.740000e-32  2.770000e-31  8.750000e-31  2.770000e-30  8.760000e-30  2.770000e-29  8.750000e-29  2.760000e-28  8.760000e-28  2.770000e-27  8.780000e-27  2.760000e-26  8.740000e-26  2.760000e-25  8.760000e-25  2.780000e-24  8.770000e-24  2.770000e-23  8.760000e-23  2.770000e-22  
195.401991  2.650000e-32  8.370000e-32  2.640000e-31  8.370000e-31  2.650000e-30  8.350000e-30  2.640000e-29  8.360000e-29  2.640000e-28  8.380000e-28  2.650000e-27  8.370000e-27  2.650000e-26  8.360000e-26  2.650000e-25  8.340000e-25  2.650000e-24  8.360000e-24  2.650000e-23  8.380000e-23  2.640000e-22  
200.000000  2.530000e-32  8.000000e-32  2.530000e-31  8.030000e-31  2.530000e-30  8.010000e-30  2.520000e-29  7.980000e-29  2.530000e-28  7.990000e-28  2.530000e-27  8.010000e-27  2.530000e-26  7.990000e-26  2.520000e-25  7.990000e-25  2.530000e-24  7.990000e-24  2.530000e-23  7.990000e-23  2.530000e-22  
209.622627  2.300000e-32  7.300000e-32  2.320000e-31  7.300000e-31  2.320000e-30  7.270000e-30  2.310000e-29  7.280000e-29  2.300000e-28  7.300000e-28  2.300000e-27  7.290000e-27  2.310000e-26  7.300000e-26  2.300000e-25  7.280000e-25  2.300000e-24  7.280000e-24  2.310000e-23  7.300000e-23  2.310000e-22  
219.708228  2.110000e-32  6.670000e-32  2.100000e-31  6.670000e-31  2.100000e-30  6.650000e-30  2.100000e-29  6.650000e-29  2.100000e-28  6.640000e-28  2.110000e-27  6.650000e-27  2.100000e-26  6.670000e-26  2.110000e-25  6.670000e-25  2.100000e-24  6.670000e-24  2.110000e-23  6.650000e-23  2.100000e-22  
230.279080  1.920000e-32  6.070000e-32  1.920000e-31  6.080000e-31  1.920000e-30  6.070000e-30  1.920000e-29  6.040000e-29  1.920000e-28  6.050000e-28  1.920000e-27  6.100000e-27  1.920000e-26  6.050000e-26  1.920000e-25  6.070000e-25  1.920000e-24  6.080000e-24  1.930000e-23  6.060000e-23  1.930000e-22  
241.358528  1.750000e-32  5.540000e-32  1.750000e-31  5.550000e-31  1.750000e-30  5.540000e-30  1.750000e-29  5.530000e-29  1.750000e-28  5.530000e-28  1.750000e-27  5.530000e-27  1.760000e-26  5.540000e-26  1.760000e-25  5.540000e-25  1.750000e-24  5.530000e-24  1.760000e-23  5.540000e-23  1.760000e-22  
252.971043  1.600000e-32  5.060000e-32  1.600000e-31  5.060000e-31  1.600000e-30  5.060000e-30  1.600000e-29  5.050000e-29  1.600000e-28  5.050000e-28  1.600000e-27  5.070000e-27  1.590000e-26  5.050000e-26  1.600000e-25  5.050000e-25  1.600000e-24  5.060000e-24  1.600000e-23  5.060000e-23  1.600000e-22  
265.142273  1.460000e-32  4.600000e-32  1.460000e-31  4.610000e-31  1.460000e-30  4.600000e-30  1.460000e-29  4.610000e-29  1.460000e-28  4.610000e-28  1.460000e-27  4.620000e-27  1.460000e-26  4.610000e-26  1.460000e-25  4.600000e-25  1.460000e-24  4.600000e-24  1.450000e-23  4.610000e-23  1.460000e-22  
277.899099  1.330000e-32  4.200000e-32  1.330000e-31  4.200000e-31  1.330000e-30  4.210000e-30  1.330000e-29  4.210000e-29  1.330000e-28  4.210000e-28  1.330000e-27  4.210000e-27  1.330000e-26  4.220000e-26  1.330000e-25  4.210000e-25  1.330000e-24  4.190000e-24  1.330000e-23  4.190000e-23  1.330000e-22  
291.269696  1.210000e-32  3.840000e-32  1.210000e-31  3.830000e-31  1.210000e-30  3.820000e-30  1.210000e-29  3.830000e-29  1.210000e-28  3.830000e-28  1.210000e-27  3.830000e-27  1.210000e-26  3.840000e-26  1.210000e-25  3.840000e-25  1.210000e-24  3.840000e-24  1.210000e-23  3.840000e-23  1.210000e-22  
305.283593  1.100000e-32  3.480000e-32  1.100000e-31  3.490000e-31  1.110000e-30  3.500000e-30  1.110000e-29  3.480000e-29  1.100000e-28  3.510000e-28  1.100000e-27  3.490000e-27  1.100000e-26  3.490000e-26  1.100000e-25  3.490000e-25  1.100000e-24  3.490000e-24  1.110000e-23  3.490000e-23  1.110000e-22  
319.971744  1.010000e-32  3.180000e-32  1.010000e-31  3.190000e-31  1.010000e-30  3.190000e-30  1.000000e-29  3.180000e-29  1.010000e-28  3.180000e-28  1.010000e-27  3.180000e-27  1.010000e-26  3.200000e-26  1.010000e-25  3.190000e-25  1.010000e-24  3.180000e-24  1.010000e-23  3.200000e-23  1.010000e-22  
335.366587  9.170000e-33  2.910000e-32  9.190000e-32  2.910000e-31  9.180000e-31  2.900000e-30  9.190000e-30  2.910000e-29  9.180000e-29  2.910000e-28  9.190000e-28  2.910000e-27  9.220000e-27  2.910000e-26  9.190000e-26  2.910000e-25  9.180000e-25  2.910000e-24  9.180000e-24  2.910000e-23  9.200000e-23  
351.502125  8.410000e-33  2.660000e-32  8.400000e-32  2.640000e-31  8.360000e-31  2.640000e-30  8.370000e-30  2.650000e-29  8.380000e-29  2.640000e-28  8.390000e-28  2.640000e-27  8.350000e-27  2.650000e-26  8.380000e-26  2.650000e-25  8.390000e-25  2.650000e-24  8.360000e-24  2.650000e-23  8.350000e-23  
368.413994  7.610000e-33  2.410000e-32  7.630000e-32  2.420000e-31  7.620000e-31  2.420000e-30  7.640000e-30  2.410000e-29  7.630000e-29  2.410000e-28  7.630000e-28  2.430000e-27  7.620000e-27  2.420000e-26  7.620000e-26  2.410000e-25  7.630000e-25  2.420000e-24  7.630000e-24  2.420000e-23  7.610000e-23  
386.139546  6.950000e-33  2.200000e-32  6.950000e-32  2.200000e-31  6.950000e-31  2.200000e-30  6.950000e-30  2.200000e-29  6.980000e-29  2.200000e-28  6.930000e-28  2.200000e-27  6.960000e-27  2.200000e-26  6.950000e-26  2.200000e-25  6.970000e-25  2.200000e-24  6.960000e-24  2.190000e-23  6.940000e-23  
404.717930  6.330000e-33  2.020000e-32  6.360000e-32  2.000000e-31  6.330000e-31  2.010000e-30  6.360000e-30  2.000000e-29  6.330000e-29  2.010000e-28  6.340000e-28  2.000000e-27  6.330000e-27  2.010000e-26  6.350000e-26  2.000000e-25  6.340000e-25  2.000000e-24  6.340000e-24  2.000000e-23  6.330000e-23  
424.190178  5.780000e-33  1.820000e-32  5.780000e-32  1.830000e-31  5.760000e-31  1.830000e-30  5.790000e-30  1.830000e-29  5.780000e-29  1.820000e-28  5.770000e-28  1.830000e-27  5.760000e-27  1.830000e-26  5.780000e-26  1.820000e-25  5.760000e-25  1.820000e-24  5.790000e-24  1.830000e-23  5.790000e-23  
444.599297  5.260000e-33  1.660000e-32  5.260000e-32  1.670000e-31  5.260000e-31  1.660000e-30  5.240000e-30  1.660000e-29  5.260000e-29  1.660000e-28  5.260000e-28  1.660000e-27  5.250000e-27  1.660000e-26  5.250000e-26  1.660000e-25  5.260000e-25  1.660000e-24  5.250000e-24  1.660000e-23  5.260000e-23  
465.990362  4.800000e-33  1.520000e-32  4.800000e-32  1.520000e-31  4.780000e-31  1.520000e-30  4.800000e-30  1.510000e-29  4.790000e-29  1.510000e-28  4.810000e-28  1.520000e-27  4.780000e-27  1.520000e-26  4.800000e-26  1.520000e-25  4.800000e-25  1.520000e-24  4.810000e-24  1.520000e-23  4.800000e-23  
488.410619  4.380000e-33  1.380000e-32  4.370000e-32  1.380000e-31  4.360000e-31  1.380000e-30  4.360000e-30  1.380000e-29  4.370000e-29  1.380000e-28  4.370000e-28  1.380000e-27  4.370000e-27  1.380000e-26  4.380000e-26  1.380000e-25  4.370000e-25  1.380000e-24  4.360000e-24  1.390000e-23  4.370000e-23  
511.909585  3.980000e-33  1.260000e-32  3.980000e-32  1.260000e-31  3.980000e-31  1.260000e-30  3.990000e-30  1.260000e-29  3.980000e-29  1.260000e-28  3.970000e-28  1.260000e-27  3.990000e-27  1.260000e-26  3.990000e-26  1.260000e-25  3.980000e-25  1.260000e-24  3.980000e-24  1.260000e-23  3.970000e-23  
536.539159  3.630000e-33  1.140000e-32  3.630000e-32  1.150000e-31  3.630000e-31  1.150000e-30  3.630000e-30  1.150000e-29  3.630000e-29  1.150000e-28  3.630000e-28  1.150000e-27  3.630000e-27  1.140000e-26  3.610000e-26  1.150000e-25  3.630000e-25  1.150000e-24  3.630000e-24  1.150000e-23  3.630000e-23  
562.353740  3.300000e-33  1.040000e-32  3.300000e-32  1.040000e-31  3.300000e-31  1.040000e-30  3.300000e-30  1.050000e-29  3.300000e-29  1.040000e-28  3.310000e-28  1.050000e-27  3.310000e-27  1.040000e-26  3.310000e-26  1.040000e-25  3.300000e-25  1.040000e-24  3.290000e-24  1.040000e-23  3.300000e-23  
589.410341  3.010000e-33  9.500000e-33  3.000000e-32  9.490000e-32  3.000000e-31  9.480000e-31  3.000000e-30  9.490000e-30  3.000000e-29  9.500000e-29  3.010000e-28  9.510000e-28  3.000000e-27  9.490000e-27  3.010000e-26  9.520000e-26  3.010000e-25  9.510000e-25  3.000000e-24  9.500000e-24  3.010000e-23  
617.768719  2.740000e-33  8.650000e-33  2.740000e-32  8.640000e-32  2.740000e-31  8.660000e-31  2.740000e-30  8.660000e-30  2.730000e-29  8.660000e-29  2.750000e-28  8.670000e-28  2.750000e-27  8.670000e-27  2.740000e-26  8.670000e-26  2.740000e-25  8.670000e-25  2.740000e-24  8.680000e-24  2.730000e-23  
647.491509  2.500000e-33  7.900000e-33  2.490000e-32  7.880000e-32  2.500000e-31  7.870000e-31  2.500000e-30  7.880000e-30  2.500000e-29  7.910000e-29  2.490000e-28  7.900000e-28  2.500000e-27  7.930000e-27  2.480000e-26  7.900000e-26  2.490000e-25  7.900000e-25  2.490000e-24  7.870000e-24  2.480000e-23  
678.644354  2.280000e-33  7.190000e-33  2.270000e-32  7.190000e-32  2.270000e-31  7.150000e-31  2.260000e-30  7.170000e-30  2.270000e-29  7.170000e-29  2.270000e-28  7.190000e-28  2.270000e-27  7.180000e-27  2.260000e-26  7.200000e-26  2.270000e-25  7.170000e-25  2.270000e-24  7.180000e-24  2.270000e-23  
711.296061  2.070000e-33  6.540000e-33  2.070000e-32  6.520000e-32  2.060000e-31  6.540000e-31  2.070000e-30  6.530000e-30  2.070000e-29  6.530000e-29  2.060000e-28  6.530000e-28  2.070000e-27  6.530000e-27  2.060000e-26  6.580000e-26  2.070000e-25  6.550000e-25  2.070000e-24  6.540000e-24  2.070000e-23  
745.518744  1.880000e-33  5.960000e-33  1.880000e-32  5.940000e-32  1.880000e-31  5.950000e-31  1.880000e-30  5.950000e-30  1.880000e-29  5.950000e-29  1.890000e-28  5.960000e-28  1.880000e-27  5.970000e-27  1.870000e-26  5.940000e-26  1.880000e-25  5.960000e-25  1.890000e-24  5.950000e-24  1.870000e-23  
781.387987  1.720000e-33  5.410000e-33  1.720000e-32  5.440000e-32  1.720000e-31  5.420000e-31  1.720000e-30  5.410000e-30  1.720000e-29  5.440000e-29  1.720000e-28  5.420000e-28  1.710000e-27  5.420000e-27  1.710000e-26  5.420000e-26  1.720000e-25  5.420000e-25  1.710000e-24  5.410000e-24  1.720000e-23  
818.983012  1.560000e-33  4.930000e-33  1.560000e-32  4.940000e-32  1.560000e-31  4.940000e-31  1.560000e-30  4.930000e-30  1.570000e-29  4.950000e-29  1.560000e-28  4.950000e-28  1.560000e-27  4.940000e-27  1.560000e-26  4.940000e-26  1.560000e-25  4.940000e-25  1.560000e-24  4.940000e-24  1.560000e-23  
858.386852  1.420000e-33  4.500000e-33  1.430000e-32  4.500000e-32  1.420000e-31  4.500000e-31  1.420000e-30  4.500000e-30  1.430000e-29  4.490000e-29  1.420000e-28  4.500000e-28  1.420000e-27  4.480000e-27  1.420000e-26  4.500000e-26  1.420000e-25  4.530000e-25  1.420000e-24  4.490000e-24  1.420000e-23  
899.686534  1.290000e-33  4.100000e-33  1.300000e-32  4.110000e-32  1.290000e-31  4.100000e-31  1.290000e-30  4.100000e-30  1.290000e-29  4.090000e-29  1.290000e-28  4.100000e-28  1.290000e-27  4.090000e-27  1.290000e-26  4.100000e-26  1.290000e-25  4.090000e-25  1.300000e-24  4.090000e-24  1.300000e-23  
942.973273  1.180000e-33  3.720000e-33  1.170000e-32  3.720000e-32  1.180000e-31  3.730000e-31  1.180000e-30  3.730000e-30  1.180000e-29  3.730000e-29  1.180000e-28  3.740000e-28  1.180000e-27  3.720000e-27  1.180000e-26  3.710000e-26  1.180000e-25  3.730000e-25  1.180000e-24  3.720000e-24  1.180000e-23  
988.342672  1.080000e-33  3.410000e-33  1.080000e-32  3.400000e-32  1.070000e-31  3.380000e-31  1.080000e-30  3.400000e-30  1.070000e-29  3.390000e-29  1.070000e-28  3.380000e-28  1.070000e-27  3.390000e-27  1.070000e-26  3.390000e-26  1.070000e-25  3.390000e-25  1.070000e-24  3.390000e-24  1.070000e-23  
1035.894940  9.800000e-34  3.090000e-33  9.790000e-33  3.070000e-32  9.750000e-32  3.090000e-31  9.800000e-31  3.090000e-30  9.780000e-30  3.080000e-29  9.750000e-29  3.080000e-28  9.780000e-28  3.080000e-27  9.760000e-27  3.090000e-26  9.770000e-26  3.080000e-25  9.760000e-25  3.100000e-24  9.790000e-24  
1085.735090  8.930000e-34  2.820000e-33  8.930000e-33  2.820000e-32  8.890000e-32  2.810000e-31  8.910000e-31  2.820000e-30  8.850000e-30  2.810000e-29  8.890000e-29  2.820000e-28  8.900000e-28  2.800000e-27  8.880000e-27  2.810000e-26  8.880000e-26  2.810000e-25  8.910000e-25  2.810000e-24  8.890000e-24  
1137.973210  8.130000e-34  2.560000e-33  8.100000e-33  2.580000e-32  8.120000e-32  2.560000e-31  8.100000e-31  2.560000e-30  8.120000e-30  2.560000e-29  8.130000e-29  2.560000e-28  8.100000e-28  2.570000e-27  8.110000e-27  2.560000e-26  8.090000e-26  2.560000e-25  8.120000e-25  2.560000e-24  8.110000e-24  
1192.724660  7.390000e-34  2.330000e-33  7.400000e-33  2.340000e-32  7.370000e-32  2.330000e-31  7.400000e-31  2.320000e-30  7.410000e-30  2.330000e-29  7.350000e-29  2.340000e-28  7.380000e-28  2.320000e-27  7.360000e-27  2.340000e-26  7.360000e-26  2.330000e-25  7.380000e-25  2.330000e-24  7.400000e-24  
1250.110390  6.710000e-34  2.130000e-33  6.720000e-33  2.130000e-32  6.710000e-32  2.130000e-31  6.720000e-31  2.130000e-30  6.720000e-30  2.120000e-29  6.700000e-29  2.120000e-28  6.710000e-28  2.120000e-27  6.740000e-27  2.120000e-26  6.720000e-26  2.120000e-25  6.720000e-25  2.130000e-24  6.730000e-24  
1310.257110  6.120000e-34  1.930000e-33  6.100000e-33  1.930000e-32  6.140000e-32  1.940000e-31  6.090000e-31  1.930000e-30  6.120000e-30  1.930000e-29  6.100000e-29  1.930000e-28  6.100000e-28  1.920000e-27  6.100000e-27  1.930000e-26  6.110000e-26  1.930000e-25  6.110000e-25  1.940000e-24  6.110000e-24  
1373.297690  5.580000e-34  1.760000e-33  5.550000e-33  1.760000e-32  5.570000e-32  1.760000e-31  5.560000e-31  1.760000e-30  5.580000e-30  1.770000e-29  5.580000e-29  1.760000e-28  5.580000e-28  1.760000e-27  5.570000e-27  1.760000e-26  5.560000e-26  1.760000e-25  5.570000e-25  1.760000e-24  5.590000e-24  
1439.371350  5.060000e-34  1.600000e-33  5.040000e-33  1.600000e-32  5.050000e-32  1.600000e-31  5.050000e-31  1.600000e-30  5.070000e-30  1.600000e-29  5.050000e-29  1.600000e-28  5.070000e-28  1.600000e-27  5.070000e-27  1.600000e-26  5.070000e-26  1.600000e-25  5.050000e-25  1.610000e-24  5.080000e-24  
1508.624010  4.590000e-34  1.460000e-33  4.590000e-33  1.460000e-32  4.610000e-32  1.460000e-31  4.590000e-31  1.450000e-30  4.620000e-30  1.460000e-29  4.630000e-29  1.460000e-28  4.600000e-28  1.460000e-27  4.610000e-27  1.460000e-26  4.620000e-26  1.460000e-25  4.640000e-25  1.460000e-24  4.620000e-24  
1581.208640  4.190000e-34  1.330000e-33  4.210000e-33  1.330000e-32  4.210000e-32  1.330000e-31  4.210000e-31  1.330000e-30  4.190000e-30  1.330000e-29  4.220000e-29  1.330000e-28  4.190000e-28  1.330000e-27  4.210000e-27  1.330000e-26  4.210000e-26  1.330000e-25  4.200000e-25  1.330000e-24  4.210000e-24  
1657.285550  3.820000e-34  1.210000e-33  3.830000e-33  1.210000e-32  3.820000e-32  1.210000e-31  3.830000e-31  1.210000e-30  3.810000e-30  1.210000e-29  3.820000e-29  1.210000e-28  3.840000e-28  1.210000e-27  3.820000e-27  1.210000e-26  3.820000e-26  1.210000e-25  3.830000e-25  1.210000e-24  3.820000e-24  
1737.022750  3.480000e-34  1.100000e-33  3.480000e-33  1.100000e-32  3.500000e-32  1.100000e-31  3.470000e-31  1.100000e-30  3.480000e-30  1.100000e-29  3.490000e-29  1.100000e-28  3.470000e-28  1.100000e-27  3.480000e-27  1.100000e-26  3.490000e-26  1.100000e-25  3.480000e-25  1.100000e-24  3.490000e-24  
1820.596360  3.170000e-34  1.000000e-33  3.170000e-33  9.990000e-33  3.170000e-32  1.010000e-31  3.170000e-31  1.000000e-30  3.160000e-30  1.000000e-29  3.170000e-29  1.000000e-28  3.170000e-28  1.010000e-27  3.160000e-27  1.000000e-26  3.160000e-26  1.000000e-25  3.170000e-25  1.000000e-24  3.170000e-24  
1908.190950  2.890000e-34  9.110000e-34  2.870000e-33  9.130000e-33  2.880000e-32  9.130000e-32  2.880000e-31  9.120000e-31  2.890000e-30  9.120000e-30  2.870000e-29  9.130000e-29  2.880000e-28  9.110000e-28  2.890000e-27  9.130000e-27  2.880000e-26  9.140000e-26  2.890000e-25  9.090000e-25  2.890000e-24  
2000.000000  2.630000e-34  8.310000e-34  2.620000e-33  8.280000e-33  2.620000e-32  8.300000e-32  2.630000e-31  8.310000e-31  2.620000e-30  8.280000e-30  2.630000e-29  8.300000e-29  2.630000e-28  8.290000e-28  2.630000e-27  8.280000e-27  2.630000e-26  8.290000e-26  2.630000e-25  8.290000e-25  2.630000e-24  
2096.226270  2.390000e-34  7.540000e-34  2.390000e-33  7.550000e-33  2.390000e-32  7.550000e-32  2.380000e-31  7.550000e-31  2.390000e-30  7.560000e-30  2.390000e-29  7.540000e-29  2.400000e-28  7.550000e-28  2.390000e-27  7.560000e-27  2.390000e-26  7.580000e-26  2.390000e-25  7.530000e-25  2.400000e-24  
2197.082280  2.180000e-34  6.860000e-34  2.180000e-33  6.900000e-33  2.180000e-32  6.880000e-32  2.180000e-31  6.890000e-31  2.180000e-30  6.880000e-30  2.180000e-29  6.860000e-29  2.180000e-28  6.880000e-28  2.180000e-27  6.890000e-27  2.170000e-26  6.880000e-26  2.180000e-25  6.870000e-25  2.170000e-24  
2302.790800  1.980000e-34  6.270000e-34  1.990000e-33  6.260000e-33  1.990000e-32  6.250000e-32  1.990000e-31  6.260000e-31  1.980000e-30  6.270000e-30  1.980000e-29  6.270000e-29  1.980000e-28  6.270000e-28  1.980000e-27  6.280000e-27  1.980000e-26  6.250000e-26  1.980000e-25  6.270000e-25  1.970000e-24  
2413.585280  1.800000e-34  5.710000e-34  1.800000e-33  5.700000e-33  1.810000e-32  5.700000e-32  1.800000e-31  5.710000e-31  1.800000e-30  5.690000e-30  1.800000e-29  5.700000e-29  1.800000e-28  5.730000e-28  1.800000e-27  5.700000e-27  1.810000e-26  5.680000e-26  1.800000e-25  5.700000e-25  1.800000e-24  
2529.710430  1.640000e-34  5.190000e-34  1.640000e-33  5.200000e-33  1.650000e-32  5.180000e-32  1.640000e-31  5.190000e-31  1.640000e-30  5.190000e-30  1.640000e-29  5.190000e-29  1.640000e-28  5.180000e-28  1.630000e-27  5.190000e-27  1.640000e-26  5.190000e-26  1.640000e-25  5.180000e-25  1.640000e-24  
2651.422730  1.490000e-34  4.740000e-34  1.490000e-33  4.730000e-33  1.500000e-32  4.730000e-32  1.490000e-31  4.740000e-31  1.490000e-30  4.710000e-30  1.490000e-29  4.720000e-29  1.490000e-28  4.740000e-28  1.490000e-27  4.710000e-27  1.490000e-26  4.730000e-26  1.490000e-25  4.720000e-25  1.490000e-24  
2778.990990  1.360000e-34  4.320000e-34  1.360000e-33  4.310000e-33  1.360000e-32  4.310000e-32  1.360000e-31  4.300000e-31  1.360000e-30  4.300000e-30  1.360000e-29  4.310000e-29  1.360000e-28  4.300000e-28  1.360000e-27  4.310000e-27  1.360000e-26  4.300000e-26  1.360000e-25  4.300000e-25  1.360000e-24  
2912.696950  1.240000e-34  3.920000e-34  1.240000e-33  3.910000e-33  1.240000e-32  3.910000e-32  1.240000e-31  3.930000e-31  1.240000e-30  3.910000e-30  1.240000e-29  3.900000e-29  1.240000e-28  3.920000e-28  1.240000e-27  3.920000e-27  1.240000e-26  3.900000e-26  1.240000e-25  3.920000e-25  1.240000e-24  
3052.835930  1.130000e-34  3.550000e-34  1.130000e-33  3.570000e-33  1.130000e-32  3.570000e-32  1.130000e-31  3.580000e-31  1.130000e-30  3.560000e-30  1.130000e-29  3.570000e-29  1.130000e-28  3.560000e-28  1.130000e-27  3.570000e-27  1.130000e-26  3.570000e-26  1.120000e-25  3.560000e-25  1.130000e-24  
3199.717440  1.030000e-34  3.220000e-34  1.020000e-33  3.250000e-33  1.030000e-32  3.250000e-32  1.030000e-31  3.250000e-31  1.030000e-30  3.240000e-30  1.030000e-29  3.250000e-29  1.030000e-28  3.240000e-28  1.030000e-27  3.250000e-27  1.030000e-26  3.250000e-26  1.020000e-25  3.250000e-25  1.020000e-24  
3353.665870  9.390000e-35  2.940000e-34  9.320000e-34  2.950000e-33  9.330000e-33  2.960000e-32  9.340000e-32  2.940000e-31  9.360000e-31  2.960000e-30  9.360000e-30  2.960000e-29  9.340000e-29  2.950000e-28  9.370000e-28  2.950000e-27  9.340000e-27  2.960000e-26  9.300000e-26  2.940000e-25  9.340000e-25  
3515.021250  8.530000e-35  2.690000e-34  8.520000e-34  2.680000e-33  8.480000e-33  2.690000e-32  8.480000e-32  2.700000e-31  8.500000e-31  2.690000e-30  8.500000e-30  2.680000e-29  8.480000e-29  2.690000e-28  8.510000e-28  2.690000e-27  8.490000e-27  2.690000e-26  8.490000e-26  2.690000e-25  8.470000e-25  
3684.139940  7.750000e-35  2.440000e-34  7.760000e-34  2.450000e-33  7.760000e-33  2.450000e-32  7.730000e-32  2.450000e-31  7.730000e-31  2.450000e-30  7.720000e-30  2.450000e-29  7.730000e-29  2.430000e-28  7.720000e-28  2.450000e-27  7.730000e-27  2.450000e-26  7.750000e-26  2.450000e-25  7.740000e-25  
3861.395460  7.080000e-35  2.230000e-34  7.030000e-34  2.230000e-33  7.040000e-33  2.220000e-32  7.040000e-32  2.230000e-31  7.040000e-31  2.230000e-30  7.040000e-30  2.220000e-29  7.040000e-29  2.230000e-28  7.030000e-28  2.220000e-27  7.070000e-27  2.230000e-26  7.050000e-26  2.230000e-25  7.050000e-25  
4047.179300  6.390000e-35  2.030000e-34  6.410000e-34  2.030000e-33  6.430000e-33  2.030000e-32  6.430000e-32  2.030000e-31  6.420000e-31  2.030000e-30  6.410000e-30  2.030000e-29  6.420000e-29  2.030000e-28  6.450000e-28  2.020000e-27  6.390000e-27  2.030000e-26  6.400000e-26  2.020000e-25  6.420000e-25  
4241.901780  5.840000e-35  1.840000e-34  5.820000e-34  1.840000e-33  5.830000e-33  1.850000e-32  5.840000e-32  1.850000e-31  5.840000e-31  1.850000e-30  5.840000e-30  1.850000e-29  5.850000e-29  1.840000e-28  5.860000e-28  1.840000e-27  5.870000e-27  1.850000e-26  5.830000e-26  1.840000e-25  5.840000e-25  
4445.992970  5.300000e-35  1.680000e-34  5.320000e-34  1.680000e-33  5.310000e-33  1.680000e-32  5.330000e-32  1.680000e-31  5.310000e-31  1.680000e-30  5.330000e-30  1.680000e-29  5.330000e-29  1.680000e-28  5.310000e-28  1.680000e-27  5.310000e-27  1.680000e-26  5.300000e-26  1.680000e-25  5.310000e-25  
4659.903620  4.830000e-35  1.530000e-34  4.830000e-34  1.530000e-33  4.810000e-33  1.530000e-32  4.840000e-32  1.530000e-31  4.840000e-31  1.530000e-30  4.840000e-30  1.530000e-29  4.850000e-29  1.530000e-28  4.840000e-28  1.530000e-27  4.840000e-27  1.540000e-26  4.840000e-26  1.540000e-25  4.850000e-25  
4884.106190  4.410000e-35  1.390000e-34  4.410000e-34  1.390000e-33  4.410000e-33  1.390000e-32  4.410000e-32  1.390000e-31  4.410000e-31  1.390000e-30  4.390000e-30  1.390000e-29  4.410000e-29  1.390000e-28  4.400000e-28  1.390000e-27  4.400000e-27  1.400000e-26  4.380000e-26  1.390000e-25  4.410000e-25  
5119.095850  4.000000e-35  1.270000e-34  4.000000e-34  1.270000e-33  4.000000e-33  1.270000e-32  4.000000e-32  1.270000e-31  4.010000e-31  1.270000e-30  4.000000e-30  1.270000e-29  4.020000e-29  1.270000e-28  4.010000e-28  1.270000e-27  4.010000e-27  1.270000e-26  4.010000e-26  1.270000e-25  3.980000e-25  
5365.391590  3.660000e-35  1.150000e-34  3.660000e-34  1.160000e-33  3.650000e-33  1.160000e-32  3.650000e-32  1.150000e-31  3.660000e-31  1.150000e-30  3.650000e-30  1.150000e-29  3.640000e-29  1.160000e-28  3.660000e-28  1.150000e-27  3.650000e-27  1.150000e-26  3.650000e-26  1.150000e-25  3.640000e-25  
5623.537400  3.330000e-35  1.050000e-34  3.320000e-34  1.050000e-33  3.310000e-33  1.050000e-32  3.320000e-32  1.050000e-31  3.330000e-31  1.050000e-30  3.320000e-30  1.050000e-29  3.320000e-29  1.050000e-28  3.330000e-28  1.050000e-27  3.330000e-27  1.050000e-26  3.330000e-26  1.050000e-25  3.330000e-25  
5894.103410  3.030000e-35  9.560000e-35  3.030000e-34  9.590000e-34  3.030000e-33  9.530000e-33  3.030000e-32  9.550000e-32  3.030000e-31  9.550000e-31  3.020000e-30  9.570000e-30  3.020000e-29  9.570000e-29  3.030000e-28  9.570000e-28  3.030000e-27  9.510000e-27  3.020000e-26  9.550000e-26  3.030000e-25  
6177.687190  2.750000e-35  8.680000e-35  2.750000e-34  8.710000e-34  2.750000e-33  8.710000e-33  2.750000e-32  8.720000e-32  2.740000e-31  8.710000e-31  2.760000e-30  8.730000e-30  2.760000e-29  8.710000e-29  2.750000e-28  8.710000e-28  2.750000e-27  8.670000e-27  2.750000e-26  8.690000e-26  2.750000e-25  
6474.915090  2.500000e-35  7.940000e-35  2.510000e-34  7.910000e-34  2.510000e-33  7.910000e-33  2.510000e-32  7.920000e-32  2.490000e-31  7.930000e-31  2.500000e-30  7.920000e-30  2.500000e-29  7.940000e-29  2.510000e-28  7.930000e-28  2.510000e-27  7.930000e-27  2.510000e-26  7.910000e-26  2.500000e-25  
6786.443540  2.280000e-35  7.220000e-35  2.280000e-34  7.220000e-34  2.280000e-33  7.220000e-33  2.280000e-32  7.200000e-32  2.290000e-31  7.210000e-31  2.280000e-30  7.220000e-30  2.270000e-29  7.220000e-29  2.280000e-28  7.230000e-28  2.290000e-27  7.240000e-27  2.270000e-26  7.220000e-26  2.290000e-25  
7112.960610  2.080000e-35  6.570000e-35  2.080000e-34  6.550000e-34  2.080000e-33  6.560000e-33  2.080000e-32  6.580000e-32  2.080000e-31  6.590000e-31  2.080000e-30  6.580000e-30  2.070000e-29  6.570000e-29  2.070000e-28  6.570000e-28  2.080000e-27  6.570000e-27  2.080000e-26  6.550000e-26  2.070000e-25  
7455.187440  1.890000e-35  5.970000e-35  1.900000e-34  5.970000e-34  1.880000e-33  5.980000e-33  1.890000e-32  5.990000e-32  1.890000e-31  5.980000e-31  1.890000e-30  5.990000e-30  1.890000e-29  5.980000e-29  1.890000e-28  5.980000e-28  1.890000e-27  5.980000e-27  1.880000e-26  5.990000e-26  1.890000e-25  
7813.879870  1.730000e-35  5.460000e-35  1.720000e-34  5.450000e-34  1.720000e-33  5.450000e-33  1.730000e-32  5.450000e-32  1.720000e-31  5.440000e-31  1.730000e-30  5.450000e-30  1.720000e-29  5.430000e-29  1.720000e-28  5.450000e-28  1.730000e-27  5.440000e-27  1.720000e-26  5.450000e-26  1.720000e-25  
8189.830120  1.570000e-35  4.960000e-35  1.570000e-34  4.960000e-34  1.560000e-33  4.950000e-33  1.560000e-32  4.950000e-32  1.570000e-31  4.950000e-31  1.570000e-30  4.950000e-30  1.570000e-29  4.960000e-29  1.570000e-28  4.960000e-28  1.570000e-27  4.960000e-27  1.570000e-26  4.970000e-26  1.570000e-25  
8583.868520  1.430000e-35  4.510000e-35  1.420000e-34  4.520000e-34  1.430000e-33  4.510000e-33  1.430000e-32  4.510000e-32  1.420000e-31  4.500000e-31  1.420000e-30  4.500000e-30  1.430000e-29  4.520000e-29  1.430000e-28  4.490000e-28  1.420000e-27  4.510000e-27  1.420000e-26  4.520000e-26  1.430000e-25  
8996.865340  1.300000e-35  4.110000e-35  1.300000e-34  4.100000e-34  1.300000e-33  4.100000e-33  1.290000e-32  4.100000e-32  1.300000e-31  4.090000e-31  1.300000e-30  4.100000e-30  1.290000e-29  4.110000e-29  1.300000e-28  4.100000e-28  1.300000e-27  4.110000e-27  1.290000e-26  4.130000e-26  1.300000e-25  
9429.732730  1.180000e-35  3.750000e-35  1.180000e-34  3.750000e-34  1.180000e-33  3.740000e-33  1.180000e-32  3.720000e-32  1.180000e-31  3.730000e-31  1.180000e-30  3.750000e-30  1.180000e-29  3.740000e-29  1.180000e-28  3.740000e-28  1.180000e-27  3.740000e-27  1.180000e-26  3.740000e-26  1.190000e-25  
9883.426720  1.080000e-35  3.400000e-35  1.080000e-34  3.400000e-34  1.070000e-33  3.400000e-33  1.080000e-32  3.400000e-32  1.080000e-31  3.400000e-31  1.080000e-30  3.410000e-30  1.070000e-29  3.410000e-29  1.070000e-28  3.410000e-28  1.080000e-27  3.380000e-27  1.080000e-26  3.390000e-26  1.070000e-25  
10358.949400  9.810000e-36  3.100000e-35  9.770000e-35  3.080000e-34  9.780000e-34  3.080000e-33  9.750000e-33  3.100000e-32  9.760000e-32  3.100000e-31  9.820000e-31  3.090000e-30  9.800000e-30  3.110000e-29  9.770000e-29  3.090000e-28  9.820000e-28  3.090000e-27  9.770000e-27  3.090000e-26  9.800000e-26  
10857.350900  8.930000e-36  2.820000e-35  8.910000e-35  2.820000e-34  8.910000e-34  2.820000e-33  8.910000e-33  2.820000e-32  8.930000e-32  2.820000e-31  8.930000e-31  2.830000e-30  8.950000e-30  2.820000e-29  8.900000e-29  2.820000e-28  8.910000e-28  2.820000e-27  8.930000e-27  2.830000e-26  8.950000e-26  
11379.732100  8.120000e-36  2.560000e-35  8.110000e-35  2.580000e-34  8.130000e-34  2.570000e-33  8.120000e-33  2.560000e-32  8.110000e-32  2.560000e-31  8.100000e-31  2.580000e-30  8.110000e-30  2.560000e-29  8.110000e-29  2.570000e-28  8.110000e-28  2.560000e-27  8.140000e-27  2.570000e-26  8.050000e-26  
11927.246600  7.360000e-36  2.340000e-35  7.390000e-35  2.330000e-34  7.410000e-34  2.340000e-33  7.390000e-33  2.330000e-32  7.380000e-32  2.340000e-31  7.390000e-31  2.340000e-30  7.380000e-30  2.340000e-29  7.380000e-29  2.330000e-28  7.380000e-28  2.350000e-27  7.380000e-27  2.340000e-26  7.360000e-26  
12501.103900  6.720000e-36  2.130000e-35  6.710000e-35  2.130000e-34  6.710000e-34  2.120000e-33  6.740000e-33  2.130000e-32  6.720000e-32  2.130000e-31  6.740000e-31  2.130000e-30  6.720000e-30  2.120000e-29  6.730000e-29  2.130000e-28  6.720000e-28  2.120000e-27  6.730000e-27  2.120000e-26  6.730000e-26  
13102.571100  6.120000e-36  1.940000e-35  6.110000e-35  1.930000e-34  6.140000e-34  1.940000e-33  6.140000e-33  1.940000e-32  6.100000e-32  1.930000e-31  6.120000e-31  1.930000e-30  6.130000e-30  1.940000e-29  6.130000e-29  1.940000e-28  6.130000e-28  1.940000e-27  6.120000e-27  1.930000e-26  6.160000e-26  
13732.976900  5.580000e-36  1.760000e-35  5.570000e-35  1.760000e-34  5.580000e-34  1.760000e-33  5.580000e-33  1.770000e-32  5.570000e-32  1.760000e-31  5.580000e-31  1.760000e-30  5.570000e-30  1.760000e-29  5.580000e-29  1.760000e-28  5.590000e-28  1.760000e-27  5.580000e-27  1.760000e-26  5.560000e-26  
14393.713500  5.090000e-36  1.610000e-35  5.080000e-35  1.600000e-34  5.060000e-34  1.600000e-33  5.080000e-33  1.610000e-32  5.070000e-32  1.600000e-31  5.080000e-31  1.600000e-30  5.080000e-30  1.590000e-29  5.080000e-29  1.610000e-28  5.070000e-28  1.600000e-27  5.050000e-27  1.600000e-26  5.080000e-26  
15086.240100  4.630000e-36  1.460000e-35  4.640000e-35  1.470000e-34  4.630000e-34  1.470000e-33  4.630000e-33  1.460000e-32  4.610000e-32  1.460000e-31  4.620000e-31  1.460000e-30  4.610000e-30  1.460000e-29  4.610000e-29  1.460000e-28  4.630000e-28  1.450000e-27  4.640000e-27  1.460000e-26  4.610000e-26  
15812.086400  4.210000e-36  1.330000e-35  4.190000e-35  1.320000e-34  4.210000e-34  1.330000e-33  4.210000e-33  1.330000e-32  4.210000e-32  1.330000e-31  4.210000e-31  1.330000e-30  4.220000e-30  1.330000e-29  4.200000e-29  1.330000e-28  4.200000e-28  1.330000e-27  4.210000e-27  1.340000e-26  4.210000e-26  
16572.855500  3.830000e-36  1.210000e-35  3.840000e-35  1.210000e-34  3.830000e-34  1.210000e-33  3.830000e-33  1.200000e-32  3.830000e-32  1.210000e-31  3.830000e-31  1.210000e-30  3.840000e-30  1.210000e-29  3.830000e-29  1.210000e-28  3.830000e-28  1.210000e-27  3.810000e-27  1.210000e-26  3.820000e-26  
17370.227500  3.470000e-36  1.100000e-35  3.470000e-35  1.100000e-34  3.480000e-34  1.100000e-33  3.480000e-33  1.100000e-32  3.480000e-32  1.100000e-31  3.480000e-31  1.100000e-30  3.480000e-30  1.100000e-29  3.470000e-29  1.100000e-28  3.490000e-28  1.100000e-27  3.490000e-27  1.100000e-26  3.470000e-26  
18205.963600  3.180000e-36  1.000000e-35  3.160000e-35  1.000000e-34  3.170000e-34  1.000000e-33  3.170000e-33  9.970000e-33  3.180000e-32  1.000000e-31  3.180000e-31  1.000000e-30  3.180000e-30  1.000000e-29  3.170000e-29  1.000000e-28  3.170000e-28  1.000000e-27  3.170000e-27  9.980000e-27  3.160000e-26  
19081.909500  2.880000e-36  9.150000e-36  2.880000e-35  9.120000e-35  2.890000e-34  9.120000e-34  2.880000e-33  9.140000e-33  2.890000e-32  9.130000e-32  2.890000e-31  9.120000e-31  2.880000e-30  9.120000e-30  2.890000e-29  9.130000e-29  2.890000e-28  9.150000e-28  2.880000e-27  9.150000e-27  2.900000e-26  
