2.000000  4.620000e-36  1.460000e-35  4.630000e-35  1.460000e-34  4.600000e-34  1.460000e-33  4.640000e-33  1.460000e-32  4.650000e-32  1.460000e-31  4.650000e-31  1.460000e-30  4.630000e-30  1.470000e-29  4.630000e-29  1.460000e-28  4.620000e-28  1.440000e-27  4.030000e-27  5.880000e-27  2.920000e-27  
2.096226  4.610000e-36  1.460000e-35  4.630000e-35  1.460000e-34  4.610000e-34  1.470000e-33  4.610000e-33  1.460000e-32  4.640000e-32  1.460000e-31  4.610000e-31  1.470000e-30  4.630000e-30  1.470000e-29  4.630000e-29  1.470000e-28  4.610000e-28  1.440000e-27  4.030000e-27  5.880000e-27  2.920000e-27  
2.197082  4.650000e-36  1.470000e-35  4.610000e-35  1.460000e-34  4.630000e-34  1.460000e-33  4.650000e-33  1.460000e-32  4.620000e-32  1.460000e-31  4.650000e-31  1.470000e-30  4.630000e-30  1.460000e-29  4.640000e-29  1.470000e-28  4.600000e-28  1.440000e-27  4.030000e-27  5.890000e-27  2.920000e-27  
2.302791  4.620000e-36  1.460000e-35  4.620000e-35  1.470000e-34  4.610000e-34  1.460000e-33  4.630000e-33  1.470000e-32  4.620000e-32  1.470000e-31  4.650000e-31  1.460000e-30  4.660000e-30  1.470000e-29  4.640000e-29  1.470000e-28  4.640000e-28  1.440000e-27  4.040000e-27  5.900000e-27  2.920000e-27  
2.413585  4.650000e-36  1.470000e-35  4.670000e-35  1.470000e-34  4.660000e-34  1.470000e-33  4.670000e-33  1.480000e-32  4.670000e-32  1.480000e-31  4.660000e-31  1.480000e-30  4.670000e-30  1.470000e-29  4.640000e-29  1.470000e-28  4.660000e-28  1.460000e-27  4.060000e-27  5.930000e-27  2.940000e-27  
2.529710  4.690000e-36  1.480000e-35  4.730000e-35  1.490000e-34  4.700000e-34  1.490000e-33  4.720000e-33  1.490000e-32  4.710000e-32  1.490000e-31  4.710000e-31  1.480000e-30  4.700000e-30  1.490000e-29  4.700000e-29  1.490000e-28  4.720000e-28  1.470000e-27  4.090000e-27  5.980000e-27  2.960000e-27  
2.651423  4.730000e-36  1.500000e-35  4.730000e-35  1.500000e-34  4.740000e-34  1.490000e-33  4.770000e-33  1.490000e-32  4.760000e-32  1.500000e-31  4.750000e-31  1.500000e-30  4.740000e-30  1.510000e-29  4.750000e-29  1.500000e-28  4.780000e-28  1.480000e-27  4.140000e-27  6.050000e-27  3.000000e-27  
2.778991  4.840000e-36  1.520000e-35  4.800000e-35  1.530000e-34  4.820000e-34  1.530000e-33  4.820000e-33  1.530000e-32  4.830000e-32  1.520000e-31  4.820000e-31  1.520000e-30  4.850000e-30  1.520000e-29  4.840000e-29  1.530000e-28  4.840000e-28  1.500000e-27  4.200000e-27  6.140000e-27  3.040000e-27  
2.912697  4.910000e-36  1.550000e-35  4.920000e-35  1.550000e-34  4.910000e-34  1.560000e-33  4.910000e-33  1.550000e-32  4.890000e-32  1.550000e-31  4.920000e-31  1.550000e-30  4.900000e-30  1.560000e-29  4.910000e-29  1.550000e-28  4.890000e-28  1.520000e-27  4.280000e-27  6.240000e-27  3.090000e-27  
3.052836  5.000000e-36  1.590000e-35  5.020000e-35  1.590000e-34  5.010000e-34  1.580000e-33  5.010000e-33  1.590000e-32  5.020000e-32  1.590000e-31  5.030000e-31  1.590000e-30  5.010000e-30  1.590000e-29  5.020000e-29  1.590000e-28  5.010000e-28  1.560000e-27  4.370000e-27  6.380000e-27  3.160000e-27  
3.199717  5.130000e-36  1.630000e-35  5.140000e-35  1.630000e-34  5.150000e-34  1.630000e-33  5.160000e-33  1.630000e-32  5.150000e-32  1.630000e-31  5.150000e-31  1.640000e-30  5.130000e-30  1.630000e-29  5.160000e-29  1.620000e-28  5.140000e-28  1.600000e-27  4.490000e-27  6.550000e-27  3.250000e-27  
3.353666  5.320000e-36  1.680000e-35  5.320000e-35  1.680000e-34  5.320000e-34  1.680000e-33  5.290000e-33  1.680000e-32  5.300000e-32  1.690000e-31  5.310000e-31  1.680000e-30  5.310000e-30  1.680000e-29  5.340000e-29  1.680000e-28  5.310000e-28  1.650000e-27  4.630000e-27  6.760000e-27  3.350000e-27  
3.515021  5.510000e-36  1.740000e-35  5.520000e-35  1.750000e-34  5.520000e-34  1.740000e-33  5.500000e-33  1.740000e-32  5.500000e-32  1.740000e-31  5.530000e-31  1.750000e-30  5.530000e-30  1.740000e-29  5.510000e-29  1.740000e-28  5.510000e-28  1.720000e-27  4.800000e-27  7.010000e-27  3.470000e-27  
3.684140  5.750000e-36  1.810000e-35  5.760000e-35  1.820000e-34  5.750000e-34  1.820000e-33  5.750000e-33  1.830000e-32  5.760000e-32  1.820000e-31  5.760000e-31  1.810000e-30  5.750000e-30  1.810000e-29  5.740000e-29  1.820000e-28  5.740000e-28  1.790000e-27  5.000000e-27  7.310000e-27  3.620000e-27  
3.861395  6.030000e-36  1.910000e-35  6.030000e-35  1.910000e-34  6.020000e-34  1.910000e-33  6.060000e-33  1.910000e-32  6.050000e-32  1.910000e-31  6.040000e-31  1.910000e-30  6.030000e-30  1.910000e-29  6.040000e-29  1.910000e-28  6.040000e-28  1.890000e-27  5.250000e-27  7.670000e-27  3.800000e-27  
4.047179  6.370000e-36  2.020000e-35  6.380000e-35  2.020000e-34  6.370000e-34  2.020000e-33  6.400000e-33  2.010000e-32  6.390000e-32  2.010000e-31  6.390000e-31  2.020000e-30  6.390000e-30  2.010000e-29  6.360000e-29  2.020000e-28  6.370000e-28  1.990000e-27  5.560000e-27  8.110000e-27  4.010000e-27  
4.241902  6.830000e-36  2.160000e-35  6.840000e-35  2.160000e-34  6.800000e-34  2.150000e-33  6.790000e-33  2.160000e-32  6.810000e-32  2.170000e-31  6.850000e-31  2.160000e-30  6.820000e-30  2.160000e-29  6.790000e-29  2.160000e-28  6.820000e-28  2.120000e-27  5.940000e-27  8.650000e-27  4.290000e-27  
4.445993  7.380000e-36  2.330000e-35  7.380000e-35  2.340000e-34  7.400000e-34  2.330000e-33  7.380000e-33  2.340000e-32  7.380000e-32  2.340000e-31  7.390000e-31  2.320000e-30  7.380000e-30  2.330000e-29  7.360000e-29  2.330000e-28  7.350000e-28  2.300000e-27  6.420000e-27  9.360000e-27  4.630000e-27  
4.659904  8.180000e-36  2.590000e-35  8.150000e-35  2.590000e-34  8.180000e-34  2.590000e-33  8.160000e-33  2.590000e-32  8.180000e-32  2.590000e-31  8.180000e-31  2.580000e-30  8.190000e-30  2.580000e-29  8.170000e-29  2.590000e-28  8.150000e-28  2.550000e-27  7.110000e-27  1.040000e-26  5.130000e-27  
4.884106  9.490000e-36  3.010000e-35  9.480000e-35  3.000000e-34  9.530000e-34  3.010000e-33  9.510000e-33  3.000000e-32  9.510000e-32  3.000000e-31  9.500000e-31  3.000000e-30  9.490000e-30  3.000000e-29  9.520000e-29  3.000000e-28  9.480000e-28  2.960000e-27  8.270000e-27  1.210000e-26  5.970000e-27  
5.119096  1.070000e-35  3.370000e-35  1.060000e-34  3.390000e-34  1.070000e-33  3.370000e-33  1.070000e-32  3.360000e-32  1.060000e-31  3.380000e-31  1.070000e-30  3.370000e-30  1.070000e-29  3.370000e-29  1.070000e-28  3.380000e-28  1.060000e-27  3.320000e-27  9.280000e-27  1.350000e-26  6.690000e-27  
5.365392  1.160000e-35  3.670000e-35  1.160000e-34  3.670000e-34  1.160000e-33  3.650000e-33  1.160000e-32  3.680000e-32  1.160000e-31  3.660000e-31  1.160000e-30  3.660000e-30  1.160000e-29  3.660000e-29  1.160000e-28  3.660000e-28  1.150000e-27  3.600000e-27  1.010000e-26  1.470000e-26  7.270000e-27  
5.623537  1.230000e-35  3.890000e-35  1.230000e-34  3.890000e-34  1.230000e-33  3.890000e-33  1.230000e-32  3.900000e-32  1.230000e-31  3.880000e-31  1.230000e-30  3.890000e-30  1.230000e-29  3.890000e-29  1.230000e-28  3.900000e-28  1.230000e-27  3.840000e-27  1.070000e-26  1.560000e-26  7.710000e-27  
5.894103  1.290000e-35  4.060000e-35  1.290000e-34  4.060000e-34  1.280000e-33  4.010000e-33  1.280000e-32  4.060000e-32  1.280000e-31  4.050000e-31  1.290000e-30  4.060000e-30  1.290000e-29  4.060000e-29  1.280000e-28  4.060000e-28  1.290000e-27  4.000000e-27  1.120000e-26  1.630000e-26  8.050000e-27  
6.177687  1.320000e-35  4.200000e-35  1.320000e-34  4.190000e-34  1.330000e-33  4.170000e-33  1.320000e-32  4.190000e-32  1.320000e-31  4.190000e-31  1.320000e-30  4.190000e-30  1.320000e-29  4.200000e-29  1.320000e-28  4.180000e-28  1.320000e-27  4.120000e-27  1.150000e-26  1.680000e-26  8.280000e-27  
6.474915  1.350000e-35  4.280000e-35  1.350000e-34  4.270000e-34  1.350000e-33  4.270000e-33  1.350000e-32  4.270000e-32  1.350000e-31  4.260000e-31  1.350000e-30  4.270000e-30  1.350000e-29  4.270000e-29  1.350000e-28  4.270000e-28  1.350000e-27  4.210000e-27  1.170000e-26  1.710000e-26  8.440000e-27  
6.786444  1.370000e-35  4.320000e-35  1.370000e-34  4.330000e-34  1.370000e-33  4.330000e-33  1.370000e-32  4.320000e-32  1.370000e-31  4.320000e-31  1.370000e-30  4.320000e-30  1.370000e-29  4.320000e-29  1.360000e-28  4.320000e-28  1.370000e-27  4.250000e-27  1.190000e-26  1.730000e-26  8.530000e-27  
7.112961  1.380000e-35  4.350000e-35  1.380000e-34  4.360000e-34  1.370000e-33  4.350000e-33  1.380000e-32  4.350000e-32  1.370000e-31  4.340000e-31  1.370000e-30  4.350000e-30  1.380000e-29  4.340000e-29  1.380000e-28  4.350000e-28  1.370000e-27  4.290000e-27  1.200000e-26  1.740000e-26  8.580000e-27  
7.455187  1.380000e-35  4.350000e-35  1.380000e-34  4.370000e-34  1.370000e-33  4.350000e-33  1.380000e-32  4.360000e-32  1.370000e-31  4.350000e-31  1.380000e-30  4.360000e-30  1.380000e-29  4.360000e-29  1.380000e-28  4.360000e-28  1.380000e-27  4.290000e-27  1.200000e-26  1.740000e-26  8.580000e-27  
7.813880  1.380000e-35  4.360000e-35  1.380000e-34  4.360000e-34  1.380000e-33  4.340000e-33  1.380000e-32  4.370000e-32  1.380000e-31  4.350000e-31  1.370000e-30  4.360000e-30  1.380000e-29  4.340000e-29  1.380000e-28  4.370000e-28  1.380000e-27  4.290000e-27  1.200000e-26  1.740000e-26  8.560000e-27  
8.189830  1.370000e-35  4.340000e-35  1.370000e-34  4.340000e-34  1.370000e-33  4.330000e-33  1.370000e-32  4.330000e-32  1.370000e-31  4.350000e-31  1.370000e-30  4.320000e-30  1.370000e-29  4.320000e-29  1.370000e-28  4.330000e-28  1.370000e-27  4.270000e-27  1.190000e-26  1.730000e-26  8.510000e-27  
8.583869  1.360000e-35  4.310000e-35  1.370000e-34  4.300000e-34  1.370000e-33  4.300000e-33  1.360000e-32  4.300000e-32  1.360000e-31  4.310000e-31  1.360000e-30  4.330000e-30  1.370000e-29  4.300000e-29  1.360000e-28  4.300000e-28  1.350000e-27  4.250000e-27  1.180000e-26  1.720000e-26  8.450000e-27  
8.996865  1.350000e-35  4.280000e-35  1.350000e-34  4.280000e-34  1.360000e-33  4.270000e-33  1.360000e-32  4.290000e-32  1.350000e-31  4.270000e-31  1.360000e-30  4.280000e-30  1.360000e-29  4.290000e-29  1.350000e-28  4.290000e-28  1.350000e-27  4.220000e-27  1.180000e-26  1.700000e-26  8.390000e-27  
9.429733  1.350000e-35  4.270000e-35  1.350000e-34  4.260000e-34  1.350000e-33  4.280000e-33  1.350000e-32  4.280000e-32  1.350000e-31  4.260000e-31  1.350000e-30  4.240000e-30  1.350000e-29  4.260000e-29  1.350000e-28  4.260000e-28  1.340000e-27  4.200000e-27  1.170000e-26  1.690000e-26  8.320000e-27  
9.883427  1.340000e-35  4.220000e-35  1.340000e-34  4.240000e-34  1.340000e-33  4.250000e-33  1.340000e-32  4.230000e-32  1.340000e-31  4.230000e-31  1.350000e-30  4.250000e-30  1.340000e-29  4.230000e-29  1.340000e-28  4.240000e-28  1.340000e-27  4.170000e-27  1.160000e-26  1.680000e-26  8.270000e-27  
10.358949  1.340000e-35  4.230000e-35  1.330000e-34  4.230000e-34  1.330000e-33  4.220000e-33  1.340000e-32  4.230000e-32  1.330000e-31  4.220000e-31  1.340000e-30  4.220000e-30  1.340000e-29  4.230000e-29  1.330000e-28  4.240000e-28  1.330000e-27  4.160000e-27  1.160000e-26  1.670000e-26  8.210000e-27  
10.857351  1.330000e-35  4.220000e-35  1.330000e-34  4.200000e-34  1.330000e-33  4.210000e-33  1.330000e-32  4.210000e-32  1.340000e-31  4.220000e-31  1.330000e-30  4.210000e-30  1.340000e-29  4.230000e-29  1.330000e-28  4.230000e-28  1.330000e-27  4.150000e-27  1.160000e-26  1.670000e-26  8.180000e-27  
11.379732  1.340000e-35  4.220000e-35  1.330000e-34  4.220000e-34  1.340000e-33  4.220000e-33  1.330000e-32  4.220000e-32  1.340000e-31  4.220000e-31  1.330000e-30  4.220000e-30  1.330000e-29  4.240000e-29  1.340000e-28  4.240000e-28  1.330000e-27  4.170000e-27  1.160000e-26  1.670000e-26  8.170000e-27  
11.927247  1.340000e-35  4.240000e-35  1.340000e-34  4.260000e-34  1.340000e-33  4.250000e-33  1.340000e-32  4.230000e-32  1.350000e-31  4.250000e-31  1.340000e-30  4.230000e-30  1.340000e-29  4.240000e-29  1.340000e-28  4.240000e-28  1.340000e-27  4.190000e-27  1.160000e-26  1.670000e-26  8.180000e-27  
12.501104  1.340000e-35  4.270000e-35  1.360000e-34  4.300000e-34  1.350000e-33  4.270000e-33  1.360000e-32  4.270000e-32  1.350000e-31  4.300000e-31  1.360000e-30  4.280000e-30  1.360000e-29  4.270000e-29  1.350000e-28  4.270000e-28  1.350000e-27  4.220000e-27  1.170000e-26  1.680000e-26  8.210000e-27  
13.102571  1.370000e-35  4.330000e-35  1.370000e-34  4.330000e-34  1.370000e-33  4.340000e-33  1.370000e-32  4.350000e-32  1.370000e-31  4.340000e-31  1.370000e-30  4.320000e-30  1.370000e-29  4.330000e-29  1.370000e-28  4.330000e-28  1.370000e-27  4.250000e-27  1.180000e-26  1.700000e-26  8.290000e-27  
13.732977  1.390000e-35  4.410000e-35  1.400000e-34  4.410000e-34  1.390000e-33  4.410000e-33  1.390000e-32  4.400000e-32  1.390000e-31  4.380000e-31  1.390000e-30  4.410000e-30  1.400000e-29  4.400000e-29  1.390000e-28  4.430000e-28  1.390000e-27  4.330000e-27  1.200000e-26  1.720000e-26  8.390000e-27  
14.393714  1.420000e-35  4.510000e-35  1.420000e-34  4.510000e-34  1.420000e-33  4.520000e-33  1.420000e-32  4.510000e-32  1.420000e-31  4.500000e-31  1.420000e-30  4.500000e-30  1.420000e-29  4.500000e-29  1.420000e-28  4.520000e-28  1.420000e-27  4.430000e-27  1.230000e-26  1.750000e-26  8.540000e-27  
15.086240  1.460000e-35  4.630000e-35  1.460000e-34  4.620000e-34  1.460000e-33  4.630000e-33  1.460000e-32  4.640000e-32  1.460000e-31  4.640000e-31  1.460000e-30  4.610000e-30  1.460000e-29  4.620000e-29  1.460000e-28  4.610000e-28  1.460000e-27  4.560000e-27  1.260000e-26  1.800000e-26  8.730000e-27  
15.812086  1.520000e-35  4.760000e-35  1.510000e-34  4.770000e-34  1.510000e-33  4.770000e-33  1.510000e-32  4.770000e-32  1.510000e-31  4.780000e-31  1.510000e-30  4.780000e-30  1.510000e-29  4.770000e-29  1.500000e-28  4.790000e-28  1.510000e-27  4.700000e-27  1.300000e-26  1.850000e-26  8.970000e-27  
16.572855  1.570000e-35  4.970000e-35  1.570000e-34  4.970000e-34  1.570000e-33  4.970000e-33  1.580000e-32  4.960000e-32  1.570000e-31  4.980000e-31  1.570000e-30  4.950000e-30  1.570000e-29  4.940000e-29  1.570000e-28  4.950000e-28  1.560000e-27  4.880000e-27  1.350000e-26  1.910000e-26  9.260000e-27  
17.370227  1.640000e-35  5.180000e-35  1.640000e-34  5.170000e-34  1.640000e-33  5.200000e-33  1.650000e-32  5.180000e-32  1.640000e-31  5.170000e-31  1.640000e-30  5.170000e-30  1.640000e-29  5.190000e-29  1.640000e-28  5.190000e-28  1.640000e-27  5.110000e-27  1.410000e-26  1.990000e-26  9.610000e-27  
18.205964  1.720000e-35  5.460000e-35  1.730000e-34  5.460000e-34  1.720000e-33  5.460000e-33  1.730000e-32  5.470000e-32  1.720000e-31  5.450000e-31  1.720000e-30  5.450000e-30  1.730000e-29  5.440000e-29  1.730000e-28  5.450000e-28  1.720000e-27  5.350000e-27  1.480000e-26  2.080000e-26  1.000000e-26  
19.081909  1.820000e-35  5.760000e-35  1.830000e-34  5.770000e-34  1.830000e-33  5.780000e-33  1.830000e-32  5.770000e-32  1.820000e-31  5.760000e-31  1.820000e-30  5.780000e-30  1.830000e-29  5.780000e-29  1.820000e-28  5.780000e-28  1.820000e-27  5.690000e-27  1.570000e-26  2.190000e-26  1.050000e-26  
20.000000  1.940000e-35  6.150000e-35  1.950000e-34  6.150000e-34  1.940000e-33  6.150000e-33  1.940000e-32  6.140000e-32  1.940000e-31  6.150000e-31  1.940000e-30  6.130000e-30  1.940000e-29  6.160000e-29  1.940000e-28  6.120000e-28  1.950000e-27  6.040000e-27  1.670000e-26  2.310000e-26  1.110000e-26  
20.470620  2.010000e-35  6.330000e-35  2.010000e-34  6.350000e-34  2.010000e-33  6.360000e-33  2.010000e-32  6.340000e-32  2.020000e-31  6.350000e-31  2.010000e-30  6.340000e-30  2.010000e-29  6.370000e-29  2.010000e-28  6.340000e-28  2.000000e-27  6.230000e-27  1.720000e-26  2.380000e-26  1.140000e-26  
20.952315  2.080000e-35  6.550000e-35  2.070000e-34  6.590000e-34  2.070000e-33  6.560000e-33  2.080000e-32  6.570000e-32  2.080000e-31  6.570000e-31  2.070000e-30  6.560000e-30  2.070000e-29  6.550000e-29  2.080000e-28  6.580000e-28  2.070000e-27  6.460000e-27  1.780000e-26  2.460000e-26  1.170000e-26  
21.445344  2.150000e-35  6.820000e-35  2.160000e-34  6.830000e-34  2.150000e-33  6.840000e-33  2.150000e-32  6.810000e-32  2.170000e-31  6.790000e-31  2.160000e-30  6.830000e-30  2.150000e-29  6.870000e-29  2.160000e-28  6.800000e-28  2.160000e-27  6.710000e-27  1.840000e-26  2.540000e-26  1.210000e-26  
21.949975  2.240000e-35  7.100000e-35  2.240000e-34  7.100000e-34  2.240000e-33  7.050000e-33  2.230000e-32  7.050000e-32  2.240000e-31  7.080000e-31  2.230000e-30  7.090000e-30  2.230000e-29  7.100000e-29  2.230000e-28  7.040000e-28  2.220000e-27  6.940000e-27  1.910000e-26  2.630000e-26  1.250000e-26  
22.466481  2.330000e-35  7.370000e-35  2.320000e-34  7.370000e-34  2.320000e-33  7.370000e-33  2.340000e-32  7.370000e-32  2.320000e-31  7.320000e-31  2.330000e-30  7.370000e-30  2.320000e-29  7.350000e-29  2.330000e-28  7.350000e-28  2.320000e-27  7.250000e-27  1.990000e-26  2.720000e-26  1.290000e-26  
22.995140  2.430000e-35  7.660000e-35  2.430000e-34  7.660000e-34  2.420000e-33  7.650000e-33  2.420000e-32  7.690000e-32  2.420000e-31  7.690000e-31  2.430000e-30  7.700000e-30  2.410000e-29  7.690000e-29  2.430000e-28  7.700000e-28  2.420000e-27  7.530000e-27  2.070000e-26  2.820000e-26  1.330000e-26  
23.536239  2.530000e-35  7.990000e-35  2.530000e-34  8.030000e-34  2.520000e-33  8.000000e-33  2.520000e-32  8.010000e-32  2.530000e-31  8.030000e-31  2.540000e-30  8.010000e-30  2.530000e-29  8.000000e-29  2.520000e-28  8.000000e-28  2.530000e-27  7.850000e-27  2.160000e-26  2.930000e-26  1.380000e-26  
24.090071  2.650000e-35  8.370000e-35  2.630000e-34  8.330000e-34  2.630000e-33  8.350000e-33  2.640000e-32  8.310000e-32  2.650000e-31  8.370000e-31  2.640000e-30  8.350000e-30  2.650000e-29  8.350000e-29  2.630000e-28  8.370000e-28  2.640000e-27  8.250000e-27  2.250000e-26  3.050000e-26  1.430000e-26  
24.656935  2.760000e-35  8.760000e-35  2.780000e-34  8.750000e-34  2.770000e-33  8.760000e-33  2.760000e-32  8.740000e-32  2.770000e-31  8.730000e-31  2.760000e-30  8.740000e-30  2.780000e-29  8.730000e-29  2.750000e-28  8.710000e-28  2.760000e-27  8.600000e-27  2.350000e-26  3.170000e-26  1.490000e-26  
25.237138  2.900000e-35  9.210000e-35  2.910000e-34  9.140000e-34  2.910000e-33  9.140000e-33  2.900000e-32  9.160000e-32  2.900000e-31  9.160000e-31  2.900000e-30  9.150000e-30  2.900000e-29  9.160000e-29  2.900000e-28  9.140000e-28  2.910000e-27  9.020000e-27  2.460000e-26  3.310000e-26  1.550000e-26  
25.830993  3.030000e-35  9.580000e-35  3.050000e-34  9.630000e-34  3.070000e-33  9.680000e-33  3.050000e-32  9.600000e-32  3.040000e-31  9.620000e-31  3.040000e-30  9.660000e-30  3.030000e-29  9.600000e-29  3.050000e-28  9.640000e-28  3.030000e-27  9.440000e-27  2.580000e-26  3.450000e-26  1.610000e-26  
26.438823  3.200000e-35  1.010000e-34  3.220000e-34  1.010000e-33  3.200000e-33  1.010000e-32  3.190000e-32  1.020000e-31  3.200000e-31  1.010000e-30  3.200000e-30  1.020000e-29  3.200000e-29  1.020000e-28  3.190000e-28  1.020000e-27  3.200000e-27  9.940000e-27  2.710000e-26  3.610000e-26  1.680000e-26  
27.060955  3.380000e-35  1.070000e-34  3.380000e-34  1.060000e-33  3.380000e-33  1.060000e-32  3.360000e-32  1.060000e-31  3.390000e-31  1.070000e-30  3.370000e-30  1.070000e-29  3.370000e-29  1.070000e-28  3.380000e-28  1.070000e-27  3.370000e-27  1.050000e-26  2.860000e-26  3.780000e-26  1.750000e-26  
27.697727  3.560000e-35  1.130000e-34  3.550000e-34  1.120000e-33  3.570000e-33  1.130000e-32  3.560000e-32  1.130000e-31  3.550000e-31  1.130000e-30  3.570000e-30  1.130000e-29  3.560000e-29  1.130000e-28  3.550000e-28  1.130000e-27  3.560000e-27  1.100000e-26  3.010000e-26  3.960000e-26  1.830000e-26  
28.349483  3.780000e-35  1.190000e-34  3.760000e-34  1.200000e-33  3.750000e-33  1.190000e-32  3.760000e-32  1.190000e-31  3.770000e-31  1.180000e-30  3.780000e-30  1.190000e-29  3.780000e-29  1.190000e-28  3.770000e-28  1.190000e-27  3.760000e-27  1.160000e-26  3.180000e-26  4.150000e-26  1.910000e-26  
29.016576  3.990000e-35  1.260000e-34  4.000000e-34  1.260000e-33  3.990000e-33  1.260000e-32  3.990000e-32  1.260000e-31  3.990000e-31  1.260000e-30  4.010000e-30  1.270000e-29  4.000000e-29  1.260000e-28  3.990000e-28  1.270000e-27  3.980000e-27  1.240000e-26  3.360000e-26  4.370000e-26  2.010000e-26  
29.699365  4.230000e-35  1.340000e-34  4.250000e-34  1.340000e-33  4.250000e-33  1.350000e-32  4.250000e-32  1.340000e-31  4.230000e-31  1.340000e-30  4.240000e-30  1.340000e-29  4.250000e-29  1.340000e-28  4.260000e-28  1.340000e-27  4.220000e-27  1.320000e-26  3.560000e-26  4.600000e-26  2.100000e-26  
30.398222  4.500000e-35  1.430000e-34  4.530000e-34  1.430000e-33  4.500000e-33  1.430000e-32  4.520000e-32  1.440000e-31  4.500000e-31  1.430000e-30  4.510000e-30  1.420000e-29  4.540000e-29  1.420000e-28  4.510000e-28  1.430000e-27  4.490000e-27  1.400000e-26  3.780000e-26  4.850000e-26  2.210000e-26  
31.113523  4.810000e-35  1.520000e-34  4.820000e-34  1.510000e-33  4.810000e-33  1.520000e-32  4.810000e-32  1.530000e-31  4.830000e-31  1.520000e-30  4.810000e-30  1.530000e-29  4.860000e-29  1.520000e-28  4.780000e-28  1.520000e-27  4.820000e-27  1.490000e-26  4.020000e-26  5.120000e-26  2.320000e-26  
31.845656  5.140000e-35  1.630000e-34  5.160000e-34  1.630000e-33  5.140000e-33  1.620000e-32  5.150000e-32  1.620000e-31  5.140000e-31  1.620000e-30  5.140000e-30  1.630000e-29  5.130000e-29  1.620000e-28  5.130000e-28  1.630000e-27  5.150000e-27  1.590000e-26  4.290000e-26  5.410000e-26  2.450000e-26  
32.595017  5.510000e-35  1.740000e-34  5.530000e-34  1.750000e-33  5.530000e-33  1.750000e-32  5.490000e-32  1.740000e-31  5.500000e-31  1.740000e-30  5.480000e-30  1.740000e-29  5.500000e-29  1.750000e-28  5.520000e-28  1.750000e-27  5.490000e-27  1.710000e-26  4.580000e-26  5.730000e-26  2.580000e-26  
33.362011  5.920000e-35  1.870000e-34  5.920000e-34  1.870000e-33  5.930000e-33  1.880000e-32  5.910000e-32  1.870000e-31  5.940000e-31  1.870000e-30  5.930000e-30  1.880000e-29  5.940000e-29  1.880000e-28  5.910000e-28  1.870000e-27  5.920000e-27  1.830000e-26  4.900000e-26  6.090000e-26  2.720000e-26  
34.147053  6.350000e-35  2.010000e-34  6.380000e-34  2.020000e-33  6.390000e-33  2.020000e-32  6.360000e-32  2.010000e-31  6.390000e-31  2.010000e-30  6.400000e-30  2.010000e-29  6.380000e-29  2.020000e-28  6.350000e-28  2.010000e-27  6.330000e-27  1.970000e-26  5.260000e-26  6.470000e-26  2.880000e-26  
34.950568  6.880000e-35  2.180000e-34  6.900000e-34  2.190000e-33  6.900000e-33  2.190000e-32  6.910000e-32  2.180000e-31  6.850000e-31  2.170000e-30  6.890000e-30  2.180000e-29  6.880000e-29  2.180000e-28  6.940000e-28  2.190000e-27  6.890000e-27  2.130000e-26  5.670000e-26  6.900000e-26  3.050000e-26  
35.772991  7.440000e-35  2.370000e-34  7.480000e-34  2.350000e-33  7.460000e-33  2.360000e-32  7.470000e-32  2.360000e-31  7.470000e-31  2.350000e-30  7.470000e-30  2.360000e-29  7.480000e-29  2.370000e-28  7.470000e-28  2.370000e-27  7.450000e-27  2.310000e-26  6.120000e-26  7.360000e-26  3.240000e-26  
36.614766  8.160000e-35  2.570000e-34  8.110000e-34  2.570000e-33  8.170000e-33  2.570000e-32  8.120000e-32  2.560000e-31  8.100000e-31  2.570000e-30  8.100000e-30  2.570000e-29  8.140000e-29  2.580000e-28  8.140000e-28  2.570000e-27  8.100000e-27  2.510000e-26  6.630000e-26  7.880000e-26  3.440000e-26  
37.476349  8.870000e-35  2.820000e-34  8.850000e-34  2.790000e-33  8.840000e-33  2.790000e-32  8.870000e-32  2.790000e-31  8.860000e-31  2.820000e-30  8.870000e-30  2.810000e-29  8.880000e-29  2.820000e-28  8.910000e-28  2.800000e-27  8.840000e-27  2.740000e-26  7.200000e-26  8.450000e-26  3.670000e-26  
38.358205  9.700000e-35  3.080000e-34  9.740000e-34  3.070000e-33  9.690000e-33  3.080000e-32  9.740000e-32  3.070000e-31  9.760000e-31  3.060000e-30  9.680000e-30  3.070000e-29  9.740000e-29  3.080000e-28  9.750000e-28  3.080000e-27  9.690000e-27  3.000000e-26  7.850000e-26  9.090000e-26  3.920000e-26  
39.260813  1.070000e-34  3.390000e-34  1.070000e-33  3.370000e-33  1.060000e-32  3.390000e-32  1.070000e-31  3.370000e-31  1.070000e-30  3.370000e-30  1.070000e-29  3.390000e-29  1.070000e-28  3.390000e-28  1.070000e-27  3.370000e-27  1.070000e-26  3.300000e-26  8.600000e-26  9.810000e-26  4.190000e-26  
40.184660  1.180000e-34  3.730000e-34  1.190000e-33  3.760000e-33  1.180000e-32  3.750000e-32  1.190000e-31  3.770000e-31  1.190000e-30  3.770000e-30  1.180000e-29  3.760000e-29  1.190000e-28  3.750000e-28  1.180000e-27  3.740000e-27  1.170000e-26  3.650000e-26  9.450000e-26  1.060000e-25  4.500000e-26  
41.130246  1.320000e-34  4.160000e-34  1.320000e-33  4.140000e-33  1.320000e-32  4.190000e-32  1.320000e-31  4.170000e-31  1.310000e-30  4.180000e-30  1.320000e-29  4.160000e-29  1.320000e-28  4.160000e-28  1.320000e-27  4.190000e-27  1.310000e-26  4.060000e-26  1.040000e-25  1.150000e-25  4.850000e-26  
42.098083  1.470000e-34  4.670000e-34  1.480000e-33  4.640000e-33  1.470000e-32  4.660000e-32  1.480000e-31  4.660000e-31  1.470000e-30  4.680000e-30  1.480000e-29  4.670000e-29  1.470000e-28  4.650000e-28  1.480000e-27  4.660000e-27  1.470000e-26  4.540000e-26  1.160000e-25  1.250000e-25  5.230000e-26  
43.088694  1.660000e-34  5.280000e-34  1.660000e-33  5.270000e-33  1.650000e-32  5.270000e-32  1.660000e-31  5.250000e-31  1.660000e-30  5.270000e-30  1.660000e-29  5.230000e-29  1.660000e-28  5.250000e-28  1.670000e-27  5.240000e-27  1.650000e-26  5.110000e-26  1.290000e-25  1.370000e-25  5.670000e-26  
44.102615  1.880000e-34  5.970000e-34  1.890000e-33  6.000000e-33  1.880000e-32  5.970000e-32  1.880000e-31  6.000000e-31  1.880000e-30  5.980000e-30  1.890000e-29  5.960000e-29  1.890000e-28  5.960000e-28  1.880000e-27  5.940000e-27  1.880000e-26  5.790000e-26  1.460000e-25  1.510000e-25  6.180000e-26  
45.140394  2.160000e-34  6.830000e-34  2.170000e-33  6.830000e-33  2.160000e-32  6.810000e-32  2.170000e-31  6.830000e-31  2.160000e-30  6.830000e-30  2.160000e-29  6.830000e-29  2.160000e-28  6.820000e-28  2.160000e-27  6.820000e-27  2.150000e-26  6.630000e-26  1.650000e-25  1.660000e-25  6.750000e-26  
46.202594  2.500000e-34  7.930000e-34  2.490000e-33  7.920000e-33  2.500000e-32  7.930000e-32  2.500000e-31  7.900000e-31  2.500000e-30  7.910000e-30  2.510000e-29  7.930000e-29  2.500000e-28  7.900000e-28  2.500000e-27  7.880000e-27  2.500000e-26  7.650000e-26  1.880000e-25  1.850000e-25  7.420000e-26  
47.289788  2.930000e-34  9.240000e-34  2.910000e-33  9.260000e-33  2.920000e-32  9.270000e-32  2.920000e-31  9.260000e-31  2.920000e-30  9.280000e-30  2.930000e-29  9.300000e-29  2.920000e-28  9.250000e-28  2.930000e-27  9.240000e-27  2.920000e-26  8.950000e-26  2.170000e-25  2.070000e-25  8.200000e-26  
48.402565  3.490000e-34  1.100000e-33  3.480000e-33  1.100000e-32  3.480000e-32  1.100000e-31  3.490000e-31  1.100000e-30  3.490000e-30  1.100000e-29  3.480000e-29  1.100000e-28  3.470000e-28  1.100000e-27  3.500000e-27  1.100000e-26  3.470000e-26  1.060000e-25  2.530000e-25  2.330000e-25  9.130000e-26  
49.541527  4.190000e-34  1.330000e-33  4.180000e-33  1.330000e-32  4.190000e-32  1.330000e-31  4.190000e-31  1.330000e-30  4.200000e-30  1.330000e-29  4.190000e-29  1.320000e-28  4.190000e-28  1.320000e-27  4.180000e-27  1.330000e-26  4.170000e-26  1.280000e-25  3.000000e-25  2.660000e-25  1.020000e-25  
50.707290  5.150000e-34  1.640000e-33  5.170000e-33  1.630000e-32  5.150000e-32  1.620000e-31  5.150000e-31  1.630000e-30  5.170000e-30  1.630000e-29  5.170000e-29  1.640000e-28  5.150000e-28  1.640000e-27  5.160000e-27  1.630000e-26  5.150000e-26  1.560000e-25  3.600000e-25  3.060000e-25  1.160000e-25  
51.900484  6.530000e-34  2.050000e-33  6.540000e-33  2.050000e-32  6.540000e-32  2.070000e-31  6.500000e-31  2.070000e-30  6.510000e-30  2.050000e-29  6.530000e-29  2.050000e-28  6.520000e-28  2.060000e-27  6.500000e-27  2.070000e-26  6.500000e-26  1.970000e-25  4.410000e-25  3.560000e-25  1.340000e-25  
53.121756  8.490000e-34  2.700000e-33  8.510000e-33  2.680000e-32  8.470000e-32  2.670000e-31  8.500000e-31  2.670000e-30  8.470000e-30  2.690000e-29  8.480000e-29  2.680000e-28  8.480000e-28  2.680000e-27  8.520000e-27  2.690000e-26  8.510000e-26  2.550000e-25  5.530000e-25  4.230000e-25  1.560000e-25  
54.370000  1.150000e-33  3.640000e-33  1.150000e-32  3.650000e-32  1.150000e-31  3.650000e-31  1.150000e-30  3.660000e-30  1.150000e-29  3.640000e-29  1.150000e-28  3.630000e-28  1.150000e-27  3.650000e-27  1.150000e-26  3.630000e-26  1.150000e-25  3.430000e-25  7.150000e-25  5.120000e-25  1.860000e-25  
55.650000  1.650000e-33  5.210000e-33  1.640000e-32  5.230000e-32  1.650000e-31  5.210000e-31  1.650000e-30  5.280000e-30  1.650000e-29  5.190000e-29  1.650000e-28  5.240000e-28  1.650000e-27  5.230000e-27  1.660000e-26  5.200000e-26  1.640000e-25  4.870000e-25  9.620000e-25  6.400000e-25  2.270000e-25  
56.960000  2.570000e-33  8.150000e-33  2.580000e-32  8.170000e-32  2.580000e-31  8.100000e-31  2.590000e-30  8.130000e-30  2.580000e-29  8.140000e-29  2.580000e-28  8.140000e-28  2.570000e-27  8.100000e-27  2.600000e-26  8.100000e-26  2.560000e-25  7.490000e-25  1.370000e-24  8.340000e-25  2.910000e-25  
58.300000  4.550000e-33  1.440000e-32  4.560000e-32  1.450000e-31  4.570000e-31  1.450000e-30  4.550000e-30  1.450000e-29  4.540000e-29  1.440000e-28  4.560000e-28  1.440000e-27  4.580000e-27  1.440000e-26  4.570000e-26  1.450000e-25  4.510000e-25  1.290000e-24  2.130000e-24  1.160000e-24  3.960000e-25  
60.000000  1.320000e-32  4.160000e-32  1.320000e-31  4.170000e-31  1.320000e-30  4.180000e-30  1.320000e-29  4.190000e-29  1.310000e-28  4.170000e-28  1.320000e-27  4.160000e-27  1.320000e-26  4.170000e-26  1.320000e-25  4.190000e-25  1.290000e-24  3.500000e-24  4.560000e-24  2.090000e-24  6.930000e-25  
61.000000  3.700000e-32  1.170000e-31  3.700000e-31  1.170000e-30  3.730000e-30  1.170000e-29  3.720000e-29  1.180000e-28  3.720000e-28  1.170000e-27  3.720000e-27  1.180000e-26  3.700000e-26  1.170000e-25  3.700000e-25  1.170000e-24  3.600000e-24  8.930000e-24  8.980000e-24  3.630000e-24  1.180000e-24  
61.500000  8.420000e-32  2.650000e-31  8.450000e-31  2.660000e-30  8.420000e-30  2.660000e-29  8.360000e-29  2.650000e-28  8.430000e-28  2.670000e-27  8.410000e-27  2.650000e-26  8.400000e-26  2.670000e-25  8.400000e-25  2.650000e-24  8.020000e-24  1.810000e-23  1.480000e-23  5.560000e-24  1.790000e-24  
61.800000  1.720000e-31  5.460000e-31  1.720000e-30  5.440000e-30  1.720000e-29  5.460000e-29  1.730000e-28  5.420000e-28  1.730000e-27  5.430000e-27  1.720000e-26  5.480000e-26  1.720000e-25  5.450000e-25  1.720000e-24  5.400000e-24  1.610000e-23  3.260000e-23  2.240000e-23  8.050000e-24  2.580000e-24  
62.000000  3.390000e-31  1.070000e-30  3.370000e-30  1.070000e-29  3.400000e-29  1.070000e-28  3.380000e-28  1.070000e-27  3.380000e-27  1.070000e-26  3.380000e-26  1.070000e-25  3.380000e-25  1.070000e-24  3.370000e-24  1.060000e-23  3.090000e-23  5.530000e-23  3.280000e-23  1.140000e-23  3.630000e-24  
62.200000  9.440000e-31  2.980000e-30  9.400000e-30  2.980000e-29  9.380000e-29  2.980000e-28  9.470000e-28  2.980000e-27  9.470000e-27  2.990000e-26  9.430000e-26  2.990000e-25  9.440000e-25  2.980000e-24  9.420000e-24  2.930000e-23  8.140000e-23  1.160000e-22  5.700000e-23  1.910000e-23  6.080000e-24  
62.300000  2.120000e-30  6.710000e-30  2.120000e-29  6.710000e-29  2.120000e-28  6.720000e-28  2.130000e-27  6.710000e-27  2.130000e-26  6.740000e-26  2.120000e-25  6.680000e-25  2.120000e-24  6.710000e-24  2.130000e-23  6.550000e-23  1.720000e-22  2.010000e-22  8.740000e-23  2.880000e-23  9.130000e-24  
62.350000  3.790000e-30  1.200000e-29  3.780000e-29  1.200000e-28  3.760000e-28  1.200000e-27  3.780000e-27  1.200000e-26  3.770000e-26  1.200000e-25  3.770000e-25  1.200000e-24  3.770000e-24  1.190000e-23  3.760000e-23  1.160000e-22  2.870000e-22  2.900000e-22  1.180000e-22  3.840000e-23  1.220000e-23  
62.400000  8.450000e-30  2.690000e-29  8.490000e-29  2.700000e-28  8.520000e-28  2.670000e-27  8.510000e-27  2.690000e-26  8.490000e-26  2.700000e-25  8.490000e-25  2.690000e-24  8.530000e-24  2.680000e-23  8.420000e-23  2.560000e-22  5.750000e-22  4.730000e-22  1.790000e-22  5.770000e-23  1.830000e-23  
62.430000  1.740000e-29  5.490000e-29  1.740000e-28  5.490000e-28  1.730000e-27  5.510000e-27  1.740000e-26  5.510000e-26  1.740000e-25  5.510000e-25  1.740000e-24  5.470000e-24  1.740000e-23  5.500000e-23  1.730000e-22  5.110000e-22  1.030000e-21  7.130000e-22  2.570000e-22  8.260000e-23  2.620000e-23  
62.450000  3.400000e-29  1.080000e-28  3.420000e-28  1.080000e-27  3.400000e-27  1.080000e-26  3.390000e-26  1.080000e-25  3.410000e-25  1.070000e-24  3.400000e-24  1.080000e-23  3.400000e-23  1.070000e-22  3.360000e-22  9.740000e-22  1.730000e-21  1.030000e-21  3.610000e-22  1.160000e-22  3.670000e-23  
62.460000  5.320000e-29  1.680000e-28  5.310000e-28  1.680000e-27  5.310000e-27  1.690000e-26  5.320000e-26  1.680000e-25  5.330000e-25  1.680000e-24  5.310000e-24  1.680000e-23  5.330000e-23  1.670000e-22  5.230000e-22  1.480000e-21  2.400000e-21  1.320000e-21  4.520000e-22  1.450000e-22  4.580000e-23  
62.470000  9.470000e-29  2.990000e-28  9.440000e-28  3.000000e-27  9.440000e-27  2.980000e-26  9.480000e-26  2.990000e-25  9.430000e-25  2.990000e-24  9.460000e-24  2.990000e-23  9.410000e-23  2.980000e-22  9.240000e-22  2.530000e-21  3.590000e-21  1.790000e-21  6.040000e-22  1.930000e-22  6.110000e-23  
62.475000  1.360000e-28  4.300000e-28  1.370000e-27  4.320000e-27  1.360000e-26  4.300000e-26  1.360000e-25  4.300000e-25  1.360000e-24  4.320000e-24  1.360000e-23  4.290000e-23  1.360000e-22  4.290000e-22  1.320000e-21  3.530000e-21  4.590000e-21  2.160000e-21  7.260000e-22  2.310000e-22  7.330000e-23  
62.480000  2.130000e-28  6.750000e-28  2.120000e-27  6.660000e-27  2.120000e-26  6.730000e-26  2.130000e-25  6.700000e-25  2.140000e-24  6.720000e-24  2.130000e-23  6.700000e-23  2.120000e-22  6.680000e-22  2.050000e-21  5.250000e-21  6.120000e-21  2.730000e-21  9.070000e-22  2.890000e-22  9.160000e-23  
62.485000  3.790000e-28  1.200000e-27  3.770000e-27  1.200000e-26  3.800000e-26  1.190000e-25  3.780000e-25  1.200000e-24  3.800000e-24  1.200000e-23  3.770000e-23  1.200000e-22  3.770000e-22  1.180000e-21  3.580000e-21  8.620000e-21  8.730000e-21  3.660000e-21  1.210000e-21  3.860000e-22  1.220000e-22  
62.490000  8.460000e-28  2.680000e-27  8.460000e-27  2.680000e-26  8.460000e-26  2.680000e-25  8.460000e-25  2.680000e-24  8.460000e-24  2.680000e-23  8.460000e-23  2.670000e-22  8.420000e-22  2.630000e-21  7.770000e-21  1.670000e-20  1.400000e-20  5.520000e-21  1.810000e-21  5.790000e-22  1.830000e-22  
62.493000  1.710000e-27  5.420000e-27  1.710000e-26  5.410000e-26  1.710000e-25  5.410000e-25  1.710000e-24  5.410000e-24  1.710000e-23  5.410000e-23  1.710000e-22  5.400000e-22  1.700000e-21  5.250000e-21  1.500000e-20  2.870000e-20  2.070000e-20  7.890000e-21  2.590000e-21  8.260000e-22  2.620000e-22  
62.495000  3.300000e-27  1.040000e-26  3.300000e-26  1.040000e-25  3.300000e-25  1.040000e-24  3.300000e-24  1.040000e-23  3.300000e-23  1.040000e-22  3.290000e-22  1.040000e-21  3.260000e-21  9.970000e-21  2.720000e-20  4.560000e-20  2.950000e-20  1.100000e-20  3.620000e-21  1.160000e-21  3.670000e-22  
62.497000  8.590000e-27  2.720000e-26  8.590000e-26  2.720000e-25  8.590000e-25  2.710000e-24  8.590000e-24  2.720000e-23  8.590000e-23  2.720000e-22  8.590000e-22  2.700000e-21  8.360000e-21  2.490000e-20  6.210000e-20  8.570000e-20  4.910000e-20  1.820000e-20  6.010000e-21  1.920000e-21  6.110000e-22  
62.498000  1.720000e-26  5.430000e-26  1.720000e-25  5.430000e-25  1.720000e-24  5.430000e-24  1.720000e-23  5.430000e-23  1.720000e-22  5.430000e-22  1.720000e-21  5.370000e-21  1.650000e-20  4.750000e-20  1.080000e-19  1.310000e-19  7.260000e-20  2.710000e-20  8.980000e-21  2.880000e-21  9.160000e-22  
62.499000  4.250000e-26  1.340000e-25  4.250000e-25  1.340000e-24  4.250000e-24  1.340000e-23  4.250000e-23  1.340000e-22  4.250000e-22  1.340000e-21  4.240000e-21  1.310000e-20  3.930000e-20  1.070000e-19  2.220000e-19  2.440000e-19  1.370000e-19  5.280000e-20  1.780000e-20  5.750000e-21  1.830000e-21  
62.500000  8.100000e-26  2.560000e-25  8.100000e-25  2.560000e-24  8.100000e-24  2.560000e-23  8.100000e-23  2.560000e-22  8.100000e-22  2.560000e-21  8.100000e-21  2.560000e-20  8.100000e-20  2.560000e-19  8.100000e-19  2.560000e-18  8.100000e-18  2.560000e-17  8.100000e-17  2.560000e-16  8.100000e-16  
62.501000  4.060000e-26  1.280000e-25  4.060000e-25  1.280000e-24  4.060000e-24  1.280000e-23  4.060000e-23  1.280000e-22  4.060000e-22  1.280000e-21  4.060000e-21  1.280000e-20  4.060000e-20  1.280000e-19  4.060000e-19  1.280000e-18  4.060000e-18  1.280000e-17  4.060000e-17  1.280000e-16  4.060000e-16  
62.502000  1.650000e-26  5.230000e-26  1.660000e-25  5.240000e-25  1.660000e-24  5.230000e-24  1.650000e-23  5.230000e-23  1.650000e-22  5.230000e-22  1.650000e-21  5.230000e-21  1.650000e-20  5.230000e-20  1.650000e-19  5.230000e-19  1.660000e-18  5.230000e-18  1.650000e-17  5.230000e-17  1.650000e-16  
62.503000  8.360000e-27  2.640000e-26  8.350000e-26  2.640000e-25  8.360000e-25  2.640000e-24  8.350000e-24  2.640000e-23  8.350000e-23  2.640000e-22  8.350000e-22  2.640000e-21  8.350000e-21  2.640000e-20  8.350000e-20  2.640000e-19  8.350000e-19  2.640000e-18  8.360000e-18  2.640000e-17  8.360000e-17  
62.505000  3.240000e-27  1.020000e-26  3.240000e-26  1.020000e-25  3.240000e-25  1.020000e-24  3.240000e-24  1.020000e-23  3.240000e-23  1.020000e-22  3.240000e-22  1.020000e-21  3.240000e-21  1.020000e-20  3.240000e-20  1.020000e-19  3.240000e-19  1.020000e-18  3.240000e-18  1.020000e-17  3.240000e-17  
62.507000  1.690000e-27  5.340000e-27  1.690000e-26  5.350000e-26  1.690000e-25  5.340000e-25  1.690000e-24  5.340000e-24  1.690000e-23  5.340000e-23  1.690000e-22  5.340000e-22  1.690000e-21  5.340000e-21  1.690000e-20  5.340000e-20  1.690000e-19  5.340000e-19  1.690000e-18  5.350000e-18  1.690000e-17  
62.510000  8.390000e-28  2.650000e-27  8.390000e-27  2.650000e-26  8.390000e-26  2.650000e-25  8.390000e-25  2.650000e-24  8.390000e-24  2.650000e-23  8.390000e-23  2.650000e-22  8.390000e-22  2.650000e-21  8.390000e-21  2.650000e-20  8.390000e-20  2.650000e-19  8.380000e-19  2.650000e-18  8.390000e-18  
62.515000  3.760000e-28  1.190000e-27  3.750000e-27  1.190000e-26  3.760000e-26  1.190000e-25  3.760000e-25  1.190000e-24  3.750000e-24  1.190000e-23  3.750000e-23  1.190000e-22  3.760000e-22  1.190000e-21  3.760000e-21  1.190000e-20  3.750000e-20  1.190000e-19  3.750000e-19  1.190000e-18  3.760000e-18  
62.520000  2.120000e-28  6.700000e-28  2.120000e-27  6.700000e-27  2.120000e-26  6.700000e-26  2.120000e-25  6.700000e-25  2.120000e-24  6.700000e-24  2.120000e-23  6.700000e-23  2.120000e-22  6.700000e-22  2.120000e-21  6.700000e-21  2.120000e-20  6.700000e-20  2.120000e-19  6.700000e-19  2.120000e-18  
62.525000  1.360000e-28  4.290000e-28  1.360000e-27  4.290000e-27  1.360000e-26  4.290000e-26  1.360000e-25  4.290000e-25  1.360000e-24  4.290000e-24  1.360000e-23  4.290000e-23  1.360000e-22  4.290000e-22  1.360000e-21  4.290000e-21  1.360000e-20  4.290000e-20  1.360000e-19  4.290000e-19  1.360000e-18  
62.530000  9.440000e-29  2.980000e-28  9.440000e-28  2.990000e-27  9.440000e-27  2.980000e-26  9.440000e-26  2.980000e-25  9.440000e-25  2.980000e-24  9.430000e-24  2.980000e-23  9.440000e-23  2.980000e-22  9.440000e-22  2.980000e-21  9.440000e-21  2.980000e-20  9.440000e-20  2.980000e-19  9.440000e-19  
62.540000  5.320000e-29  1.680000e-28  5.310000e-28  1.680000e-27  5.310000e-27  1.680000e-26  5.320000e-26  1.680000e-25  5.320000e-25  1.680000e-24  5.310000e-24  1.680000e-23  5.310000e-23  1.680000e-22  5.320000e-22  1.680000e-21  5.320000e-21  1.680000e-20  5.310000e-20  1.680000e-19  5.310000e-19  
62.550000  3.400000e-29  1.080000e-28  3.400000e-28  1.080000e-27  3.400000e-27  1.080000e-26  3.400000e-26  1.080000e-25  3.400000e-25  1.080000e-24  3.400000e-24  1.080000e-23  3.400000e-23  1.080000e-22  3.400000e-22  1.080000e-21  3.400000e-21  1.080000e-20  3.400000e-20  1.080000e-19  3.400000e-19  
62.570000  1.740000e-29  5.490000e-29  1.740000e-28  5.500000e-28  1.740000e-27  5.490000e-27  1.740000e-26  5.490000e-26  1.740000e-25  5.490000e-25  1.740000e-24  5.490000e-24  1.740000e-23  5.490000e-23  1.740000e-22  5.490000e-22  1.740000e-21  5.500000e-21  1.740000e-20  5.490000e-20  1.740000e-19  
62.600000  8.520000e-30  2.690000e-29  8.520000e-29  2.690000e-28  8.520000e-28  2.690000e-27  8.520000e-27  2.690000e-26  8.520000e-26  2.690000e-25  8.520000e-25  2.690000e-24  8.520000e-24  2.690000e-23  8.520000e-23  2.690000e-22  8.520000e-22  2.690000e-21  8.520000e-21  2.690000e-20  8.520000e-20  
62.650000  3.790000e-30  1.200000e-29  3.790000e-29  1.200000e-28  3.790000e-28  1.200000e-27  3.790000e-27  1.200000e-26  3.790000e-26  1.200000e-25  3.790000e-25  1.200000e-24  3.790000e-24  1.200000e-23  3.790000e-23  1.200000e-22  3.790000e-22  1.200000e-21  3.790000e-21  1.200000e-20  3.790000e-20  
62.700000  2.130000e-30  6.740000e-30  2.130000e-29  6.740000e-29  2.130000e-28  6.740000e-28  2.130000e-27  6.740000e-27  2.130000e-26  6.740000e-26  2.130000e-25  6.750000e-25  2.130000e-24  6.740000e-24  2.130000e-23  6.750000e-23  2.130000e-22  6.740000e-22  2.130000e-21  6.740000e-21  2.130000e-20  
62.800000  9.490000e-31  3.000000e-30  9.500000e-30  3.000000e-29  9.500000e-29  3.000000e-28  9.490000e-28  3.000000e-27  9.490000e-27  3.000000e-26  9.490000e-26  3.000000e-25  9.490000e-25  3.000000e-24  9.490000e-24  3.000000e-23  9.490000e-23  3.000000e-22  9.490000e-22  3.000000e-21  9.490000e-21  
63.000000  3.430000e-31  1.080000e-30  3.430000e-30  1.080000e-29  3.430000e-29  1.080000e-28  3.430000e-28  1.080000e-27  3.430000e-27  1.080000e-26  3.430000e-26  1.080000e-25  3.430000e-25  1.080000e-24  3.430000e-24  1.080000e-23  3.430000e-23  1.080000e-22  3.430000e-22  1.080000e-21  3.430000e-21  
63.200000  1.750000e-31  5.540000e-31  1.750000e-30  5.540000e-30  1.750000e-29  5.540000e-29  1.750000e-28  5.540000e-28  1.750000e-27  5.540000e-27  1.750000e-26  5.540000e-26  1.750000e-25  5.540000e-25  1.750000e-24  5.540000e-24  1.750000e-23  5.540000e-23  1.750000e-22  5.540000e-22  1.750000e-21  
63.600000  7.140000e-32  2.260000e-31  7.130000e-31  2.260000e-30  7.130000e-30  2.260000e-29  7.130000e-29  2.260000e-28  7.130000e-28  2.260000e-27  7.130000e-27  2.260000e-26  7.130000e-26  2.260000e-25  7.130000e-25  2.260000e-24  7.130000e-24  2.250000e-23  7.130000e-23  2.260000e-22  7.130000e-22  
64.200000  3.010000e-32  9.510000e-32  3.010000e-31  9.520000e-31  3.010000e-30  9.510000e-30  3.010000e-29  9.520000e-29  3.010000e-28  9.510000e-28  3.010000e-27  9.520000e-27  3.010000e-26  9.510000e-26  3.010000e-25  9.520000e-25  3.010000e-24  9.510000e-24  3.010000e-23  9.520000e-23  3.010000e-22  
65.500000  9.820000e-33  3.100000e-32  9.810000e-32  3.100000e-31  9.820000e-31  3.100000e-30  9.810000e-30  3.110000e-29  9.820000e-29  3.100000e-28  9.810000e-28  3.100000e-27  9.810000e-27  3.100000e-26  9.810000e-26  3.100000e-25  9.830000e-25  3.100000e-24  9.820000e-24  3.100000e-23  9.820000e-23  
67.030000  4.390000e-33  1.390000e-32  4.380000e-32  1.390000e-31  4.380000e-31  1.390000e-30  4.390000e-30  1.390000e-29  4.390000e-29  1.390000e-28  4.380000e-28  1.390000e-27  4.390000e-27  1.390000e-26  4.380000e-26  1.390000e-25  4.390000e-25  1.390000e-24  4.380000e-24  1.390000e-23  4.380000e-23  
68.610000  2.450000e-33  7.760000e-33  2.460000e-32  7.760000e-32  2.450000e-31  7.770000e-31  2.450000e-30  7.760000e-30  2.460000e-29  7.760000e-29  2.450000e-28  7.760000e-28  2.450000e-27  7.760000e-27  2.450000e-26  7.760000e-26  2.450000e-25  7.760000e-25  2.450000e-24  7.770000e-24  2.460000e-23  
70.220000  1.570000e-33  4.950000e-33  1.570000e-32  4.950000e-32  1.570000e-31  4.950000e-31  1.570000e-30  4.950000e-30  1.570000e-29  4.950000e-29  1.570000e-28  4.950000e-28  1.570000e-27  4.950000e-27  1.570000e-26  4.950000e-26  1.570000e-25  4.950000e-25  1.570000e-24  4.950000e-24  1.570000e-23  
71.880000  1.080000e-33  3.420000e-33  1.080000e-32  3.410000e-32  1.080000e-31  3.410000e-31  1.080000e-30  3.420000e-30  1.080000e-29  3.420000e-29  1.080000e-28  3.420000e-28  1.080000e-27  3.420000e-27  1.080000e-26  3.420000e-26  1.080000e-25  3.410000e-25  1.080000e-24  3.420000e-24  1.080000e-23  
73.567595  7.900000e-34  2.500000e-33  7.910000e-33  2.500000e-32  7.900000e-32  2.500000e-31  7.900000e-31  2.500000e-30  7.900000e-30  2.500000e-29  7.900000e-29  2.500000e-28  7.900000e-28  2.500000e-27  7.900000e-27  2.500000e-26  7.900000e-26  2.500000e-25  7.900000e-25  2.500000e-24  7.900000e-24  
75.298716  6.020000e-34  1.900000e-33  6.020000e-33  1.900000e-32  6.020000e-32  1.900000e-31  6.020000e-31  1.900000e-30  6.020000e-30  1.900000e-29  6.020000e-29  1.900000e-28  6.020000e-28  1.900000e-27  6.020000e-27  1.900000e-26  6.020000e-26  1.900000e-25  6.020000e-25  1.900000e-24  6.020000e-24  
77.070572  4.730000e-34  1.500000e-33  4.730000e-33  1.500000e-32  4.730000e-32  1.490000e-31  4.730000e-31  1.500000e-30  4.730000e-30  1.500000e-29  4.730000e-29  1.490000e-28  4.730000e-28  1.490000e-27  4.730000e-27  1.490000e-26  4.730000e-26  1.500000e-25  4.730000e-25  1.490000e-24  4.730000e-24  
78.884121  3.810000e-34  1.200000e-33  3.810000e-33  1.200000e-32  3.810000e-32  1.200000e-31  3.810000e-31  1.200000e-30  3.810000e-30  1.200000e-29  3.810000e-29  1.200000e-28  3.810000e-28  1.200000e-27  3.810000e-27  1.200000e-26  3.810000e-26  1.200000e-25  3.810000e-25  1.200000e-24  3.810000e-24  
80.740345  3.130000e-34  9.890000e-34  3.130000e-33  9.890000e-33  3.130000e-32  9.890000e-32  3.130000e-31  9.890000e-31  3.130000e-30  9.890000e-30  3.130000e-29  9.890000e-29  3.130000e-28  9.890000e-28  3.130000e-27  9.900000e-27  3.130000e-26  9.900000e-26  3.130000e-25  9.900000e-25  3.130000e-24  
82.640248  2.610000e-34  8.260000e-34  2.610000e-33  8.270000e-33  2.610000e-32  8.270000e-32  2.610000e-31  8.260000e-31  2.620000e-30  8.260000e-30  2.610000e-29  8.260000e-29  2.610000e-28  8.260000e-28  2.610000e-27  8.270000e-27  2.610000e-26  8.260000e-26  2.610000e-25  8.270000e-25  2.610000e-24  
84.584857  2.220000e-34  7.000000e-34  2.210000e-33  7.000000e-33  2.210000e-32  7.000000e-32  2.210000e-31  7.000000e-31  2.220000e-30  7.000000e-30  2.210000e-29  7.000000e-29  2.210000e-28  7.000000e-28  2.210000e-27  7.000000e-27  2.210000e-26  7.000000e-26  2.210000e-25  7.000000e-25  2.210000e-24  
86.575226  1.900000e-34  6.000000e-34  1.900000e-33  6.000000e-33  1.900000e-32  6.000000e-32  1.900000e-31  6.000000e-31  1.900000e-30  6.000000e-30  1.900000e-29  6.000000e-29  1.900000e-28  6.000000e-28  1.900000e-27  6.000000e-27  1.900000e-26  6.000000e-26  1.900000e-25  6.000000e-25  1.900000e-24  
88.612429  1.640000e-34  5.200000e-34  1.640000e-33  5.200000e-33  1.640000e-32  5.200000e-32  1.640000e-31  5.200000e-31  1.640000e-30  5.200000e-30  1.640000e-29  5.200000e-29  1.640000e-28  5.200000e-28  1.640000e-27  5.200000e-27  1.640000e-26  5.200000e-26  1.640000e-25  5.200000e-25  1.640000e-24  
90.697570  1.440000e-34  4.540000e-34  1.440000e-33  4.540000e-33  1.440000e-32  4.540000e-32  1.440000e-31  4.540000e-31  1.440000e-30  4.540000e-30  1.440000e-29  4.540000e-29  1.440000e-28  4.540000e-28  1.440000e-27  4.540000e-27  1.440000e-26  4.540000e-26  1.430000e-25  4.540000e-25  1.440000e-24  
92.831777  1.260000e-34  4.000000e-34  1.260000e-33  4.000000e-33  1.260000e-32  4.000000e-32  1.260000e-31  4.000000e-31  1.260000e-30  4.000000e-30  1.260000e-29  4.000000e-29  1.260000e-28  4.000000e-28  1.260000e-27  4.000000e-27  1.260000e-26  4.000000e-26  1.260000e-25  4.000000e-25  1.270000e-24  
95.016203  1.120000e-34  3.550000e-34  1.120000e-33  3.550000e-33  1.120000e-32  3.550000e-32  1.120000e-31  3.550000e-31  1.120000e-30  3.550000e-30  1.120000e-29  3.550000e-29  1.120000e-28  3.550000e-28  1.120000e-27  3.550000e-27  1.120000e-26  3.550000e-26  1.120000e-25  3.550000e-25  1.120000e-24  
97.252032  1.000000e-34  3.160000e-34  1.000000e-33  3.170000e-33  1.000000e-32  3.170000e-32  1.000000e-31  3.170000e-31  1.000000e-30  3.160000e-30  1.000000e-29  3.170000e-29  1.000000e-28  3.170000e-28  1.000000e-27  3.160000e-27  1.000000e-26  3.170000e-26  1.000000e-25  3.160000e-25  1.000000e-24  
99.540471  8.990000e-35  2.840000e-34  8.980000e-34  2.840000e-33  8.990000e-33  2.840000e-32  8.980000e-32  2.840000e-31  8.990000e-31  2.840000e-30  8.980000e-30  2.840000e-29  8.990000e-29  2.840000e-28  8.980000e-28  2.840000e-27  8.990000e-27  2.840000e-26  8.990000e-26  2.840000e-25  8.990000e-25  
101.882760  8.110000e-35  2.560000e-34  8.110000e-34  2.560000e-33  8.100000e-33  2.560000e-32  8.110000e-32  2.570000e-31  8.110000e-31  2.560000e-30  8.110000e-30  2.560000e-29  8.110000e-29  2.570000e-28  8.110000e-28  2.560000e-27  8.110000e-27  2.560000e-26  8.110000e-26  2.560000e-25  8.110000e-25  
104.280166  7.350000e-35  2.320000e-34  7.350000e-34  2.320000e-33  7.350000e-33  2.320000e-32  7.350000e-32  2.320000e-31  7.350000e-31  2.320000e-30  7.350000e-30  2.320000e-29  7.350000e-29  2.320000e-28  7.350000e-28  2.320000e-27  7.360000e-27  2.320000e-26  7.350000e-26  2.320000e-25  7.350000e-25  
106.733985  6.690000e-35  2.120000e-34  6.690000e-34  2.120000e-33  6.700000e-33  2.120000e-32  6.690000e-32  2.120000e-31  6.690000e-31  2.120000e-30  6.690000e-30  2.120000e-29  6.700000e-29  2.120000e-28  6.700000e-28  2.120000e-27  6.700000e-27  2.120000e-26  6.700000e-26  2.120000e-25  6.690000e-25  
109.245544  6.120000e-35  1.940000e-34  6.120000e-34  1.940000e-33  6.120000e-33  1.930000e-32  6.120000e-32  1.930000e-31  6.120000e-31  1.940000e-30  6.120000e-30  1.940000e-29  6.120000e-29  1.940000e-28  6.120000e-28  1.930000e-27  6.120000e-27  1.940000e-26  6.120000e-26  1.940000e-25  6.120000e-25  
111.816204  5.620000e-35  1.780000e-34  5.620000e-34  1.780000e-33  5.620000e-33  1.780000e-32  5.620000e-32  1.780000e-31  5.620000e-31  1.780000e-30  5.620000e-30  1.780000e-29  5.620000e-29  1.780000e-28  5.620000e-28  1.780000e-27  5.620000e-27  1.780000e-26  5.620000e-26  1.780000e-25  5.620000e-25  
114.447353  5.180000e-35  1.640000e-34  5.180000e-34  1.640000e-33  5.170000e-33  1.640000e-32  5.180000e-32  1.640000e-31  5.180000e-31  1.640000e-30  5.180000e-30  1.640000e-29  5.180000e-29  1.640000e-28  5.180000e-28  1.640000e-27  5.180000e-27  1.640000e-26  5.180000e-26  1.640000e-25  5.180000e-25  
117.140416  4.790000e-35  1.510000e-34  4.780000e-34  1.510000e-33  4.790000e-33  1.510000e-32  4.780000e-32  1.510000e-31  4.790000e-31  1.510000e-30  4.790000e-30  1.510000e-29  4.790000e-29  1.510000e-28  4.790000e-28  1.510000e-27  4.790000e-27  1.510000e-26  4.790000e-26  1.510000e-25  4.790000e-25  
119.896850  4.440000e-35  1.400000e-34  4.440000e-34  1.400000e-33  4.440000e-33  1.400000e-32  4.440000e-32  1.400000e-31  4.440000e-31  1.400000e-30  4.440000e-30  1.400000e-29  4.440000e-29  1.400000e-28  4.440000e-28  1.400000e-27  4.440000e-27  1.400000e-26  4.440000e-26  1.400000e-25  4.440000e-25  
122.718145  4.130000e-35  1.310000e-34  4.130000e-34  1.310000e-33  4.130000e-33  1.310000e-32  4.130000e-32  1.310000e-31  4.140000e-31  1.310000e-30  4.130000e-30  1.310000e-29  4.130000e-29  1.310000e-28  4.130000e-28  1.310000e-27  4.130000e-27  1.310000e-26  4.130000e-26  1.310000e-25  4.130000e-25  
125.605829  3.860000e-35  1.220000e-34  3.860000e-34  1.220000e-33  3.860000e-33  1.220000e-32  3.860000e-32  1.220000e-31  3.860000e-31  1.220000e-30  3.860000e-30  1.220000e-29  3.860000e-29  1.220000e-28  3.860000e-28  1.220000e-27  3.860000e-27  1.220000e-26  3.860000e-26  1.220000e-25  3.860000e-25  
128.561462  3.620000e-35  1.140000e-34  3.620000e-34  1.140000e-33  3.620000e-33  1.140000e-32  3.610000e-32  1.140000e-31  3.620000e-31  1.140000e-30  3.620000e-30  1.140000e-29  3.620000e-29  1.140000e-28  3.610000e-28  1.140000e-27  3.620000e-27  1.140000e-26  3.620000e-26  1.140000e-25  3.620000e-25  
131.586645  3.400000e-35  1.070000e-34  3.400000e-34  1.070000e-33  3.400000e-33  1.070000e-32  3.400000e-32  1.070000e-31  3.400000e-31  1.070000e-30  3.400000e-30  1.070000e-29  3.400000e-29  1.070000e-28  3.400000e-28  1.070000e-27  3.400000e-27  1.070000e-26  3.400000e-26  1.070000e-25  3.400000e-25  
134.683013  3.200000e-35  1.010000e-34  3.200000e-34  1.010000e-33  3.200000e-33  1.010000e-32  3.200000e-32  1.010000e-31  3.200000e-31  1.010000e-30  3.200000e-30  1.010000e-29  3.200000e-29  1.010000e-28  3.200000e-28  1.010000e-27  3.200000e-27  1.010000e-26  3.200000e-26  1.010000e-25  3.200000e-25  
137.852242  3.030000e-35  9.580000e-35  3.030000e-34  9.580000e-34  3.030000e-33  9.580000e-33  3.030000e-32  9.590000e-32  3.030000e-31  9.580000e-31  3.030000e-30  9.590000e-30  3.030000e-29  9.580000e-29  3.030000e-28  9.580000e-28  3.030000e-27  9.580000e-27  3.030000e-26  9.580000e-26  3.030000e-25  
141.096046  2.880000e-35  9.100000e-35  2.880000e-34  9.090000e-34  2.880000e-33  9.090000e-33  2.880000e-32  9.100000e-32  2.880000e-31  9.090000e-31  2.880000e-30  9.100000e-30  2.880000e-29  9.100000e-29  2.880000e-28  9.100000e-28  2.880000e-27  9.090000e-27  2.880000e-26  9.090000e-26  2.880000e-25  
144.416180  2.740000e-35  8.660000e-35  2.740000e-34  8.660000e-34  2.740000e-33  8.670000e-33  2.740000e-32  8.660000e-32  2.740000e-31  8.660000e-31  2.740000e-30  8.670000e-30  2.740000e-29  8.670000e-29  2.740000e-28  8.670000e-28  2.740000e-27  8.670000e-27  2.740000e-26  8.660000e-26  2.740000e-25  
147.814441  2.620000e-35  8.290000e-35  2.620000e-34  8.290000e-34  2.620000e-33  8.290000e-33  2.620000e-32  8.290000e-32  2.620000e-31  8.290000e-31  2.620000e-30  8.290000e-30  2.620000e-29  8.290000e-29  2.620000e-28  8.290000e-28  2.620000e-27  8.290000e-27  2.620000e-26  8.290000e-26  2.620000e-25  
151.292666  2.520000e-35  7.970000e-35  2.520000e-34  7.970000e-34  2.520000e-33  7.970000e-33  2.520000e-32  7.970000e-32  2.520000e-31  7.960000e-31  2.520000e-30  7.970000e-30  2.520000e-29  7.970000e-29  2.520000e-28  7.970000e-28  2.520000e-27  7.960000e-27  2.520000e-26  7.970000e-26  2.520000e-25  
154.852737  2.430000e-35  7.690000e-35  2.430000e-34  7.700000e-34  2.430000e-33  7.690000e-33  2.430000e-32  7.690000e-32  2.430000e-31  7.690000e-31  2.430000e-30  7.690000e-30  2.430000e-29  7.690000e-29  2.430000e-28  7.690000e-28  2.430000e-27  7.690000e-27  2.430000e-26  7.690000e-26  2.430000e-25  
158.496580  2.360000e-35  7.470000e-35  2.360000e-34  7.470000e-34  2.360000e-33  7.470000e-33  2.360000e-32  7.470000e-32  2.360000e-31  7.470000e-31  2.360000e-30  7.470000e-30  2.360000e-29  7.470000e-29  2.360000e-28  7.470000e-28  2.360000e-27  7.470000e-27  2.360000e-26  7.480000e-26  2.360000e-25  
162.226166  2.310000e-35  7.310000e-35  2.310000e-34  7.320000e-34  2.310000e-33  7.320000e-33  2.310000e-32  7.320000e-32  2.310000e-31  7.320000e-31  2.310000e-30  7.310000e-30  2.310000e-29  7.310000e-29  2.310000e-28  7.310000e-28  2.310000e-27  7.310000e-27  2.310000e-26  7.320000e-26  2.310000e-25  
166.043514  2.290000e-35  7.230000e-35  2.290000e-34  7.240000e-34  2.290000e-33  7.230000e-33  2.290000e-32  7.230000e-32  2.290000e-31  7.240000e-31  2.290000e-30  7.240000e-30  2.290000e-29  7.240000e-29  2.290000e-28  7.230000e-28  2.290000e-27  7.230000e-27  2.290000e-26  7.240000e-26  2.290000e-25  
169.950687  2.300000e-35  7.270000e-35  2.300000e-34  7.280000e-34  2.300000e-33  7.270000e-33  2.300000e-32  7.270000e-32  2.300000e-31  7.270000e-31  2.300000e-30  7.270000e-30  2.300000e-29  7.270000e-29  2.300000e-28  7.270000e-28  2.300000e-27  7.270000e-27  2.300000e-26  7.270000e-26  2.300000e-25  
173.949801  2.410000e-35  7.620000e-35  2.410000e-34  7.610000e-34  2.410000e-33  7.610000e-33  2.410000e-32  7.610000e-32  2.410000e-31  7.610000e-31  2.410000e-30  7.610000e-30  2.410000e-29  7.610000e-29  2.410000e-28  7.610000e-28  2.410000e-27  7.610000e-27  2.410000e-26  7.620000e-26  2.410000e-25  
178.043017  2.490000e-35  7.870000e-35  2.490000e-34  7.870000e-34  2.490000e-33  7.870000e-33  2.490000e-32  7.870000e-32  2.490000e-31  7.880000e-31  2.490000e-30  7.870000e-30  2.490000e-29  7.870000e-29  2.490000e-28  7.880000e-28  2.490000e-27  7.870000e-27  2.490000e-26  7.870000e-26  2.490000e-25  
182.232551  2.510000e-35  7.930000e-35  2.510000e-34  7.940000e-34  2.510000e-33  7.930000e-33  2.510000e-32  7.940000e-32  2.510000e-31  7.930000e-31  2.510000e-30  7.930000e-30  2.510000e-29  7.930000e-29  2.510000e-28  7.930000e-28  2.510000e-27  7.930000e-27  2.510000e-26  7.930000e-26  2.510000e-25  
186.520669  2.480000e-35  7.840000e-35  2.480000e-34  7.840000e-34  2.480000e-33  7.840000e-33  2.480000e-32  7.840000e-32  2.480000e-31  7.840000e-31  2.480000e-30  7.840000e-30  2.480000e-29  7.840000e-29  2.480000e-28  7.840000e-28  2.480000e-27  7.840000e-27  2.480000e-26  7.840000e-26  2.480000e-25  
190.909691  2.410000e-35  7.640000e-35  2.420000e-34  7.640000e-34  2.410000e-33  7.640000e-33  2.420000e-32  7.640000e-32  2.420000e-31  7.640000e-31  2.410000e-30  7.640000e-30  2.420000e-29  7.640000e-29  2.420000e-28  7.640000e-28  2.420000e-27  7.640000e-27  2.420000e-26  7.640000e-26  2.420000e-25  
195.401991  2.330000e-35  7.350000e-35  2.330000e-34  7.350000e-34  2.330000e-33  7.360000e-33  2.330000e-32  7.360000e-32  2.330000e-31  7.360000e-31  2.330000e-30  7.360000e-30  2.330000e-29  7.350000e-29  2.330000e-28  7.360000e-28  2.330000e-27  7.350000e-27  2.330000e-26  7.360000e-26  2.330000e-25  
200.000000  2.220000e-35  7.020000e-35  2.220000e-34  7.020000e-34  2.220000e-33  7.020000e-33  2.220000e-32  7.020000e-32  2.220000e-31  7.020000e-31  2.220000e-30  7.020000e-30  2.220000e-29  7.020000e-29  2.220000e-28  7.020000e-28  2.220000e-27  7.020000e-27  2.220000e-26  7.010000e-26  2.220000e-25  
209.622627  1.980000e-35  6.250000e-35  1.980000e-34  6.250000e-34  1.980000e-33  6.240000e-33  1.980000e-32  6.250000e-32  1.980000e-31  6.250000e-31  1.980000e-30  6.250000e-30  1.980000e-29  6.250000e-29  1.980000e-28  6.240000e-28  1.980000e-27  6.250000e-27  1.980000e-26  6.250000e-26  1.980000e-25  
219.708228  1.720000e-35  5.440000e-35  1.720000e-34  5.440000e-34  1.720000e-33  5.440000e-33  1.720000e-32  5.440000e-32  1.720000e-31  5.440000e-31  1.720000e-30  5.440000e-30  1.720000e-29  5.440000e-29  1.720000e-28  5.440000e-28  1.720000e-27  5.440000e-27  1.720000e-26  5.440000e-26  1.720000e-25  
230.279080  1.480000e-35  4.660000e-35  1.480000e-34  4.670000e-34  1.480000e-33  4.660000e-33  1.480000e-32  4.660000e-32  1.480000e-31  4.670000e-31  1.480000e-30  4.670000e-30  1.480000e-29  4.670000e-29  1.480000e-28  4.670000e-28  1.480000e-27  4.660000e-27  1.480000e-26  4.670000e-26  1.480000e-25  
241.358528  1.250000e-35  3.950000e-35  1.250000e-34  3.950000e-34  1.250000e-33  3.950000e-33  1.250000e-32  3.950000e-32  1.250000e-31  3.950000e-31  1.250000e-30  3.950000e-30  1.250000e-29  3.950000e-29  1.250000e-28  3.950000e-28  1.250000e-27  3.950000e-27  1.250000e-26  3.950000e-26  1.250000e-25  
252.971043  1.050000e-35  3.320000e-35  1.050000e-34  3.310000e-34  1.050000e-33  3.310000e-33  1.050000e-32  3.310000e-32  1.050000e-31  3.310000e-31  1.050000e-30  3.320000e-30  1.050000e-29  3.310000e-29  1.050000e-28  3.320000e-28  1.050000e-27  3.320000e-27  1.050000e-26  3.310000e-26  1.050000e-25  
265.142273  8.730000e-36  2.760000e-35  8.730000e-35  2.760000e-34  8.730000e-34  2.760000e-33  8.730000e-33  2.760000e-32  8.730000e-32  2.760000e-31  8.720000e-31  2.760000e-30  8.730000e-30  2.760000e-29  8.730000e-29  2.760000e-28  8.730000e-28  2.760000e-27  8.730000e-27  2.760000e-26  8.730000e-26  
277.899099  7.220000e-36  2.280000e-35  7.220000e-35  2.280000e-34  7.220000e-34  2.280000e-33  7.220000e-33  2.280000e-32  7.220000e-32  2.280000e-31  7.220000e-31  2.280000e-30  7.220000e-30  2.280000e-29  7.220000e-29  2.280000e-28  7.220000e-28  2.280000e-27  7.220000e-27  2.280000e-26  7.220000e-26  
291.269696  5.950000e-36  1.880000e-35  5.940000e-35  1.880000e-34  5.940000e-34  1.880000e-33  5.940000e-33  1.880000e-32  5.940000e-32  1.880000e-31  5.940000e-31  1.880000e-30  5.940000e-30  1.880000e-29  5.940000e-29  1.880000e-28  5.940000e-28  1.880000e-27  5.940000e-27  1.880000e-26  5.940000e-26  
305.283593  4.870000e-36  1.540000e-35  4.870000e-35  1.540000e-34  4.870000e-34  1.540000e-33  4.870000e-33  1.540000e-32  4.870000e-32  1.540000e-31  4.870000e-31  1.540000e-30  4.870000e-30  1.540000e-29  4.870000e-29  1.540000e-28  4.870000e-28  1.540000e-27  4.870000e-27  1.540000e-26  4.870000e-26  
319.971744  3.980000e-36  1.260000e-35  3.980000e-35  1.260000e-34  3.980000e-34  1.260000e-33  3.980000e-33  1.260000e-32  3.980000e-32  1.260000e-31  3.980000e-31  1.260000e-30  3.980000e-30  1.260000e-29  3.980000e-29  1.260000e-28  3.980000e-28  1.260000e-27  3.980000e-27  1.260000e-26  3.980000e-26  
335.366587  3.240000e-36  1.020000e-35  3.240000e-35  1.020000e-34  3.240000e-34  1.020000e-33  3.230000e-33  1.020000e-32  3.240000e-32  1.020000e-31  3.240000e-31  1.020000e-30  3.240000e-30  1.020000e-29  3.240000e-29  1.020000e-28  3.240000e-28  1.020000e-27  3.240000e-27  1.020000e-26  3.230000e-26  
351.502125  2.630000e-36  8.300000e-36  2.630000e-35  8.310000e-35  2.630000e-34  8.300000e-34  2.630000e-33  8.310000e-33  2.630000e-32  8.300000e-32  2.630000e-31  8.310000e-31  2.630000e-30  8.300000e-30  2.630000e-29  8.310000e-29  2.630000e-28  8.300000e-28  2.630000e-27  8.310000e-27  2.630000e-26  
368.413994  2.130000e-36  6.720000e-36  2.130000e-35  6.720000e-35  2.130000e-34  6.720000e-34  2.130000e-33  6.720000e-33  2.130000e-32  6.720000e-32  2.130000e-31  6.720000e-31  2.130000e-30  6.720000e-30  2.130000e-29  6.720000e-29  2.130000e-28  6.720000e-28  2.120000e-27  6.720000e-27  2.130000e-26  
386.139546  1.720000e-36  5.430000e-36  1.720000e-35  5.430000e-35  1.720000e-34  5.430000e-34  1.720000e-33  5.430000e-33  1.720000e-32  5.430000e-32  1.720000e-31  5.430000e-31  1.720000e-30  5.430000e-30  1.720000e-29  5.430000e-29  1.720000e-28  5.430000e-28  1.720000e-27  5.430000e-27  1.720000e-26  
404.717930  1.380000e-36  4.380000e-36  1.380000e-35  4.380000e-35  1.380000e-34  4.380000e-34  1.380000e-33  4.380000e-33  1.380000e-32  4.380000e-32  1.380000e-31  4.380000e-31  1.380000e-30  4.380000e-30  1.380000e-29  4.380000e-29  1.380000e-28  4.380000e-28  1.380000e-27  4.380000e-27  1.380000e-26  
424.190178  1.110000e-36  3.520000e-36  1.110000e-35  3.520000e-35  1.110000e-34  3.520000e-34  1.110000e-33  3.520000e-33  1.110000e-32  3.520000e-32  1.110000e-31  3.520000e-31  1.110000e-30  3.520000e-30  1.110000e-29  3.520000e-29  1.110000e-28  3.520000e-28  1.110000e-27  3.520000e-27  1.110000e-26  
444.599297  8.950000e-37  2.830000e-36  8.940000e-36  2.830000e-35  8.950000e-35  2.830000e-34  8.950000e-34  2.830000e-33  8.950000e-33  2.830000e-32  8.950000e-32  2.830000e-31  8.950000e-31  2.830000e-30  8.950000e-30  2.830000e-29  8.950000e-29  2.830000e-28  8.950000e-28  2.830000e-27  8.950000e-27  
465.990362  7.180000e-37  2.270000e-36  7.180000e-36  2.270000e-35  7.180000e-35  2.270000e-34  7.180000e-34  2.270000e-33  7.180000e-33  2.270000e-32  7.180000e-32  2.270000e-31  7.180000e-31  2.270000e-30  7.180000e-30  2.270000e-29  7.180000e-29  2.270000e-28  7.180000e-28  2.270000e-27  7.180000e-27  
488.410619  5.750000e-37  1.820000e-36  5.750000e-36  1.820000e-35  5.750000e-35  1.820000e-34  5.750000e-34  1.820000e-33  5.750000e-33  1.820000e-32  5.750000e-32  1.820000e-31  5.750000e-31  1.820000e-30  5.750000e-30  1.820000e-29  5.750000e-29  1.820000e-28  5.750000e-28  1.820000e-27  5.750000e-27  
511.909585  4.600000e-37  1.450000e-36  4.600000e-36  1.450000e-35  4.600000e-35  1.450000e-34  4.600000e-34  1.460000e-33  4.600000e-33  1.450000e-32  4.600000e-32  1.460000e-31  4.610000e-31  1.460000e-30  4.600000e-30  1.460000e-29  4.600000e-29  1.450000e-28  4.600000e-28  1.460000e-27  4.600000e-27  
536.539159  3.680000e-37  1.160000e-36  3.680000e-36  1.160000e-35  3.680000e-35  1.160000e-34  3.680000e-34  1.160000e-33  3.680000e-33  1.160000e-32  3.680000e-32  1.160000e-31  3.680000e-31  1.160000e-30  3.680000e-30  1.160000e-29  3.680000e-29  1.160000e-28  3.680000e-28  1.160000e-27  3.680000e-27  
562.353740  2.940000e-37  9.290000e-37  2.940000e-36  9.290000e-36  2.940000e-35  9.280000e-35  2.940000e-34  9.290000e-34  2.940000e-33  9.290000e-33  2.940000e-32  9.290000e-32  2.940000e-31  9.280000e-31  2.940000e-30  9.290000e-30  2.940000e-29  9.290000e-29  2.940000e-28  9.290000e-28  2.940000e-27  
589.410341  2.340000e-37  7.400000e-37  2.340000e-36  7.400000e-36  2.340000e-35  7.410000e-35  2.340000e-34  7.400000e-34  2.340000e-33  7.410000e-33  2.340000e-32  7.410000e-32  2.340000e-31  7.410000e-31  2.340000e-30  7.400000e-30  2.340000e-29  7.400000e-29  2.340000e-28  7.410000e-28  2.340000e-27  
617.768719  1.870000e-37  5.900000e-37  1.870000e-36  5.900000e-36  1.870000e-35  5.900000e-35  1.870000e-34  5.900000e-34  1.870000e-33  5.900000e-33  1.870000e-32  5.900000e-32  1.870000e-31  5.900000e-31  1.870000e-30  5.900000e-30  1.870000e-29  5.900000e-29  1.870000e-28  5.900000e-28  1.870000e-27  
647.491509  1.490000e-37  4.700000e-37  1.490000e-36  4.700000e-36  1.490000e-35  4.700000e-35  1.490000e-34  4.700000e-34  1.490000e-33  4.700000e-33  1.490000e-32  4.700000e-32  1.490000e-31  4.700000e-31  1.490000e-30  4.700000e-30  1.490000e-29  4.700000e-29  1.480000e-28  4.700000e-28  1.490000e-27  
678.644354  1.180000e-37  3.730000e-37  1.180000e-36  3.740000e-36  1.180000e-35  3.740000e-35  1.180000e-34  3.740000e-34  1.180000e-33  3.740000e-33  1.180000e-32  3.740000e-32  1.180000e-31  3.730000e-31  1.180000e-30  3.740000e-30  1.180000e-29  3.740000e-29  1.180000e-28  3.730000e-28  1.180000e-27  
711.296061  9.390000e-38  2.970000e-37  9.390000e-37  2.970000e-36  9.390000e-36  2.970000e-35  9.390000e-35  2.970000e-34  9.390000e-34  2.970000e-33  9.390000e-33  2.970000e-32  9.390000e-32  2.970000e-31  9.390000e-31  2.970000e-30  9.390000e-30  2.970000e-29  9.390000e-29  2.970000e-28  9.390000e-28  
745.518744  7.460000e-38  2.360000e-37  7.460000e-37  2.360000e-36  7.450000e-36  2.360000e-35  7.450000e-35  2.360000e-34  7.460000e-34  2.360000e-33  7.460000e-33  2.360000e-32  7.460000e-32  2.360000e-31  7.460000e-31  2.360000e-30  7.460000e-30  2.360000e-29  7.450000e-29  2.360000e-28  7.460000e-28  
781.387987  5.920000e-38  1.870000e-37  5.920000e-37  1.870000e-36  5.910000e-36  1.870000e-35  5.920000e-35  1.870000e-34  5.910000e-34  1.870000e-33  5.920000e-33  1.870000e-32  5.920000e-32  1.870000e-31  5.920000e-31  1.870000e-30  5.920000e-30  1.870000e-29  5.920000e-29  1.870000e-28  5.920000e-28  
818.983012  4.690000e-38  1.480000e-37  4.690000e-37  1.480000e-36  4.690000e-36  1.480000e-35  4.690000e-35  1.480000e-34  4.690000e-34  1.480000e-33  4.690000e-33  1.480000e-32  4.690000e-32  1.480000e-31  4.690000e-31  1.480000e-30  4.690000e-30  1.480000e-29  4.690000e-29  1.480000e-28  4.690000e-28  
858.386852  3.720000e-38  1.180000e-37  3.720000e-37  1.180000e-36  3.720000e-36  1.180000e-35  3.720000e-35  1.180000e-34  3.720000e-34  1.180000e-33  3.720000e-33  1.180000e-32  3.720000e-32  1.180000e-31  3.720000e-31  1.180000e-30  3.720000e-30  1.180000e-29  3.720000e-29  1.180000e-28  3.720000e-28  
899.686534  2.940000e-38  9.310000e-38  2.940000e-37  9.310000e-37  2.940000e-36  9.310000e-36  2.950000e-35  9.310000e-35  2.940000e-34  9.310000e-34  2.940000e-33  9.310000e-33  2.940000e-32  9.310000e-32  2.940000e-31  9.310000e-31  2.950000e-30  9.310000e-30  2.940000e-29  9.310000e-29  2.940000e-28  
942.973273  2.330000e-38  7.370000e-38  2.330000e-37  7.370000e-37  2.330000e-36  7.370000e-36  2.330000e-35  7.370000e-35  2.330000e-34  7.370000e-34  2.330000e-33  7.370000e-33  2.330000e-32  7.370000e-32  2.330000e-31  7.370000e-31  2.330000e-30  7.370000e-30  2.330000e-29  7.370000e-29  2.330000e-28  
988.342672  1.840000e-38  5.830000e-38  1.840000e-37  5.830000e-37  1.840000e-36  5.820000e-36  1.840000e-35  5.830000e-35  1.840000e-34  5.830000e-34  1.840000e-33  5.830000e-33  1.840000e-32  5.830000e-32  1.840000e-31  5.830000e-31  1.840000e-30  5.830000e-30  1.840000e-29  5.830000e-29  1.840000e-28  
1035.894940  1.460000e-38  4.610000e-38  1.460000e-37  4.610000e-37  1.460000e-36  4.610000e-36  1.460000e-35  4.610000e-35  1.460000e-34  4.610000e-34  1.460000e-33  4.610000e-33  1.460000e-32  4.610000e-32  1.460000e-31  4.600000e-31  1.460000e-30  4.610000e-30  1.460000e-29  4.610000e-29  1.460000e-28  
1085.735090  1.150000e-38  3.640000e-38  1.150000e-37  3.640000e-37  1.150000e-36  3.640000e-36  1.150000e-35  3.640000e-35  1.150000e-34  3.640000e-34  1.150000e-33  3.640000e-33  1.150000e-32  3.640000e-32  1.150000e-31  3.640000e-31  1.150000e-30  3.640000e-30  1.150000e-29  3.640000e-29  1.150000e-28  
1137.973210  9.080000e-39  2.870000e-38  9.090000e-38  2.870000e-37  9.090000e-37  2.870000e-36  9.080000e-36  2.870000e-35  9.090000e-35  2.870000e-34  9.080000e-34  2.870000e-33  9.090000e-33  2.870000e-32  9.090000e-32  2.870000e-31  9.090000e-31  2.870000e-30  9.080000e-30  2.870000e-29  9.090000e-29  
1192.724660  7.170000e-39  2.270000e-38  7.170000e-38  2.270000e-37  7.170000e-37  2.270000e-36  7.170000e-36  2.270000e-35  7.170000e-35  2.270000e-34  7.170000e-34  2.270000e-33  7.170000e-33  2.270000e-32  7.160000e-32  2.270000e-31  7.170000e-31  2.270000e-30  7.170000e-30  2.270000e-29  7.170000e-29  
1250.110390  5.660000e-39  1.790000e-38  5.650000e-38  1.790000e-37  5.650000e-37  1.790000e-36  5.650000e-36  1.790000e-35  5.660000e-35  1.790000e-34  5.650000e-34  1.790000e-33  5.660000e-33  1.790000e-32  5.650000e-32  1.790000e-31  5.650000e-31  1.790000e-30  5.650000e-30  1.790000e-29  5.660000e-29  
1310.257110  4.460000e-39  1.410000e-38  4.460000e-38  1.410000e-37  4.460000e-37  1.410000e-36  4.460000e-36  1.410000e-35  4.460000e-35  1.410000e-34  4.460000e-34  1.410000e-33  4.460000e-33  1.410000e-32  4.460000e-32  1.410000e-31  4.460000e-31  1.410000e-30  4.460000e-30  1.410000e-29  4.460000e-29  
1373.297690  3.510000e-39  1.110000e-38  3.510000e-38  1.110000e-37  3.510000e-37  1.110000e-36  3.510000e-36  1.110000e-35  3.510000e-35  1.110000e-34  3.510000e-34  1.110000e-33  3.510000e-33  1.110000e-32  3.510000e-32  1.110000e-31  3.510000e-31  1.110000e-30  3.510000e-30  1.110000e-29  3.510000e-29  
1439.371350  2.770000e-39  8.740000e-39  2.770000e-38  8.740000e-38  2.760000e-37  8.740000e-37  2.770000e-36  8.740000e-36  2.760000e-35  8.740000e-35  2.770000e-34  8.740000e-34  2.760000e-33  8.740000e-33  2.760000e-32  8.740000e-32  2.760000e-31  8.740000e-31  2.760000e-30  8.740000e-30  2.770000e-29  
1508.624010  2.180000e-39  6.880000e-39  2.180000e-38  6.880000e-38  2.180000e-37  6.880000e-37  2.180000e-36  6.880000e-36  2.180000e-35  6.880000e-35  2.180000e-34  6.880000e-34  2.180000e-33  6.880000e-33  2.180000e-32  6.880000e-32  2.180000e-31  6.880000e-31  2.180000e-30  6.880000e-30  2.180000e-29  
1581.208640  1.710000e-39  5.410000e-39  1.710000e-38  5.410000e-38  1.710000e-37  5.410000e-37  1.710000e-36  5.410000e-36  1.710000e-35  5.410000e-35  1.710000e-34  5.410000e-34  1.710000e-33  5.410000e-33  1.710000e-32  5.410000e-32  1.710000e-31  5.420000e-31  1.710000e-30  5.420000e-30  1.710000e-29  
1657.285550  1.350000e-39  4.260000e-39  1.350000e-38  4.260000e-38  1.350000e-37  4.260000e-37  1.350000e-36  4.260000e-36  1.350000e-35  4.260000e-35  1.350000e-34  4.260000e-34  1.350000e-33  4.260000e-33  1.350000e-32  4.260000e-32  1.350000e-31  4.260000e-31  1.350000e-30  4.260000e-30  1.350000e-29  
1737.022750  1.060000e-39  3.340000e-39  1.060000e-38  3.350000e-38  1.060000e-37  3.350000e-37  1.060000e-36  3.350000e-36  1.060000e-35  3.340000e-35  1.060000e-34  3.350000e-34  1.060000e-33  3.350000e-33  1.060000e-32  3.350000e-32  1.060000e-31  3.340000e-31  1.060000e-30  3.350000e-30  1.060000e-29  
1820.596360  8.310000e-40  2.630000e-39  8.320000e-39  2.630000e-38  8.310000e-38  2.630000e-37  8.310000e-37  2.630000e-36  8.310000e-36  2.630000e-35  8.310000e-35  2.630000e-34  8.310000e-34  2.630000e-33  8.310000e-33  2.630000e-32  8.320000e-32  2.630000e-31  8.310000e-31  2.630000e-30  8.310000e-30  
1908.190950  6.530000e-40  2.060000e-39  6.530000e-39  2.060000e-38  6.530000e-38  2.060000e-37  6.530000e-37  2.060000e-36  6.530000e-36  2.060000e-35  6.530000e-35  2.060000e-34  6.530000e-34  2.060000e-33  6.530000e-33  2.060000e-32  6.530000e-32  2.060000e-31  6.530000e-31  2.070000e-30  6.530000e-30  
2000.000000  5.120000e-40  1.620000e-39  5.120000e-39  1.620000e-38  5.130000e-38  1.620000e-37  5.120000e-37  1.620000e-36  5.130000e-36  1.620000e-35  5.120000e-35  1.620000e-34  5.120000e-34  1.620000e-33  5.120000e-33  1.620000e-32  5.130000e-32  1.620000e-31  5.120000e-31  1.620000e-30  5.120000e-30  
2096.226270  4.020000e-40  1.270000e-39  4.020000e-39  1.270000e-38  4.020000e-38  1.270000e-37  4.020000e-37  1.270000e-36  4.020000e-36  1.270000e-35  4.020000e-35  1.270000e-34  4.020000e-34  1.270000e-33  4.020000e-33  1.270000e-32  4.020000e-32  1.270000e-31  4.020000e-31  1.270000e-30  4.020000e-30  
2197.082280  3.150000e-40  9.970000e-40  3.150000e-39  9.970000e-39  3.150000e-38  9.970000e-38  3.150000e-37  9.970000e-37  3.150000e-36  9.970000e-36  3.150000e-35  9.970000e-35  3.150000e-34  9.970000e-34  3.150000e-33  9.970000e-33  3.150000e-32  9.970000e-32  3.150000e-31  9.970000e-31  3.150000e-30  
2302.790800  2.470000e-40  7.820000e-40  2.470000e-39  7.810000e-39  2.470000e-38  7.820000e-38  2.470000e-37  7.820000e-37  2.470000e-36  7.810000e-36  2.470000e-35  7.810000e-35  2.470000e-34  7.810000e-34  2.470000e-33  7.810000e-33  2.470000e-32  7.810000e-32  2.470000e-31  7.820000e-31  2.470000e-30  
2413.585280  1.940000e-40  6.120000e-40  1.940000e-39  6.120000e-39  1.940000e-38  6.130000e-38  1.940000e-37  6.120000e-37  1.940000e-36  6.120000e-36  1.940000e-35  6.120000e-35  1.940000e-34  6.130000e-34  1.940000e-33  6.120000e-33  1.940000e-32  6.130000e-32  1.940000e-31  6.120000e-31  1.940000e-30  
2529.710430  1.520000e-40  4.800000e-40  1.520000e-39  4.800000e-39  1.520000e-38  4.800000e-38  1.520000e-37  4.800000e-37  1.520000e-36  4.800000e-36  1.520000e-35  4.800000e-35  1.520000e-34  4.800000e-34  1.520000e-33  4.800000e-33  1.520000e-32  4.800000e-32  1.520000e-31  4.800000e-31  1.520000e-30  
2651.422730  1.190000e-40  3.760000e-40  1.190000e-39  3.760000e-39  1.190000e-38  3.760000e-38  1.190000e-37  3.760000e-37  1.190000e-36  3.750000e-36  1.190000e-35  3.760000e-35  1.190000e-34  3.750000e-34  1.190000e-33  3.750000e-33  1.190000e-32  3.760000e-32  1.190000e-31  3.760000e-31  1.190000e-30  
2778.990990  9.300000e-41  2.940000e-40  9.300000e-40  2.940000e-39  9.300000e-39  2.940000e-38  9.300000e-38  2.940000e-37  9.300000e-37  2.940000e-36  9.300000e-36  2.940000e-35  9.300000e-35  2.940000e-34  9.300000e-34  2.940000e-33  9.300000e-33  2.940000e-32  9.290000e-32  2.940000e-31  9.300000e-31  
2912.696950  7.270000e-41  2.300000e-40  7.270000e-40  2.300000e-39  7.270000e-39  2.300000e-38  7.270000e-38  2.300000e-37  7.280000e-37  2.300000e-36  7.270000e-36  2.300000e-35  7.280000e-35  2.300000e-34  7.280000e-34  2.300000e-33  7.280000e-33  2.300000e-32  7.270000e-32  2.300000e-31  7.270000e-31  
3052.835930  5.690000e-41  1.800000e-40  5.690000e-40  1.800000e-39  5.690000e-39  1.800000e-38  5.690000e-38  1.800000e-37  5.690000e-37  1.800000e-36  5.690000e-36  1.800000e-35  5.690000e-35  1.800000e-34  5.690000e-34  1.800000e-33  5.690000e-33  1.800000e-32  5.690000e-32  1.800000e-31  5.690000e-31  
3199.717440  4.450000e-41  1.410000e-40  4.450000e-40  1.410000e-39  4.450000e-39  1.410000e-38  4.450000e-38  1.410000e-37  4.450000e-37  1.410000e-36  4.450000e-36  1.410000e-35  4.450000e-35  1.410000e-34  4.450000e-34  1.410000e-33  4.450000e-33  1.410000e-32  4.450000e-32  1.410000e-31  4.450000e-31  
3353.665870  3.480000e-41  1.100000e-40  3.480000e-40  1.100000e-39  3.480000e-39  1.100000e-38  3.480000e-38  1.100000e-37  3.480000e-37  1.100000e-36  3.480000e-36  1.100000e-35  3.480000e-35  1.100000e-34  3.480000e-34  1.100000e-33  3.480000e-33  1.100000e-32  3.480000e-32  1.100000e-31  3.480000e-31  
3515.021250  2.720000e-41  8.590000e-41  2.720000e-40  8.580000e-40  2.720000e-39  8.590000e-39  2.720000e-38  8.580000e-38  2.720000e-37  8.590000e-37  2.720000e-36  8.590000e-36  2.720000e-35  8.590000e-35  2.720000e-34  8.590000e-34  2.720000e-33  8.590000e-33  2.720000e-32  8.590000e-32  2.720000e-31  
3684.139940  2.120000e-41  6.700000e-41  2.120000e-40  6.710000e-40  2.120000e-39  6.710000e-39  2.120000e-38  6.710000e-38  2.120000e-37  6.710000e-37  2.120000e-36  6.710000e-36  2.120000e-35  6.710000e-35  2.120000e-34  6.710000e-34  2.120000e-33  6.700000e-33  2.120000e-32  6.710000e-32  2.120000e-31  
3861.395460  1.660000e-41  5.230000e-41  1.660000e-40  5.240000e-40  1.660000e-39  5.230000e-39  1.660000e-38  5.240000e-38  1.660000e-37  5.240000e-37  1.660000e-36  5.240000e-36  1.660000e-35  5.240000e-35  1.660000e-34  5.240000e-34  1.660000e-33  5.240000e-33  1.660000e-32  5.240000e-32  1.660000e-31  
4047.179300  1.290000e-41  4.080000e-41  1.290000e-40  4.090000e-40  1.290000e-39  4.080000e-39  1.290000e-38  4.090000e-38  1.290000e-37  4.090000e-37  1.290000e-36  4.090000e-36  1.290000e-35  4.090000e-35  1.290000e-34  4.090000e-34  1.290000e-33  4.080000e-33  1.290000e-32  4.090000e-32  1.290000e-31  
4241.901780  1.010000e-41  3.190000e-41  1.010000e-40  3.190000e-40  1.010000e-39  3.190000e-39  1.010000e-38  3.190000e-38  1.010000e-37  3.190000e-37  1.010000e-36  3.190000e-36  1.010000e-35  3.190000e-35  1.010000e-34  3.190000e-34  1.010000e-33  3.190000e-33  1.010000e-32  3.190000e-32  1.010000e-31  
4445.992970  7.870000e-42  2.490000e-41  7.860000e-41  2.490000e-40  7.870000e-40  2.490000e-39  7.870000e-39  2.490000e-38  7.860000e-38  2.490000e-37  7.860000e-37  2.490000e-36  7.860000e-36  2.490000e-35  7.870000e-35  2.490000e-34  7.860000e-34  2.490000e-33  7.860000e-33  2.490000e-32  7.870000e-32  
4659.903620  6.140000e-42  1.940000e-41  6.130000e-41  1.940000e-40  6.130000e-40  1.940000e-39  6.130000e-39  1.940000e-38  6.130000e-38  1.940000e-37  6.130000e-37  1.940000e-36  6.130000e-36  1.940000e-35  6.130000e-35  1.940000e-34  6.130000e-34  1.940000e-33  6.140000e-33  1.940000e-32  6.130000e-32  
4884.106190  4.780000e-42  1.510000e-41  4.780000e-41  1.510000e-40  4.780000e-40  1.510000e-39  4.780000e-39  1.510000e-38  4.780000e-38  1.510000e-37  4.780000e-37  1.510000e-36  4.780000e-36  1.510000e-35  4.780000e-35  1.510000e-34  4.780000e-34  1.510000e-33  4.780000e-33  1.510000e-32  4.780000e-32  
5119.095850  3.720000e-42  1.180000e-41  3.720000e-41  1.180000e-40  3.720000e-40  1.180000e-39  3.720000e-39  1.180000e-38  3.720000e-38  1.180000e-37  3.720000e-37  1.180000e-36  3.720000e-36  1.180000e-35  3.720000e-35  1.180000e-34  3.720000e-34  1.180000e-33  3.720000e-33  1.180000e-32  3.720000e-32  
5365.391590  2.900000e-42  9.170000e-42  2.900000e-41  9.170000e-41  2.900000e-40  9.170000e-40  2.900000e-39  9.170000e-39  2.900000e-38  9.170000e-38  2.900000e-37  9.180000e-37  2.900000e-36  9.170000e-36  2.900000e-35  9.170000e-35  2.900000e-34  9.170000e-34  2.900000e-33  9.170000e-33  2.900000e-32  
5623.537400  2.260000e-42  7.140000e-42  2.260000e-41  7.140000e-41  2.260000e-40  7.140000e-40  2.260000e-39  7.140000e-39  2.260000e-38  7.140000e-38  2.260000e-37  7.140000e-37  2.260000e-36  7.140000e-36  2.260000e-35  7.140000e-35  2.260000e-34  7.140000e-34  2.260000e-33  7.140000e-33  2.260000e-32  
5894.103410  1.760000e-42  5.560000e-42  1.760000e-41  5.560000e-41  1.760000e-40  5.560000e-40  1.760000e-39  5.560000e-39  1.760000e-38  5.560000e-38  1.760000e-37  5.560000e-37  1.760000e-36  5.560000e-36  1.760000e-35  5.560000e-35  1.760000e-34  5.560000e-34  1.760000e-33  5.560000e-33  1.760000e-32  
6177.687190  1.370000e-42  4.320000e-42  1.370000e-41  4.330000e-41  1.370000e-40  4.320000e-40  1.370000e-39  4.330000e-39  1.370000e-38  4.330000e-38  1.370000e-37  4.330000e-37  1.370000e-36  4.320000e-36  1.370000e-35  4.330000e-35  1.370000e-34  4.320000e-34  1.370000e-33  4.330000e-33  1.370000e-32  
6474.915090  1.060000e-42  3.360000e-42  1.060000e-41  3.370000e-41  1.060000e-40  3.360000e-40  1.060000e-39  3.360000e-39  1.060000e-38  3.360000e-38  1.060000e-37  3.360000e-37  1.060000e-36  3.360000e-36  1.060000e-35  3.370000e-35  1.060000e-34  3.360000e-34  1.060000e-33  3.370000e-33  1.060000e-32  
6786.443540  8.280000e-43  2.620000e-42  8.280000e-42  2.620000e-41  8.280000e-41  2.620000e-40  8.280000e-40  2.620000e-39  8.280000e-39  2.620000e-38  8.280000e-38  2.620000e-37  8.280000e-37  2.620000e-36  8.270000e-36  2.620000e-35  8.280000e-35  2.620000e-34  8.280000e-34  2.620000e-33  8.280000e-33  
7112.960610  6.440000e-43  2.030000e-42  6.440000e-42  2.040000e-41  6.440000e-41  2.040000e-40  6.440000e-40  2.040000e-39  6.440000e-39  2.030000e-38  6.430000e-38  2.030000e-37  6.440000e-37  2.030000e-36  6.430000e-36  2.030000e-35  6.440000e-35  2.030000e-34  6.440000e-34  2.030000e-33  6.440000e-33  
7455.187440  5.000000e-43  1.580000e-42  5.000000e-42  1.580000e-41  5.000000e-41  1.580000e-40  5.000000e-40  1.580000e-39  5.000000e-39  1.580000e-38  5.000000e-38  1.580000e-37  5.000000e-37  1.580000e-36  5.000000e-36  1.580000e-35  5.000000e-35  1.580000e-34  5.010000e-34  1.580000e-33  5.000000e-33  
7813.879870  3.890000e-43  1.230000e-42  3.890000e-42  1.230000e-41  3.890000e-41  1.230000e-40  3.890000e-40  1.230000e-39  3.890000e-39  1.230000e-38  3.890000e-38  1.230000e-37  3.890000e-37  1.230000e-36  3.890000e-36  1.230000e-35  3.890000e-35  1.230000e-34  3.890000e-34  1.230000e-33  3.890000e-33  
8189.830120  3.020000e-43  9.550000e-43  3.020000e-42  9.550000e-42  3.020000e-41  9.550000e-41  3.020000e-40  9.550000e-40  3.020000e-39  9.560000e-39  3.020000e-38  9.550000e-38  3.020000e-37  9.540000e-37  3.020000e-36  9.550000e-36  3.020000e-35  9.550000e-35  3.020000e-34  9.550000e-34  3.020000e-33  
8583.868520  2.350000e-43  7.420000e-43  2.350000e-42  7.420000e-42  2.350000e-41  7.420000e-41  2.350000e-40  7.420000e-40  2.350000e-39  7.420000e-39  2.350000e-38  7.420000e-38  2.350000e-37  7.410000e-37  2.350000e-36  7.420000e-36  2.340000e-35  7.420000e-35  2.350000e-34  7.420000e-34  2.350000e-33  
8996.865340  1.820000e-43  5.760000e-43  1.820000e-42  5.760000e-42  1.820000e-41  5.760000e-41  1.820000e-40  5.760000e-40  1.820000e-39  5.760000e-39  1.820000e-38  5.760000e-38  1.820000e-37  5.760000e-37  1.820000e-36  5.760000e-36  1.820000e-35  5.760000e-35  1.820000e-34  5.760000e-34  1.820000e-33  
9429.732730  1.410000e-43  4.470000e-43  1.410000e-42  4.470000e-42  1.410000e-41  4.470000e-41  1.410000e-40  4.470000e-40  1.410000e-39  4.470000e-39  1.410000e-38  4.470000e-38  1.410000e-37  4.470000e-37  1.410000e-36  4.470000e-36  1.410000e-35  4.470000e-35  1.410000e-34  4.470000e-34  1.410000e-33  
9883.426720  1.100000e-43  3.470000e-43  1.100000e-42  3.470000e-42  1.100000e-41  3.470000e-41  1.100000e-40  3.470000e-40  1.100000e-39  3.470000e-39  1.100000e-38  3.470000e-38  1.100000e-37  3.470000e-37  1.100000e-36  3.470000e-36  1.100000e-35  3.470000e-35  1.100000e-34  3.470000e-34  1.100000e-33  
10358.949400  8.520000e-44  2.690000e-43  8.510000e-43  2.690000e-42  8.520000e-42  2.690000e-41  8.510000e-41  2.690000e-40  8.510000e-40  2.690000e-39  8.510000e-39  2.690000e-38  8.510000e-38  2.690000e-37  8.510000e-37  2.690000e-36  8.510000e-36  2.690000e-35  8.520000e-35  2.690000e-34  8.510000e-34  
10857.350900  6.610000e-44  2.090000e-43  6.600000e-43  2.090000e-42  6.600000e-42  2.090000e-41  6.600000e-41  2.090000e-40  6.600000e-40  2.090000e-39  6.610000e-39  2.090000e-38  6.610000e-38  2.090000e-37  6.610000e-37  2.090000e-36  6.600000e-36  2.090000e-35  6.600000e-35  2.090000e-34  6.610000e-34  
11379.732100  5.120000e-44  1.620000e-43  5.120000e-43  1.620000e-42  5.120000e-42  1.620000e-41  5.120000e-41  1.620000e-40  5.120000e-40  1.620000e-39  5.120000e-39  1.620000e-38  5.120000e-38  1.620000e-37  5.120000e-37  1.620000e-36  5.120000e-36  1.620000e-35  5.120000e-35  1.620000e-34  5.120000e-34  
11927.246600  3.970000e-44  1.250000e-43  3.970000e-43  1.260000e-42  3.970000e-42  1.250000e-41  3.970000e-41  1.250000e-40  3.970000e-40  1.250000e-39  3.970000e-39  1.260000e-38  3.970000e-38  1.260000e-37  3.970000e-37  1.260000e-36  3.970000e-36  1.250000e-35  3.970000e-35  1.260000e-34  3.970000e-34  
12501.103900  3.080000e-44  9.730000e-44  3.080000e-43  9.730000e-43  3.080000e-42  9.730000e-42  3.080000e-41  9.720000e-41  3.080000e-40  9.730000e-40  3.080000e-39  9.730000e-39  3.080000e-38  9.730000e-38  3.080000e-37  9.730000e-37  3.080000e-36  9.730000e-36  3.080000e-35  9.730000e-35  3.080000e-34  
13102.571100  2.380000e-44  7.540000e-44  2.380000e-43  7.540000e-43  2.380000e-42  7.540000e-42  2.380000e-41  7.540000e-41  2.380000e-40  7.540000e-40  2.380000e-39  7.540000e-39  2.390000e-38  7.540000e-38  2.380000e-37  7.540000e-37  2.380000e-36  7.540000e-36  2.380000e-35  7.540000e-35  2.380000e-34  
13732.976900  1.850000e-44  5.840000e-44  1.850000e-43  5.840000e-43  1.850000e-42  5.840000e-42  1.850000e-41  5.840000e-41  1.850000e-40  5.840000e-40  1.850000e-39  5.840000e-39  1.850000e-38  5.840000e-38  1.850000e-37  5.840000e-37  1.850000e-36  5.840000e-36  1.850000e-35  5.840000e-35  1.850000e-34  
14393.713500  1.430000e-44  4.520000e-44  1.430000e-43  4.520000e-43  1.430000e-42  4.520000e-42  1.430000e-41  4.520000e-41  1.430000e-40  4.520000e-40  1.430000e-39  4.520000e-39  1.430000e-38  4.520000e-38  1.430000e-37  4.520000e-37  1.430000e-36  4.520000e-36  1.430000e-35  4.520000e-35  1.430000e-34  
15086.240100  1.110000e-44  3.500000e-44  1.110000e-43  3.500000e-43  1.110000e-42  3.500000e-42  1.110000e-41  3.510000e-41  1.110000e-40  3.510000e-40  1.110000e-39  3.500000e-39  1.110000e-38  3.500000e-38  1.110000e-37  3.500000e-37  1.110000e-36  3.500000e-36  1.110000e-35  3.500000e-35  1.110000e-34  
15812.086400  8.570000e-45  2.710000e-44  8.580000e-44  2.710000e-43  8.580000e-43  2.710000e-42  8.580000e-42  2.710000e-41  8.580000e-41  2.710000e-40  8.580000e-40  2.710000e-39  8.580000e-39  2.710000e-38  8.580000e-38  2.710000e-37  8.580000e-37  2.710000e-36  8.580000e-36  2.710000e-35  8.580000e-35  
16572.855500  6.640000e-45  2.100000e-44  6.640000e-44  2.100000e-43  6.640000e-43  2.100000e-42  6.640000e-42  2.100000e-41  6.640000e-41  2.100000e-40  6.640000e-40  2.100000e-39  6.640000e-39  2.100000e-38  6.640000e-38  2.100000e-37  6.640000e-37  2.100000e-36  6.640000e-36  2.100000e-35  6.640000e-35  
17370.227500  5.140000e-45  1.620000e-44  5.140000e-44  1.630000e-43  5.140000e-43  1.620000e-42  5.140000e-42  1.630000e-41  5.140000e-41  1.620000e-40  5.140000e-40  1.620000e-39  5.140000e-39  1.620000e-38  5.140000e-38  1.630000e-37  5.140000e-37  1.620000e-36  5.140000e-36  1.620000e-35  5.140000e-35  
18205.963600  3.980000e-45  1.260000e-44  3.980000e-44  1.260000e-43  3.980000e-43  1.260000e-42  3.980000e-42  1.260000e-41  3.980000e-41  1.260000e-40  3.970000e-40  1.260000e-39  3.980000e-39  1.260000e-38  3.980000e-38  1.260000e-37  3.980000e-37  1.260000e-36  3.970000e-36  1.260000e-35  3.980000e-35  
19081.909500  3.080000e-45  9.720000e-45  3.080000e-44  9.720000e-44  3.070000e-43  9.720000e-43  3.070000e-42  9.720000e-42  3.070000e-41  9.720000e-41  3.080000e-40  9.720000e-40  3.080000e-39  9.720000e-39  3.070000e-38  9.720000e-38  3.080000e-37  9.720000e-37  3.070000e-36  9.720000e-36  3.080000e-35  
