2.000000  5.110000e-40  1.610000e-39  5.090000e-39  1.610000e-38  5.080000e-38  1.620000e-37  5.120000e-37  1.620000e-36  5.070000e-36  1.590000e-35  4.900000e-35  1.430000e-34  3.430000e-34  3.090000e-34  3.430000e-33  3.610000e-31  1.480000e-29  5.000000e-28  1.430000e-26  2.110000e-25  1.050000e-24  
2.096226  7.000000e-40  2.210000e-39  7.030000e-39  2.210000e-38  6.980000e-38  2.210000e-37  6.980000e-37  2.210000e-36  6.960000e-36  2.180000e-35  6.770000e-35  2.000000e-34  5.060000e-34  6.330000e-34  1.560000e-33  2.960000e-31  1.320000e-29  4.520000e-28  1.300000e-26  1.910000e-25  9.530000e-25  
2.197082  9.270000e-40  2.920000e-39  9.250000e-39  2.930000e-38  9.240000e-38  2.940000e-37  9.240000e-37  2.930000e-36  9.220000e-36  2.910000e-35  9.030000e-35  2.710000e-34  7.130000e-34  1.110000e-33  5.710000e-34  2.400000e-31  1.160000e-29  4.100000e-28  1.180000e-26  1.750000e-25  8.640000e-25  
2.302791  1.190000e-39  3.770000e-39  1.190000e-38  3.790000e-38  1.190000e-37  3.780000e-37  1.190000e-36  3.770000e-36  1.190000e-35  3.760000e-35  1.170000e-34  3.550000e-34  9.690000e-34  1.760000e-33  5.140000e-34  1.950000e-31  1.030000e-29  3.670000e-28  1.070000e-26  1.580000e-25  7.930000e-25  
2.413585  1.500000e-39  4.740000e-39  1.500000e-38  4.750000e-38  1.510000e-37  4.750000e-37  1.500000e-36  4.730000e-36  1.500000e-35  4.730000e-35  1.480000e-34  4.530000e-34  1.270000e-33  2.630000e-33  1.380000e-33  1.580000e-31  9.050000e-30  3.330000e-28  9.730000e-27  1.440000e-25  7.170000e-25  
2.529710  1.850000e-39  5.890000e-39  1.840000e-38  5.850000e-38  1.860000e-37  5.880000e-37  1.850000e-36  5.850000e-36  1.850000e-35  5.850000e-35  1.820000e-34  5.580000e-34  1.600000e-33  3.590000e-33  3.170000e-33  1.300000e-31  8.010000e-30  2.980000e-28  8.820000e-27  1.320000e-25  6.540000e-25  
2.651423  2.240000e-39  7.120000e-39  2.230000e-38  7.100000e-38  2.270000e-37  7.140000e-37  2.260000e-36  7.120000e-36  2.240000e-35  7.080000e-35  2.230000e-34  6.850000e-34  1.990000e-33  4.810000e-33  5.850000e-33  1.090000e-31  7.090000e-30  2.700000e-28  8.010000e-27  1.200000e-25  5.960000e-25  
2.778991  2.710000e-39  8.530000e-39  2.700000e-38  8.530000e-38  2.710000e-37  8.520000e-37  2.700000e-36  8.530000e-36  2.710000e-35  8.480000e-35  2.670000e-34  8.260000e-34  2.440000e-33  6.170000e-33  9.410000e-33  9.600000e-32  6.270000e-30  2.450000e-28  7.290000e-27  1.080000e-25  5.420000e-25  
2.912697  3.220000e-39  1.010000e-38  3.220000e-38  1.010000e-37  3.200000e-37  1.020000e-36  3.190000e-36  1.010000e-35  3.210000e-35  1.010000e-34  3.180000e-34  9.870000e-34  2.950000e-33  7.770000e-33  1.380000e-32  8.930000e-32  5.560000e-30  2.200000e-28  6.610000e-27  9.920000e-26  4.910000e-25  
3.052836  3.770000e-39  1.180000e-38  3.760000e-38  1.190000e-37  3.760000e-37  1.190000e-36  3.770000e-36  1.190000e-35  3.760000e-35  1.190000e-34  3.750000e-34  1.160000e-33  3.510000e-33  9.530000e-33  1.900000e-32  8.790000e-32  4.950000e-30  1.980000e-28  6.000000e-27  9.020000e-26  4.490000e-25  
3.199717  4.380000e-39  1.380000e-38  4.390000e-38  1.390000e-37  4.410000e-37  1.390000e-36  4.390000e-36  1.380000e-35  4.380000e-35  1.380000e-34  4.350000e-34  1.370000e-33  4.160000e-33  1.160000e-32  2.530000e-32  9.300000e-32  4.430000e-30  1.790000e-28  5.440000e-27  8.180000e-26  4.070000e-25  
3.353666  5.070000e-39  1.610000e-38  5.080000e-38  1.610000e-37  5.070000e-37  1.610000e-36  5.060000e-36  1.600000e-35  5.060000e-35  1.610000e-34  5.050000e-34  1.580000e-33  4.840000e-33  1.370000e-32  3.220000e-32  1.030000e-31  3.970000e-30  1.620000e-28  4.950000e-27  7.440000e-26  3.710000e-25  
3.515021  5.830000e-39  1.840000e-38  5.820000e-38  1.850000e-37  5.820000e-37  1.850000e-36  5.830000e-36  1.840000e-35  5.830000e-35  1.850000e-34  5.790000e-34  1.810000e-33  5.590000e-33  1.630000e-32  4.010000e-32  1.180000e-31  3.590000e-30  1.460000e-28  4.490000e-27  6.770000e-26  3.380000e-25  
3.684140  6.660000e-39  2.110000e-38  6.660000e-38  2.100000e-37  6.690000e-37  2.110000e-36  6.660000e-36  2.110000e-35  6.670000e-35  2.110000e-34  6.620000e-34  2.090000e-33  6.420000e-33  1.900000e-32  4.860000e-32  1.370000e-31  3.290000e-30  1.320000e-28  4.090000e-27  6.140000e-26  3.070000e-25  
3.861395  7.560000e-39  2.380000e-38  7.580000e-38  2.380000e-37  7.560000e-37  2.400000e-36  7.550000e-36  2.390000e-35  7.580000e-35  2.400000e-34  7.530000e-34  2.370000e-33  7.360000e-33  2.190000e-32  5.820000e-32  1.620000e-31  3.030000e-30  1.200000e-28  3.710000e-27  5.590000e-26  2.800000e-25  
4.047179  8.570000e-39  2.710000e-38  8.590000e-38  2.700000e-37  8.550000e-37  2.700000e-36  8.600000e-36  2.700000e-35  8.580000e-35  2.710000e-34  8.560000e-34  2.680000e-33  8.370000e-33  2.510000e-32  6.860000e-32  1.890000e-31  2.830000e-30  1.090000e-28  3.370000e-27  5.090000e-26  2.550000e-25  
4.241902  9.640000e-39  3.040000e-38  9.600000e-38  3.060000e-37  9.620000e-37  3.040000e-36  9.640000e-36  3.050000e-35  9.610000e-35  3.040000e-34  9.630000e-34  3.040000e-33  9.440000e-33  2.860000e-32  8.010000e-32  2.200000e-31  2.660000e-30  9.850000e-29  3.060000e-27  4.630000e-26  2.320000e-25  
4.445993  1.070000e-38  3.400000e-38  1.080000e-37  3.410000e-37  1.080000e-36  3.400000e-36  1.080000e-35  3.400000e-35  1.080000e-34  3.400000e-34  1.070000e-33  3.400000e-33  1.060000e-32  3.220000e-32  9.190000e-32  2.570000e-31  2.530000e-30  8.990000e-29  2.780000e-27  4.210000e-26  2.110000e-25  
4.659904  1.200000e-38  3.780000e-38  1.190000e-37  3.770000e-37  1.200000e-36  3.770000e-36  1.200000e-35  3.780000e-35  1.190000e-34  3.790000e-34  1.190000e-33  3.760000e-33  1.170000e-32  3.600000e-32  1.050000e-31  2.940000e-31  2.450000e-30  8.150000e-29  2.530000e-27  3.820000e-26  1.920000e-25  
4.884106  1.320000e-38  4.180000e-38  1.320000e-37  4.160000e-37  1.320000e-36  4.170000e-36  1.320000e-35  4.170000e-35  1.320000e-34  4.160000e-34  1.320000e-33  4.150000e-33  1.300000e-32  4.010000e-32  1.170000e-31  3.310000e-31  2.380000e-30  7.430000e-29  2.300000e-27  3.490000e-26  1.750000e-25  
5.119096  1.480000e-38  4.660000e-38  1.480000e-37  4.670000e-37  1.470000e-36  4.660000e-36  1.470000e-35  4.670000e-35  1.470000e-34  4.660000e-34  1.480000e-33  4.650000e-33  1.460000e-32  4.500000e-32  1.330000e-31  3.780000e-31  2.320000e-30  6.740000e-29  2.080000e-27  3.160000e-26  1.590000e-25  
5.365392  1.660000e-38  5.260000e-38  1.660000e-37  5.260000e-37  1.660000e-36  5.260000e-36  1.660000e-35  5.240000e-35  1.670000e-34  5.250000e-34  1.660000e-33  5.240000e-33  1.640000e-32  5.110000e-32  1.520000e-31  4.330000e-31  2.320000e-30  6.120000e-29  1.890000e-27  2.880000e-26  1.440000e-25  
5.623537  1.880000e-38  5.940000e-38  1.880000e-37  5.930000e-37  1.880000e-36  5.950000e-36  1.880000e-35  5.940000e-35  1.880000e-34  5.930000e-34  1.870000e-33  5.930000e-33  1.870000e-32  5.780000e-32  1.740000e-31  4.990000e-31  2.370000e-30  5.560000e-29  1.710000e-27  2.610000e-26  1.310000e-25  
5.894103  2.130000e-38  6.740000e-38  2.130000e-37  6.730000e-37  2.120000e-36  6.720000e-36  2.120000e-35  6.730000e-35  2.130000e-34  6.720000e-34  2.130000e-33  6.700000e-33  2.110000e-32  6.570000e-32  1.980000e-31  5.770000e-31  2.470000e-30  5.110000e-29  1.560000e-27  2.370000e-26  1.200000e-25  
6.177687  2.410000e-38  7.590000e-38  2.410000e-37  7.620000e-37  2.410000e-36  7.620000e-36  2.410000e-35  7.610000e-35  2.410000e-34  7.600000e-34  2.400000e-33  7.610000e-33  2.400000e-32  7.460000e-32  2.270000e-31  6.660000e-31  2.620000e-30  4.690000e-29  1.410000e-27  2.160000e-26  1.090000e-25  
6.474915  2.720000e-38  8.610000e-38  2.720000e-37  8.630000e-37  2.720000e-36  8.620000e-36  2.720000e-35  8.600000e-35  2.730000e-34  8.590000e-34  2.710000e-33  8.580000e-33  2.710000e-32  8.480000e-32  2.580000e-31  7.620000e-31  2.820000e-30  4.360000e-29  1.280000e-27  1.960000e-26  9.890000e-26  
6.786444  3.070000e-38  9.710000e-38  3.080000e-37  9.700000e-37  3.070000e-36  9.690000e-36  3.070000e-35  9.680000e-35  3.070000e-34  9.700000e-34  3.070000e-33  9.700000e-33  3.050000e-32  9.570000e-32  2.950000e-31  8.740000e-31  3.090000e-30  4.090000e-29  1.170000e-27  1.790000e-26  9.010000e-26  
7.112961  3.470000e-38  1.090000e-37  3.470000e-37  1.100000e-36  3.470000e-36  1.090000e-35  3.450000e-35  1.090000e-34  3.450000e-34  1.090000e-33  3.450000e-33  1.090000e-32  3.450000e-32  1.080000e-31  3.340000e-31  9.970000e-31  3.400000e-30  3.840000e-29  1.060000e-27  1.620000e-26  8.180000e-26  
7.455187  3.900000e-38  1.230000e-37  3.880000e-37  1.230000e-36  3.890000e-36  1.230000e-35  3.890000e-35  1.230000e-34  3.910000e-34  1.230000e-33  3.900000e-33  1.230000e-32  3.890000e-32  1.220000e-31  3.770000e-31  1.130000e-30  3.780000e-30  3.680000e-29  9.670000e-28  1.480000e-26  7.440000e-26  
7.813880  4.360000e-38  1.380000e-37  4.370000e-37  1.380000e-36  4.360000e-36  1.380000e-35  4.390000e-35  1.380000e-34  4.370000e-34  1.380000e-33  4.360000e-33  1.380000e-32  4.360000e-32  1.370000e-31  4.230000e-31  1.290000e-30  4.190000e-30  3.550000e-29  8.840000e-28  1.340000e-26  6.760000e-26  
8.189830  4.900000e-38  1.550000e-37  4.910000e-37  1.560000e-36  4.890000e-36  1.550000e-35  4.900000e-35  1.550000e-34  4.880000e-34  1.550000e-33  4.910000e-33  1.550000e-32  4.880000e-32  1.540000e-31  4.790000e-31  1.460000e-30  4.680000e-30  3.460000e-29  8.080000e-28  1.220000e-26  6.150000e-26  
8.583869  5.480000e-38  1.730000e-37  5.480000e-37  1.740000e-36  5.480000e-36  1.740000e-35  5.490000e-35  1.740000e-34  5.500000e-34  1.740000e-33  5.480000e-33  1.740000e-32  5.480000e-32  1.730000e-31  5.380000e-31  1.640000e-30  5.250000e-30  3.420000e-29  7.400000e-28  1.110000e-26  5.600000e-26  
8.996865  6.150000e-38  1.950000e-37  6.110000e-37  1.940000e-36  6.120000e-36  1.940000e-35  6.130000e-35  1.940000e-34  6.120000e-34  1.940000e-33  6.110000e-33  1.930000e-32  6.140000e-32  1.930000e-31  6.040000e-31  1.860000e-30  5.890000e-30  3.440000e-29  6.810000e-28  1.010000e-26  5.050000e-26  
9.429733  6.860000e-38  2.170000e-37  6.850000e-37  2.170000e-36  6.870000e-36  2.170000e-35  6.840000e-35  2.170000e-34  6.870000e-34  2.170000e-33  6.830000e-33  2.170000e-32  6.840000e-32  2.160000e-31  6.760000e-31  2.090000e-30  6.550000e-30  3.490000e-29  6.300000e-28  9.200000e-27  4.630000e-26  
9.883427  7.640000e-38  2.420000e-37  7.640000e-37  2.410000e-36  7.660000e-36  2.420000e-35  7.650000e-35  2.420000e-34  7.640000e-34  2.410000e-33  7.660000e-33  2.410000e-32  7.650000e-32  2.410000e-31  7.560000e-31  2.350000e-30  7.360000e-30  3.580000e-29  5.830000e-28  8.350000e-27  4.200000e-26  
10.358949  8.550000e-38  2.700000e-37  8.520000e-37  2.700000e-36  8.510000e-36  2.690000e-35  8.500000e-35  2.700000e-34  8.530000e-34  2.690000e-33  8.550000e-33  2.690000e-32  8.520000e-32  2.690000e-31  8.440000e-31  2.630000e-30  8.210000e-30  3.720000e-29  5.420000e-28  7.620000e-27  3.830000e-26  
10.857351  9.550000e-38  3.010000e-37  9.530000e-37  3.000000e-36  9.480000e-36  3.000000e-35  9.540000e-35  3.010000e-34  9.560000e-34  3.000000e-33  9.530000e-33  3.010000e-32  9.510000e-32  3.000000e-31  9.460000e-31  2.930000e-30  9.210000e-30  3.880000e-29  5.050000e-28  6.940000e-27  3.490000e-26  
11.379732  1.060000e-37  3.360000e-37  1.060000e-36  3.370000e-36  1.060000e-35  3.340000e-35  1.060000e-34  3.370000e-34  1.060000e-33  3.350000e-33  1.070000e-32  3.360000e-32  1.060000e-31  3.350000e-31  1.050000e-30  3.290000e-30  1.030000e-29  4.130000e-29  4.760000e-28  6.360000e-27  3.160000e-26  
11.927247  1.180000e-37  3.750000e-37  1.180000e-36  3.750000e-36  1.180000e-35  3.720000e-35  1.180000e-34  3.730000e-34  1.180000e-33  3.730000e-33  1.180000e-32  3.750000e-32  1.190000e-31  3.720000e-31  1.180000e-30  3.690000e-30  1.160000e-29  4.400000e-29  4.510000e-28  5.800000e-27  2.880000e-26  
12.501104  1.320000e-37  4.170000e-37  1.320000e-36  4.160000e-36  1.310000e-35  4.160000e-35  1.310000e-34  4.140000e-34  1.320000e-33  4.160000e-33  1.320000e-32  4.150000e-32  1.310000e-31  4.170000e-31  1.300000e-30  4.110000e-30  1.280000e-29  4.750000e-29  4.290000e-28  5.320000e-27  2.620000e-26  
13.102571  1.470000e-37  4.640000e-37  1.470000e-36  4.650000e-36  1.470000e-35  4.640000e-35  1.460000e-34  4.640000e-34  1.460000e-33  4.640000e-33  1.470000e-32  4.620000e-32  1.460000e-31  4.630000e-31  1.460000e-30  4.570000e-30  1.440000e-29  5.170000e-29  4.130000e-28  4.850000e-27  2.380000e-26  
13.732977  1.640000e-37  5.200000e-37  1.640000e-36  5.190000e-36  1.630000e-35  5.170000e-35  1.630000e-34  5.170000e-34  1.640000e-33  5.160000e-33  1.630000e-32  5.170000e-32  1.640000e-31  5.130000e-31  1.630000e-30  5.130000e-30  1.590000e-29  5.610000e-29  4.010000e-28  4.450000e-27  2.160000e-26  
14.393714  1.830000e-37  5.770000e-37  1.830000e-36  5.780000e-36  1.830000e-35  5.780000e-35  1.820000e-34  5.780000e-34  1.820000e-33  5.780000e-33  1.820000e-32  5.770000e-32  1.830000e-31  5.760000e-31  1.820000e-30  5.740000e-30  1.800000e-29  6.130000e-29  3.930000e-28  4.070000e-27  1.950000e-26  
15.086240  2.040000e-37  6.460000e-37  2.050000e-36  6.460000e-36  2.040000e-35  6.450000e-35  2.040000e-34  6.440000e-34  2.040000e-33  6.420000e-33  2.040000e-32  6.450000e-32  2.030000e-31  6.450000e-31  2.030000e-30  6.380000e-30  2.010000e-29  6.730000e-29  3.900000e-28  3.760000e-27  1.780000e-26  
15.812086  2.280000e-37  7.180000e-37  2.270000e-36  7.260000e-36  2.270000e-35  7.230000e-35  2.280000e-34  7.210000e-34  2.280000e-33  7.230000e-33  2.280000e-32  7.220000e-32  2.280000e-31  7.230000e-31  2.260000e-30  7.150000e-30  2.260000e-29  7.400000e-29  3.910000e-28  3.470000e-27  1.620000e-26  
16.572855  2.550000e-37  8.040000e-37  2.550000e-36  8.050000e-36  2.550000e-35  8.050000e-35  2.540000e-34  8.030000e-34  2.550000e-33  8.030000e-33  2.540000e-32  8.010000e-32  2.540000e-31  8.030000e-31  2.550000e-30  7.970000e-30  2.530000e-29  8.240000e-29  3.950000e-28  3.200000e-27  1.480000e-26  
17.370227  2.860000e-37  9.020000e-37  2.850000e-36  8.990000e-36  2.850000e-35  9.000000e-35  2.850000e-34  9.010000e-34  2.860000e-33  8.990000e-33  2.850000e-32  9.000000e-32  2.850000e-31  9.020000e-31  2.850000e-30  8.980000e-30  2.830000e-29  9.130000e-29  4.060000e-28  2.970000e-27  1.350000e-26  
18.205964  3.200000e-37  1.010000e-36  3.200000e-36  1.010000e-35  3.200000e-35  1.020000e-34  3.200000e-34  1.010000e-33  3.200000e-33  1.010000e-32  3.190000e-32  1.010000e-31  3.200000e-31  1.000000e-30  3.210000e-30  1.010000e-29  3.160000e-29  1.020000e-28  4.200000e-28  2.760000e-27  1.230000e-26  
19.081909  3.590000e-37  1.130000e-36  3.610000e-36  1.140000e-35  3.600000e-35  1.130000e-34  3.600000e-34  1.140000e-33  3.610000e-33  1.140000e-32  3.610000e-32  1.130000e-31  3.590000e-31  1.130000e-30  3.590000e-30  1.140000e-29  3.560000e-29  1.140000e-28  4.400000e-28  2.600000e-27  1.120000e-26  
20.000000  4.070000e-37  1.280000e-36  4.060000e-36  1.280000e-35  4.040000e-35  1.280000e-34  4.060000e-34  1.280000e-33  4.070000e-33  1.280000e-32  4.060000e-32  1.280000e-31  4.060000e-31  1.280000e-30  4.030000e-30  1.280000e-29  4.020000e-29  1.270000e-28  4.670000e-28  2.460000e-27  1.010000e-26  
20.470620  4.290000e-37  1.360000e-36  4.280000e-36  1.350000e-35  4.300000e-35  1.360000e-34  4.300000e-34  1.350000e-33  4.300000e-33  1.360000e-32  4.300000e-32  1.360000e-31  4.310000e-31  1.360000e-30  4.310000e-30  1.360000e-29  4.280000e-29  1.350000e-28  4.820000e-28  2.390000e-27  9.650000e-27  
20.952315  4.560000e-37  1.440000e-36  4.580000e-36  1.440000e-35  4.560000e-35  1.440000e-34  4.560000e-34  1.440000e-33  4.580000e-33  1.450000e-32  4.580000e-32  1.440000e-31  4.570000e-31  1.440000e-30  4.560000e-30  1.440000e-29  4.540000e-29  1.440000e-28  5.010000e-28  2.330000e-27  9.260000e-27  
21.445344  4.850000e-37  1.530000e-36  4.860000e-36  1.540000e-35  4.860000e-35  1.540000e-34  4.880000e-34  1.540000e-33  4.850000e-33  1.540000e-32  4.850000e-32  1.540000e-31  4.870000e-31  1.540000e-30  4.830000e-30  1.540000e-29  4.810000e-29  1.520000e-28  5.200000e-28  2.290000e-27  8.800000e-27  
21.949975  5.170000e-37  1.630000e-36  5.160000e-36  1.630000e-35  5.170000e-35  1.630000e-34  5.150000e-34  1.630000e-33  5.160000e-33  1.640000e-32  5.150000e-32  1.640000e-31  5.150000e-31  1.640000e-30  5.160000e-30  1.630000e-29  5.130000e-29  1.620000e-28  5.400000e-28  2.240000e-27  8.380000e-27  
22.466481  5.470000e-37  1.740000e-36  5.490000e-36  1.740000e-35  5.490000e-35  1.730000e-34  5.500000e-34  1.740000e-33  5.490000e-33  1.740000e-32  5.510000e-32  1.730000e-31  5.500000e-31  1.740000e-30  5.490000e-30  1.730000e-29  5.470000e-29  1.720000e-28  5.610000e-28  2.200000e-27  8.050000e-27  
22.995140  5.860000e-37  1.840000e-36  5.850000e-36  1.850000e-35  5.870000e-35  1.850000e-34  5.840000e-34  1.850000e-33  5.850000e-33  1.850000e-32  5.870000e-32  1.850000e-31  5.840000e-31  1.850000e-30  5.880000e-30  1.850000e-29  5.810000e-29  1.830000e-28  5.900000e-28  2.160000e-27  7.700000e-27  
23.536239  6.260000e-37  1.960000e-36  6.240000e-36  1.980000e-35  6.260000e-35  1.980000e-34  6.210000e-34  1.980000e-33  6.260000e-33  1.970000e-32  6.240000e-32  1.970000e-31  6.240000e-31  1.980000e-30  6.220000e-30  1.980000e-29  6.230000e-29  1.950000e-28  6.200000e-28  2.140000e-27  7.340000e-27  
24.090071  6.680000e-37  2.100000e-36  6.670000e-36  2.100000e-35  6.670000e-35  2.110000e-34  6.660000e-34  2.110000e-33  6.670000e-33  2.110000e-32  6.660000e-32  2.110000e-31  6.640000e-31  2.110000e-30  6.670000e-30  2.110000e-29  6.650000e-29  2.080000e-28  6.490000e-28  2.110000e-27  7.050000e-27  
24.656935  7.110000e-37  2.260000e-36  7.130000e-36  2.260000e-35  7.110000e-35  2.250000e-34  7.120000e-34  2.250000e-33  7.150000e-33  2.250000e-32  7.110000e-32  2.250000e-31  7.130000e-31  2.250000e-30  7.130000e-30  2.250000e-29  7.090000e-29  2.220000e-28  6.830000e-28  2.100000e-27  6.750000e-27  
25.237138  7.620000e-37  2.400000e-36  7.610000e-36  2.410000e-35  7.590000e-35  2.410000e-34  7.620000e-34  2.400000e-33  7.610000e-33  2.400000e-32  7.620000e-32  2.410000e-31  7.630000e-31  2.410000e-30  7.610000e-30  2.410000e-29  7.600000e-29  2.370000e-28  7.210000e-28  2.090000e-27  6.460000e-27  
25.830993  8.170000e-37  2.570000e-36  8.130000e-36  2.570000e-35  8.150000e-35  2.580000e-34  8.160000e-34  2.580000e-33  8.130000e-33  2.580000e-32  8.170000e-32  2.590000e-31  8.140000e-31  2.580000e-30  8.140000e-30  2.580000e-29  8.140000e-29  2.550000e-28  7.630000e-28  2.090000e-27  6.200000e-27  
26.438823  8.740000e-37  2.760000e-36  8.750000e-36  2.760000e-35  8.730000e-35  2.760000e-34  8.730000e-34  2.760000e-33  8.770000e-33  2.770000e-32  8.730000e-32  2.750000e-31  8.740000e-31  2.750000e-30  8.740000e-30  2.770000e-29  8.730000e-29  2.710000e-28  8.080000e-28  2.090000e-27  5.920000e-27  
27.060955  9.330000e-37  2.970000e-36  9.330000e-36  2.970000e-35  9.400000e-35  2.960000e-34  9.400000e-34  2.970000e-33  9.410000e-33  2.960000e-32  9.380000e-32  2.970000e-31  9.390000e-31  2.970000e-30  9.410000e-30  2.960000e-29  9.410000e-29  2.930000e-28  8.590000e-28  2.110000e-27  5.670000e-27  
27.697727  1.010000e-36  3.180000e-36  1.010000e-35  3.200000e-35  1.010000e-34  3.190000e-34  1.010000e-33  3.200000e-33  1.010000e-32  3.180000e-32  1.010000e-31  3.190000e-31  1.010000e-30  3.190000e-30  1.010000e-29  3.200000e-29  1.010000e-28  3.140000e-28  9.130000e-28  2.130000e-27  5.450000e-27  
28.349483  1.080000e-36  3.450000e-36  1.080000e-35  3.420000e-35  1.090000e-34  3.430000e-34  1.090000e-33  3.430000e-33  1.090000e-32  3.420000e-32  1.080000e-31  3.420000e-31  1.090000e-30  3.430000e-30  1.080000e-29  3.420000e-29  1.080000e-28  3.360000e-28  9.740000e-28  2.160000e-27  5.250000e-27  
29.016576  1.160000e-36  3.700000e-36  1.170000e-35  3.690000e-35  1.170000e-34  3.690000e-34  1.170000e-33  3.700000e-33  1.170000e-32  3.700000e-32  1.170000e-31  3.710000e-31  1.170000e-30  3.720000e-30  1.170000e-29  3.700000e-29  1.170000e-28  3.640000e-28  1.040000e-27  2.190000e-27  5.060000e-27  
29.699365  1.260000e-36  3.980000e-36  1.270000e-35  3.990000e-35  1.260000e-34  3.980000e-34  1.270000e-33  3.980000e-33  1.260000e-32  3.990000e-32  1.260000e-31  4.000000e-31  1.270000e-30  3.990000e-30  1.260000e-29  4.000000e-29  1.260000e-28  3.930000e-28  1.110000e-27  2.240000e-27  4.870000e-27  
30.398222  1.370000e-36  4.310000e-36  1.380000e-35  4.340000e-35  1.370000e-34  4.310000e-34  1.370000e-33  4.340000e-33  1.360000e-32  4.330000e-32  1.370000e-31  4.300000e-31  1.370000e-30  4.310000e-30  1.370000e-29  4.310000e-29  1.370000e-28  4.250000e-28  1.200000e-27  2.300000e-27  4.710000e-27  
31.113523  1.480000e-36  4.720000e-36  1.480000e-35  4.690000e-35  1.480000e-34  4.670000e-34  1.480000e-33  4.690000e-33  1.480000e-32  4.690000e-32  1.480000e-31  4.680000e-31  1.480000e-30  4.700000e-30  1.480000e-29  4.700000e-29  1.480000e-28  4.600000e-28  1.290000e-27  2.350000e-27  4.530000e-27  
31.845656  1.620000e-36  5.110000e-36  1.610000e-35  5.100000e-35  1.610000e-34  5.090000e-34  1.610000e-33  5.070000e-33  1.600000e-32  5.080000e-32  1.610000e-31  5.100000e-31  1.610000e-30  5.090000e-30  1.620000e-29  5.110000e-29  1.600000e-28  5.000000e-28  1.390000e-27  2.450000e-27  4.370000e-27  
32.595017  1.750000e-36  5.520000e-36  1.760000e-35  5.540000e-35  1.750000e-34  5.560000e-34  1.740000e-33  5.530000e-33  1.750000e-32  5.520000e-32  1.750000e-31  5.560000e-31  1.760000e-30  5.570000e-30  1.750000e-29  5.540000e-29  1.750000e-28  5.440000e-28  1.500000e-27  2.540000e-27  4.270000e-27  
33.362011  1.910000e-36  6.040000e-36  1.920000e-35  6.050000e-35  1.910000e-34  6.040000e-34  1.920000e-33  6.070000e-33  1.920000e-32  6.060000e-32  1.910000e-31  6.040000e-31  1.910000e-30  6.080000e-30  1.930000e-29  6.060000e-29  1.920000e-28  5.940000e-28  1.630000e-27  2.650000e-27  4.160000e-27  
34.147053  2.100000e-36  6.600000e-36  2.100000e-35  6.610000e-35  2.090000e-34  6.600000e-34  2.090000e-33  6.610000e-33  2.090000e-32  6.650000e-32  2.100000e-31  6.610000e-31  2.090000e-30  6.620000e-30  2.100000e-29  6.620000e-29  2.090000e-28  6.490000e-28  1.770000e-27  2.770000e-27  4.050000e-27  
34.950568  2.300000e-36  7.240000e-36  2.300000e-35  7.280000e-35  2.300000e-34  7.270000e-34  2.310000e-33  7.280000e-33  2.310000e-32  7.310000e-32  2.300000e-31  7.280000e-31  2.310000e-30  7.260000e-30  2.320000e-29  7.280000e-29  2.310000e-28  7.120000e-28  1.930000e-27  2.920000e-27  3.940000e-27  
35.772991  2.520000e-36  7.990000e-36  2.540000e-35  8.000000e-35  2.530000e-34  8.020000e-34  2.520000e-33  8.000000e-33  2.530000e-32  7.980000e-32  2.530000e-31  7.990000e-31  2.520000e-30  8.000000e-30  2.530000e-29  8.050000e-29  2.540000e-28  7.840000e-28  2.110000e-27  3.080000e-27  3.870000e-27  
36.614766  2.790000e-36  8.890000e-36  2.800000e-35  8.820000e-35  2.810000e-34  8.860000e-34  2.800000e-33  8.860000e-33  2.810000e-32  8.860000e-32  2.810000e-31  8.840000e-31  2.800000e-30  8.860000e-30  2.800000e-29  8.860000e-29  2.800000e-28  8.650000e-28  2.320000e-27  3.270000e-27  3.810000e-27  
37.476349  3.100000e-36  9.840000e-36  3.100000e-35  9.790000e-35  3.110000e-34  9.760000e-34  3.110000e-33  9.880000e-33  3.100000e-32  9.830000e-32  3.100000e-31  9.830000e-31  3.120000e-30  9.830000e-30  3.110000e-29  9.860000e-29  3.090000e-28  9.590000e-28  2.550000e-27  3.490000e-27  3.780000e-27  
38.358205  3.460000e-36  1.090000e-35  3.450000e-35  1.090000e-34  3.460000e-34  1.100000e-33  3.460000e-33  1.090000e-32  3.460000e-32  1.090000e-31  3.460000e-31  1.090000e-30  3.450000e-30  1.100000e-29  3.440000e-29  1.090000e-28  3.450000e-28  1.070000e-27  2.820000e-27  3.740000e-27  3.750000e-27  
39.260813  3.870000e-36  1.230000e-35  3.870000e-35  1.220000e-34  3.870000e-34  1.220000e-33  3.870000e-33  1.220000e-32  3.900000e-32  1.230000e-31  3.850000e-31  1.230000e-30  3.870000e-30  1.220000e-29  3.890000e-29  1.220000e-28  3.870000e-28  1.190000e-27  3.140000e-27  4.020000e-27  3.740000e-27  
40.184660  4.350000e-36  1.380000e-35  4.360000e-35  1.380000e-34  4.340000e-34  1.380000e-33  4.340000e-33  1.370000e-32  4.360000e-32  1.380000e-31  4.360000e-31  1.380000e-30  4.350000e-30  1.380000e-29  4.360000e-29  1.380000e-28  4.350000e-28  1.340000e-27  3.500000e-27  4.350000e-27  3.740000e-27  
41.130246  4.920000e-36  1.560000e-35  4.920000e-35  1.550000e-34  4.920000e-34  1.550000e-33  4.920000e-33  1.560000e-32  4.920000e-32  1.550000e-31  4.950000e-31  1.560000e-30  4.930000e-30  1.550000e-29  4.920000e-29  1.560000e-28  4.920000e-28  1.520000e-27  3.930000e-27  4.730000e-27  3.780000e-27  
42.098083  5.600000e-36  1.770000e-35  5.600000e-35  1.760000e-34  5.610000e-34  1.770000e-33  5.620000e-33  1.770000e-32  5.610000e-32  1.770000e-31  5.600000e-31  1.770000e-30  5.580000e-30  1.780000e-29  5.600000e-29  1.770000e-28  5.590000e-28  1.730000e-27  4.430000e-27  5.180000e-27  3.860000e-27  
43.088694  6.400000e-36  2.030000e-35  6.420000e-35  2.030000e-34  6.410000e-34  2.030000e-33  6.440000e-33  2.040000e-32  6.440000e-32  2.030000e-31  6.400000e-31  2.030000e-30  6.420000e-30  2.020000e-29  6.440000e-29  2.020000e-28  6.390000e-28  1.970000e-27  5.030000e-27  5.690000e-27  3.940000e-27  
44.102615  7.430000e-36  2.350000e-35  7.410000e-35  2.350000e-34  7.400000e-34  2.350000e-33  7.450000e-33  2.340000e-32  7.430000e-32  2.340000e-31  7.440000e-31  2.350000e-30  7.420000e-30  2.350000e-29  7.420000e-29  2.340000e-28  7.350000e-28  2.280000e-27  5.750000e-27  6.300000e-27  4.080000e-27  
45.140394  8.670000e-36  2.730000e-35  8.600000e-35  2.740000e-34  8.640000e-34  2.730000e-33  8.620000e-33  2.720000e-32  8.650000e-32  2.730000e-31  8.640000e-31  2.730000e-30  8.620000e-30  2.740000e-29  8.650000e-29  2.740000e-28  8.620000e-28  2.660000e-27  6.630000e-27  7.020000e-27  4.250000e-27  
46.202594  1.020000e-35  3.220000e-35  1.020000e-34  3.230000e-34  1.020000e-33  3.230000e-33  1.020000e-32  3.230000e-32  1.020000e-31  3.220000e-31  1.020000e-30  3.210000e-30  1.020000e-29  3.250000e-29  1.020000e-28  3.220000e-28  1.020000e-27  3.120000e-27  7.710000e-27  7.880000e-27  4.470000e-27  
47.289788  1.220000e-35  3.830000e-35  1.210000e-34  3.860000e-34  1.220000e-33  3.860000e-33  1.220000e-32  3.870000e-32  1.220000e-31  3.850000e-31  1.220000e-30  3.830000e-30  1.220000e-29  3.840000e-29  1.220000e-28  3.870000e-28  1.220000e-27  3.720000e-27  9.050000e-27  8.910000e-27  4.750000e-27  
48.402565  1.480000e-35  4.680000e-35  1.470000e-34  4.660000e-34  1.480000e-33  4.650000e-33  1.470000e-32  4.650000e-32  1.480000e-31  4.680000e-31  1.480000e-30  4.670000e-30  1.480000e-29  4.670000e-29  1.470000e-28  4.650000e-28  1.470000e-27  4.490000e-27  1.080000e-26  1.020000e-26  5.140000e-27  
49.541527  1.830000e-35  5.740000e-35  1.820000e-34  5.730000e-34  1.820000e-33  5.750000e-33  1.810000e-32  5.730000e-32  1.820000e-31  5.760000e-31  1.820000e-30  5.710000e-30  1.820000e-29  5.740000e-29  1.820000e-28  5.750000e-28  1.820000e-27  5.510000e-27  1.300000e-26  1.180000e-26  5.620000e-27  
50.707290  2.270000e-35  7.250000e-35  2.280000e-34  7.220000e-34  2.280000e-33  7.200000e-33  2.270000e-32  7.200000e-32  2.280000e-31  7.230000e-31  2.270000e-30  7.200000e-30  2.270000e-29  7.240000e-29  2.280000e-28  7.200000e-28  2.260000e-27  6.910000e-27  1.590000e-26  1.380000e-26  6.220000e-27  
51.900484  2.940000e-35  9.320000e-35  2.930000e-34  9.310000e-34  2.950000e-33  9.350000e-33  2.930000e-32  9.280000e-32  2.930000e-31  9.320000e-31  2.930000e-30  9.320000e-30  2.940000e-29  9.320000e-29  2.930000e-28  9.270000e-28  2.940000e-27  8.870000e-27  1.990000e-26  1.630000e-26  7.060000e-27  
53.121756  3.940000e-35  1.240000e-34  3.930000e-34  1.240000e-33  3.930000e-33  1.250000e-32  3.930000e-32  1.240000e-31  3.920000e-31  1.230000e-30  3.910000e-30  1.240000e-29  3.900000e-29  1.240000e-28  3.930000e-28  1.240000e-27  3.880000e-27  1.180000e-26  2.550000e-26  1.970000e-26  8.130000e-27  
54.370000  5.440000e-35  1.730000e-34  5.470000e-34  1.720000e-33  5.440000e-33  1.710000e-32  5.420000e-32  1.720000e-31  5.450000e-31  1.720000e-30  5.440000e-30  1.720000e-29  5.450000e-29  1.720000e-28  5.460000e-28  1.720000e-27  5.430000e-27  1.620000e-26  3.380000e-26  2.440000e-26  9.640000e-27  
55.650000  8.030000e-35  2.530000e-34  8.010000e-34  2.530000e-33  8.030000e-33  2.540000e-32  8.020000e-32  2.520000e-31  8.030000e-31  2.540000e-30  8.040000e-30  2.550000e-29  8.030000e-29  2.530000e-28  7.980000e-28  2.530000e-27  7.950000e-27  2.360000e-26  4.670000e-26  3.120000e-26  1.180000e-26  
56.960000  1.280000e-34  4.050000e-34  1.280000e-33  4.060000e-33  1.280000e-32  4.060000e-32  1.280000e-31  4.060000e-31  1.280000e-30  4.040000e-30  1.280000e-29  4.060000e-29  1.280000e-28  4.050000e-28  1.280000e-27  4.060000e-27  1.260000e-26  3.720000e-26  6.830000e-26  4.170000e-26  1.520000e-26  
58.300000  2.330000e-34  7.440000e-34  2.330000e-33  7.380000e-33  2.340000e-32  7.360000e-32  2.350000e-31  7.380000e-31  2.330000e-30  7.360000e-30  2.320000e-29  7.390000e-29  2.340000e-28  7.410000e-28  2.330000e-27  7.370000e-27  2.310000e-26  6.620000e-26  1.090000e-25  5.950000e-26  2.090000e-26  
60.000000  7.000000e-34  2.200000e-33  6.990000e-33  2.220000e-32  7.010000e-32  2.220000e-31  7.030000e-31  2.210000e-30  7.020000e-30  2.210000e-29  6.990000e-29  2.210000e-28  6.980000e-28  2.200000e-27  6.950000e-27  2.210000e-26  6.870000e-26  1.860000e-25  2.420000e-25  1.110000e-25  3.730000e-26  
61.000000  2.010000e-33  6.360000e-33  2.020000e-32  6.350000e-32  2.010000e-31  6.370000e-31  2.020000e-30  6.380000e-30  2.010000e-29  6.360000e-29  2.020000e-28  6.370000e-28  2.010000e-27  6.350000e-27  2.020000e-26  6.310000e-26  1.950000e-25  4.840000e-25  4.870000e-25  1.970000e-25  6.460000e-26  
61.500000  4.580000e-33  1.460000e-32  4.600000e-32  1.460000e-31  4.630000e-31  1.460000e-30  4.620000e-30  1.460000e-29  4.590000e-29  1.460000e-28  4.640000e-28  1.460000e-27  4.600000e-27  1.460000e-26  4.600000e-26  1.450000e-25  4.410000e-25  9.930000e-25  8.120000e-25  3.050000e-25  9.890000e-26  
61.800000  9.540000e-33  3.020000e-32  9.490000e-32  3.010000e-31  9.530000e-31  3.010000e-30  9.530000e-30  3.000000e-29  9.520000e-29  3.010000e-28  9.510000e-28  3.020000e-27  9.500000e-27  3.010000e-26  9.570000e-26  2.990000e-25  8.920000e-25  1.800000e-24  1.240000e-24  4.450000e-25  1.430000e-25  
62.000000  1.870000e-32  5.950000e-32  1.880000e-31  5.950000e-31  1.870000e-30  5.960000e-30  1.890000e-29  5.900000e-29  1.880000e-28  5.910000e-28  1.880000e-27  5.970000e-27  1.880000e-26  5.950000e-26  1.880000e-25  5.870000e-25  1.720000e-24  3.070000e-24  1.820000e-24  6.310000e-25  2.020000e-25  
62.200000  5.260000e-32  1.660000e-31  5.260000e-31  1.660000e-30  5.280000e-30  1.670000e-29  5.250000e-29  1.660000e-28  5.300000e-28  1.670000e-27  5.280000e-27  1.660000e-26  5.250000e-26  1.670000e-25  5.240000e-25  1.640000e-24  4.540000e-24  6.500000e-24  3.180000e-24  1.070000e-24  3.390000e-25  
62.300000  1.190000e-31  3.740000e-31  1.180000e-30  3.760000e-30  1.190000e-29  3.760000e-29  1.190000e-28  3.730000e-28  1.190000e-27  3.750000e-27  1.190000e-26  3.750000e-26  1.190000e-25  3.770000e-25  1.180000e-24  3.660000e-24  9.600000e-24  1.120000e-23  4.890000e-24  1.610000e-24  5.110000e-25  
62.350000  2.100000e-31  6.670000e-31  2.110000e-30  6.700000e-30  2.120000e-29  6.690000e-29  2.120000e-28  6.670000e-28  2.120000e-27  6.690000e-27  2.120000e-26  6.670000e-26  2.110000e-25  6.670000e-25  2.090000e-24  6.470000e-24  1.610000e-23  1.620000e-23  6.600000e-24  2.150000e-24  6.830000e-25  
62.400000  4.780000e-31  1.500000e-30  4.740000e-30  1.510000e-29  4.780000e-29  1.500000e-28  4.770000e-28  1.510000e-27  4.780000e-27  1.510000e-26  4.760000e-26  1.510000e-25  4.760000e-25  1.510000e-24  4.730000e-24  1.430000e-23  3.220000e-23  2.650000e-23  1.000000e-23  3.240000e-24  1.030000e-24  
62.430000  9.710000e-31  3.080000e-30  9.710000e-30  3.080000e-29  9.710000e-29  3.080000e-28  9.780000e-28  3.070000e-27  9.720000e-27  3.090000e-26  9.740000e-26  3.080000e-25  9.780000e-25  3.070000e-24  9.650000e-24  2.870000e-23  5.780000e-23  4.000000e-23  1.440000e-23  4.630000e-24  1.470000e-24  
62.450000  1.910000e-30  6.060000e-30  1.910000e-29  6.080000e-29  1.910000e-28  6.030000e-28  1.910000e-27  6.030000e-27  1.910000e-26  6.020000e-26  1.910000e-25  6.030000e-25  1.900000e-24  6.040000e-24  1.880000e-23  5.470000e-23  9.710000e-23  5.800000e-23  2.030000e-23  6.490000e-24  2.060000e-24  
62.460000  2.990000e-30  9.440000e-30  2.980000e-29  9.450000e-29  2.990000e-28  9.470000e-28  3.000000e-27  9.490000e-27  2.990000e-26  9.420000e-26  2.990000e-25  9.400000e-25  2.980000e-24  9.430000e-24  2.940000e-23  8.330000e-23  1.350000e-22  7.390000e-23  2.540000e-23  8.120000e-24  2.570000e-24  
62.470000  5.330000e-30  1.680000e-29  5.290000e-29  1.680000e-28  5.280000e-28  1.680000e-27  5.310000e-27  1.670000e-26  5.320000e-26  1.680000e-25  5.320000e-25  1.670000e-24  5.300000e-24  1.670000e-23  5.180000e-23  1.420000e-22  2.020000e-22  1.000000e-22  3.390000e-23  1.080000e-23  3.430000e-24  
62.475000  7.680000e-30  2.420000e-29  7.650000e-29  2.420000e-28  7.630000e-28  2.420000e-27  7.650000e-27  2.420000e-26  7.630000e-26  2.410000e-25  7.650000e-25  2.410000e-24  7.620000e-24  2.410000e-23  7.420000e-23  1.980000e-22  2.580000e-22  1.210000e-22  4.070000e-23  1.300000e-23  4.120000e-24  
62.480000  1.200000e-29  3.780000e-29  1.190000e-28  3.780000e-28  1.200000e-27  3.780000e-27  1.200000e-26  3.780000e-26  1.190000e-25  3.800000e-25  1.190000e-24  3.770000e-24  1.190000e-23  3.750000e-23  1.150000e-22  2.950000e-22  3.440000e-22  1.530000e-22  5.100000e-23  1.620000e-23  5.150000e-24  
62.485000  2.120000e-29  6.730000e-29  2.110000e-28  6.720000e-28  2.120000e-27  6.720000e-27  2.110000e-26  6.680000e-26  2.120000e-25  6.690000e-25  2.120000e-24  6.660000e-24  2.110000e-23  6.630000e-23  2.010000e-22  4.840000e-22  4.900000e-22  2.060000e-22  6.800000e-23  2.170000e-23  6.860000e-24  
62.490000  4.750000e-29  1.500000e-28  4.750000e-28  1.500000e-27  4.750000e-27  1.500000e-26  4.740000e-26  1.500000e-25  4.740000e-25  1.500000e-24  4.740000e-24  1.500000e-23  4.720000e-23  1.470000e-22  4.360000e-22  9.400000e-22  7.860000e-22  3.100000e-22  1.020000e-22  3.250000e-23  1.030000e-23  
62.493000  9.590000e-29  3.030000e-28  9.590000e-28  3.030000e-27  9.590000e-27  3.030000e-26  9.590000e-26  3.030000e-25  9.590000e-25  3.030000e-24  9.580000e-24  3.030000e-23  9.510000e-23  2.940000e-22  8.420000e-22  1.610000e-21  1.160000e-21  4.430000e-22  1.450000e-22  4.640000e-23  1.470000e-23  
62.495000  1.840000e-28  5.840000e-28  1.850000e-27  5.840000e-27  1.850000e-26  5.830000e-26  1.840000e-25  5.830000e-25  1.850000e-24  5.840000e-24  1.840000e-23  5.810000e-23  1.820000e-22  5.580000e-22  1.520000e-21  2.560000e-21  1.660000e-21  6.190000e-22  2.030000e-22  6.490000e-23  2.060000e-23  
62.497000  4.800000e-28  1.520000e-27  4.800000e-27  1.520000e-26  4.800000e-26  1.520000e-25  4.800000e-25  1.520000e-24  4.800000e-24  1.520000e-23  4.790000e-23  1.510000e-22  4.670000e-22  1.390000e-21  3.480000e-21  4.810000e-21  2.760000e-21  1.020000e-21  3.380000e-22  1.080000e-22  3.430000e-23  
62.498000  9.570000e-28  3.030000e-27  9.570000e-27  3.030000e-26  9.570000e-26  3.030000e-25  9.570000e-25  3.030000e-24  9.570000e-24  3.030000e-23  9.570000e-23  3.000000e-22  9.180000e-22  2.650000e-21  6.020000e-21  7.360000e-21  4.080000e-21  1.520000e-21  5.040000e-22  1.620000e-22  5.150000e-23  
62.499000  2.360000e-27  7.470000e-27  2.360000e-26  7.470000e-26  2.360000e-25  7.470000e-25  2.360000e-24  7.470000e-24  2.360000e-23  7.470000e-23  2.360000e-22  7.290000e-22  2.190000e-21  5.960000e-21  1.240000e-20  1.370000e-20  7.690000e-21  2.970000e-21  1.000000e-21  3.230000e-22  1.030000e-22  
62.500000  4.550000e-27  1.440000e-26  4.550000e-26  1.440000e-25  4.560000e-25  1.440000e-24  4.550000e-24  1.440000e-23  4.550000e-23  1.440000e-22  4.550000e-22  1.440000e-21  4.550000e-21  1.440000e-20  4.550000e-20  1.440000e-19  4.550000e-19  1.440000e-18  4.550000e-18  1.440000e-17  4.550000e-17  
62.501000  2.300000e-27  7.280000e-27  2.300000e-26  7.280000e-26  2.300000e-25  7.280000e-25  2.300000e-24  7.280000e-24  2.300000e-23  7.280000e-23  2.300000e-22  7.280000e-22  2.300000e-21  7.280000e-21  2.300000e-20  7.280000e-20  2.300000e-19  7.280000e-19  2.300000e-18  7.290000e-18  2.300000e-17  
62.502000  9.380000e-28  2.960000e-27  9.380000e-27  2.970000e-26  9.380000e-26  2.960000e-25  9.380000e-25  2.960000e-24  9.380000e-24  2.960000e-23  9.370000e-23  2.970000e-22  9.380000e-22  2.960000e-21  9.370000e-21  2.960000e-20  9.380000e-20  2.960000e-19  9.370000e-19  2.960000e-18  9.380000e-18  
62.503000  4.720000e-28  1.490000e-27  4.720000e-27  1.490000e-26  4.720000e-26  1.490000e-25  4.720000e-25  1.490000e-24  4.730000e-24  1.490000e-23  4.720000e-23  1.490000e-22  4.720000e-22  1.490000e-21  4.720000e-21  1.490000e-20  4.720000e-20  1.490000e-19  4.720000e-19  1.490000e-18  4.720000e-18  
62.505000  1.830000e-28  5.780000e-28  1.830000e-27  5.780000e-27  1.830000e-26  5.780000e-26  1.830000e-25  5.780000e-25  1.830000e-24  5.780000e-24  1.830000e-23  5.780000e-23  1.830000e-22  5.780000e-22  1.830000e-21  5.780000e-21  1.830000e-20  5.780000e-20  1.830000e-19  5.780000e-19  1.830000e-18  
62.507000  9.530000e-29  3.010000e-28  9.530000e-28  3.010000e-27  9.520000e-27  3.010000e-26  9.520000e-26  3.010000e-25  9.530000e-25  3.010000e-24  9.520000e-24  3.010000e-23  9.530000e-23  3.010000e-22  9.530000e-22  3.010000e-21  9.530000e-21  3.010000e-20  9.530000e-20  3.010000e-19  9.520000e-19  
62.510000  4.730000e-29  1.490000e-28  4.720000e-28  1.490000e-27  4.720000e-27  1.490000e-26  4.720000e-26  1.490000e-25  4.720000e-25  1.490000e-24  4.730000e-24  1.490000e-23  4.730000e-23  1.490000e-22  4.720000e-22  1.490000e-21  4.720000e-21  1.490000e-20  4.720000e-20  1.490000e-19  4.730000e-19  
62.515000  2.110000e-29  6.680000e-29  2.110000e-28  6.680000e-28  2.110000e-27  6.680000e-27  2.110000e-26  6.680000e-26  2.110000e-25  6.680000e-25  2.110000e-24  6.680000e-24  2.110000e-23  6.690000e-23  2.110000e-22  6.690000e-22  2.110000e-21  6.680000e-21  2.110000e-20  6.680000e-20  2.110000e-19  
62.520000  1.190000e-29  3.770000e-29  1.190000e-28  3.770000e-28  1.190000e-27  3.770000e-27  1.190000e-26  3.770000e-26  1.190000e-25  3.770000e-25  1.190000e-24  3.770000e-24  1.190000e-23  3.770000e-23  1.190000e-22  3.770000e-22  1.190000e-21  3.770000e-21  1.190000e-20  3.770000e-20  1.190000e-19  
62.525000  7.640000e-30  2.410000e-29  7.640000e-29  2.420000e-28  7.640000e-28  2.420000e-27  7.640000e-27  2.420000e-26  7.640000e-26  2.420000e-25  7.640000e-25  2.420000e-24  7.640000e-24  2.410000e-23  7.640000e-23  2.420000e-22  7.640000e-22  2.410000e-21  7.640000e-21  2.420000e-20  7.640000e-20  
62.530000  5.310000e-30  1.680000e-29  5.310000e-29  1.680000e-28  5.310000e-28  1.680000e-27  5.310000e-27  1.680000e-26  5.310000e-26  1.680000e-25  5.310000e-25  1.680000e-24  5.310000e-24  1.680000e-23  5.310000e-23  1.680000e-22  5.310000e-22  1.680000e-21  5.310000e-21  1.680000e-20  5.310000e-20  
62.540000  2.990000e-30  9.450000e-30  2.990000e-29  9.450000e-29  2.990000e-28  9.460000e-28  2.990000e-27  9.460000e-27  2.990000e-26  9.460000e-26  2.990000e-25  9.460000e-25  2.990000e-24  9.450000e-24  2.990000e-23  9.450000e-23  2.990000e-22  9.460000e-22  2.990000e-21  9.450000e-21  2.990000e-20  
62.550000  1.910000e-30  6.060000e-30  1.920000e-29  6.060000e-29  1.920000e-28  6.050000e-28  1.920000e-27  6.060000e-27  1.920000e-26  6.050000e-26  1.920000e-25  6.060000e-25  1.920000e-24  6.060000e-24  1.910000e-23  6.060000e-23  1.920000e-22  6.060000e-22  1.910000e-21  6.060000e-21  1.910000e-20  
62.570000  9.780000e-31  3.090000e-30  9.780000e-30  3.090000e-29  9.780000e-29  3.090000e-28  9.790000e-28  3.090000e-27  9.780000e-27  3.090000e-26  9.790000e-26  3.090000e-25  9.780000e-25  3.090000e-24  9.790000e-24  3.090000e-23  9.790000e-23  3.090000e-22  9.780000e-22  3.090000e-21  9.780000e-21  
62.600000  4.800000e-31  1.520000e-30  4.800000e-30  1.520000e-29  4.800000e-29  1.520000e-28  4.800000e-28  1.520000e-27  4.800000e-27  1.520000e-26  4.800000e-26  1.520000e-25  4.800000e-25  1.520000e-24  4.800000e-24  1.520000e-23  4.800000e-23  1.520000e-22  4.800000e-22  1.520000e-21  4.800000e-21  
62.650000  2.140000e-31  6.760000e-31  2.140000e-30  6.760000e-30  2.140000e-29  6.760000e-29  2.140000e-28  6.760000e-28  2.140000e-27  6.750000e-27  2.140000e-26  6.760000e-26  2.140000e-25  6.760000e-25  2.140000e-24  6.760000e-24  2.140000e-23  6.760000e-23  2.140000e-22  6.760000e-22  2.140000e-21  
62.700000  1.200000e-31  3.810000e-31  1.200000e-30  3.810000e-30  1.200000e-29  3.810000e-29  1.200000e-28  3.810000e-28  1.200000e-27  3.810000e-27  1.200000e-26  3.810000e-26  1.210000e-25  3.810000e-25  1.200000e-24  3.810000e-24  1.200000e-23  3.810000e-23  1.200000e-22  3.810000e-22  1.210000e-21  
62.800000  5.370000e-32  1.700000e-31  5.370000e-31  1.700000e-30  5.380000e-30  1.700000e-29  5.370000e-29  1.700000e-28  5.380000e-28  1.700000e-27  5.370000e-27  1.700000e-26  5.380000e-26  1.700000e-25  5.370000e-25  1.700000e-24  5.370000e-24  1.700000e-23  5.370000e-23  1.700000e-22  5.370000e-22  
63.000000  1.950000e-32  6.160000e-32  1.950000e-31  6.160000e-31  1.950000e-30  6.160000e-30  1.950000e-29  6.160000e-29  1.950000e-28  6.160000e-28  1.950000e-27  6.170000e-27  1.950000e-26  6.160000e-26  1.950000e-25  6.160000e-25  1.950000e-24  6.160000e-24  1.950000e-23  6.160000e-23  1.950000e-22  
63.200000  1.000000e-32  3.170000e-32  1.000000e-31  3.170000e-31  1.000000e-30  3.170000e-30  1.000000e-29  3.170000e-29  1.000000e-28  3.170000e-28  1.000000e-27  3.170000e-27  1.000000e-26  3.170000e-26  1.000000e-25  3.170000e-25  1.000000e-24  3.170000e-24  1.000000e-23  3.170000e-23  1.000000e-22  
63.600000  4.120000e-33  1.300000e-32  4.120000e-32  1.300000e-31  4.120000e-31  1.300000e-30  4.120000e-30  1.300000e-29  4.120000e-29  1.300000e-28  4.120000e-28  1.300000e-27  4.120000e-27  1.300000e-26  4.120000e-26  1.300000e-25  4.120000e-25  1.300000e-24  4.120000e-24  1.300000e-23  4.120000e-23  
64.200000  1.760000e-33  5.580000e-33  1.760000e-32  5.580000e-32  1.770000e-31  5.580000e-31  1.760000e-30  5.580000e-30  1.760000e-29  5.580000e-29  1.760000e-28  5.580000e-28  1.760000e-27  5.580000e-27  1.760000e-26  5.580000e-26  1.760000e-25  5.580000e-25  1.760000e-24  5.580000e-24  1.760000e-23  
65.500000  5.960000e-34  1.880000e-33  5.950000e-33  1.880000e-32  5.950000e-32  1.880000e-31  5.950000e-31  1.880000e-30  5.950000e-30  1.880000e-29  5.960000e-29  1.880000e-28  5.960000e-28  1.880000e-27  5.950000e-27  1.880000e-26  5.960000e-26  1.880000e-25  5.960000e-25  1.880000e-24  5.960000e-24  
67.030000  2.780000e-34  8.770000e-34  2.780000e-33  8.780000e-33  2.780000e-32  8.780000e-32  2.780000e-31  8.780000e-31  2.780000e-30  8.770000e-30  2.780000e-29  8.780000e-29  2.780000e-28  8.770000e-28  2.780000e-27  8.780000e-27  2.780000e-26  8.780000e-26  2.780000e-25  8.780000e-25  2.780000e-24  
68.610000  1.630000e-34  5.150000e-34  1.630000e-33  5.160000e-33  1.630000e-32  5.150000e-32  1.630000e-31  5.160000e-31  1.630000e-30  5.160000e-30  1.630000e-29  5.160000e-29  1.630000e-28  5.150000e-28  1.630000e-27  5.160000e-27  1.630000e-26  5.160000e-26  1.630000e-25  5.160000e-25  1.630000e-24  
70.220000  1.100000e-34  3.470000e-34  1.100000e-33  3.470000e-33  1.100000e-32  3.470000e-32  1.100000e-31  3.470000e-31  1.100000e-30  3.470000e-30  1.100000e-29  3.470000e-29  1.100000e-28  3.470000e-28  1.100000e-27  3.470000e-27  1.100000e-26  3.470000e-26  1.100000e-25  3.470000e-25  1.100000e-24  
71.880000  8.060000e-35  2.540000e-34  8.050000e-34  2.550000e-33  8.060000e-33  2.550000e-32  8.050000e-32  2.550000e-31  8.050000e-31  2.550000e-30  8.050000e-30  2.540000e-29  8.050000e-29  2.550000e-28  8.050000e-28  2.550000e-27  8.050000e-27  2.550000e-26  8.050000e-26  2.550000e-25  8.050000e-25  
73.567595  6.330000e-35  2.000000e-34  6.330000e-34  2.000000e-33  6.330000e-33  2.000000e-32  6.330000e-32  2.000000e-31  6.330000e-31  2.000000e-30  6.320000e-30  2.000000e-29  6.330000e-29  2.000000e-28  6.330000e-28  2.000000e-27  6.330000e-27  2.000000e-26  6.330000e-26  2.000000e-25  6.330000e-25  
75.298716  5.260000e-35  1.660000e-34  5.260000e-34  1.660000e-33  5.260000e-33  1.660000e-32  5.260000e-32  1.660000e-31  5.260000e-31  1.660000e-30  5.260000e-30  1.660000e-29  5.260000e-29  1.660000e-28  5.260000e-28  1.660000e-27  5.260000e-27  1.660000e-26  5.260000e-26  1.660000e-25  5.260000e-25  
77.070572  4.630000e-35  1.460000e-34  4.630000e-34  1.460000e-33  4.630000e-33  1.460000e-32  4.630000e-32  1.460000e-31  4.630000e-31  1.460000e-30  4.630000e-30  1.460000e-29  4.630000e-29  1.460000e-28  4.630000e-28  1.460000e-27  4.630000e-27  1.460000e-26  4.630000e-26  1.460000e-25  4.630000e-25  
78.884121  4.450000e-35  1.410000e-34  4.450000e-34  1.410000e-33  4.450000e-33  1.410000e-32  4.450000e-32  1.410000e-31  4.450000e-31  1.410000e-30  4.450000e-30  1.410000e-29  4.450000e-29  1.410000e-28  4.450000e-28  1.410000e-27  4.450000e-27  1.410000e-26  4.450000e-26  1.410000e-25  4.450000e-25  
80.740345  4.730000e-35  1.500000e-34  4.730000e-34  1.500000e-33  4.730000e-33  1.490000e-32  4.730000e-32  1.490000e-31  4.730000e-31  1.490000e-30  4.730000e-30  1.490000e-29  4.730000e-29  1.490000e-28  4.730000e-28  1.490000e-27  4.730000e-27  1.490000e-26  4.730000e-26  1.490000e-25  4.730000e-25  
82.640248  3.870000e-35  1.230000e-34  3.880000e-34  1.230000e-33  3.880000e-33  1.230000e-32  3.870000e-32  1.230000e-31  3.880000e-31  1.220000e-30  3.880000e-30  1.230000e-29  3.880000e-29  1.230000e-28  3.880000e-28  1.230000e-27  3.880000e-27  1.220000e-26  3.880000e-26  1.230000e-25  3.880000e-25  
84.584857  3.210000e-35  1.020000e-34  3.210000e-34  1.020000e-33  3.210000e-33  1.020000e-32  3.210000e-32  1.020000e-31  3.210000e-31  1.020000e-30  3.210000e-30  1.020000e-29  3.210000e-29  1.020000e-28  3.210000e-28  1.020000e-27  3.210000e-27  1.020000e-26  3.210000e-26  1.020000e-25  3.210000e-25  
86.575226  2.690000e-35  8.490000e-35  2.690000e-34  8.500000e-34  2.690000e-33  8.500000e-33  2.690000e-32  8.490000e-32  2.690000e-31  8.500000e-31  2.690000e-30  8.500000e-30  2.690000e-29  8.500000e-29  2.690000e-28  8.500000e-28  2.690000e-27  8.490000e-27  2.690000e-26  8.490000e-26  2.690000e-25  
88.612429  2.260000e-35  7.160000e-35  2.260000e-34  7.160000e-34  2.260000e-33  7.160000e-33  2.260000e-32  7.160000e-32  2.260000e-31  7.160000e-31  2.260000e-30  7.160000e-30  2.270000e-29  7.160000e-29  2.260000e-28  7.160000e-28  2.270000e-27  7.160000e-27  2.260000e-26  7.160000e-26  2.270000e-25  
90.697570  1.920000e-35  6.070000e-35  1.920000e-34  6.070000e-34  1.920000e-33  6.070000e-33  1.920000e-32  6.070000e-32  1.920000e-31  6.070000e-31  1.920000e-30  6.070000e-30  1.920000e-29  6.070000e-29  1.920000e-28  6.070000e-28  1.920000e-27  6.070000e-27  1.920000e-26  6.070000e-26  1.920000e-25  
92.831777  1.640000e-35  5.170000e-35  1.640000e-34  5.180000e-34  1.640000e-33  5.170000e-33  1.640000e-32  5.180000e-32  1.640000e-31  5.170000e-31  1.640000e-30  5.180000e-30  1.640000e-29  5.180000e-29  1.640000e-28  5.170000e-28  1.640000e-27  5.180000e-27  1.640000e-26  5.180000e-26  1.640000e-25  
95.016203  1.400000e-35  4.430000e-35  1.400000e-34  4.430000e-34  1.400000e-33  4.430000e-33  1.400000e-32  4.430000e-32  1.400000e-31  4.430000e-31  1.400000e-30  4.430000e-30  1.400000e-29  4.430000e-29  1.400000e-28  4.430000e-28  1.400000e-27  4.430000e-27  1.400000e-26  4.430000e-26  1.400000e-25  
97.252032  1.210000e-35  3.810000e-35  1.210000e-34  3.810000e-34  1.210000e-33  3.810000e-33  1.210000e-32  3.810000e-32  1.210000e-31  3.810000e-31  1.210000e-30  3.810000e-30  1.210000e-29  3.810000e-29  1.210000e-28  3.810000e-28  1.210000e-27  3.810000e-27  1.210000e-26  3.810000e-26  1.210000e-25  
99.540471  1.040000e-35  3.290000e-35  1.040000e-34  3.290000e-34  1.040000e-33  3.290000e-33  1.040000e-32  3.290000e-32  1.040000e-31  3.290000e-31  1.040000e-30  3.290000e-30  1.040000e-29  3.290000e-29  1.040000e-28  3.290000e-28  1.040000e-27  3.290000e-27  1.040000e-26  3.290000e-26  1.040000e-25  
101.882760  9.020000e-36  2.850000e-35  9.010000e-35  2.850000e-34  9.020000e-34  2.850000e-33  9.020000e-33  2.850000e-32  9.020000e-32  2.850000e-31  9.010000e-31  2.850000e-30  9.020000e-30  2.850000e-29  9.020000e-29  2.850000e-28  9.020000e-28  2.850000e-27  9.020000e-27  2.850000e-26  9.020000e-26  
104.280166  0.000000e+00  0.000000e+00  0.000000e+00  0.000000e+00  0.000000e+00  0.000000e+00  0.000000e+00  0.000000e+00  0.000000e+00  0.000000e+00  0.000000e+00  0.000000e+00  0.000000e+00  0.000000e+00  0.000000e+00  0.000000e+00  0.000000e+00  0.000000e+00  0.000000e+00  0.000000e+00  0.000000e+00  
106.733985  0.000000e+00  0.000000e+00  0.000000e+00  0.000000e+00  0.000000e+00  0.000000e+00  0.000000e+00  0.000000e+00  0.000000e+00  0.000000e+00  0.000000e+00  0.000000e+00  0.000000e+00  0.000000e+00  0.000000e+00  0.000000e+00  0.000000e+00  0.000000e+00  0.000000e+00  0.000000e+00  0.000000e+00  
109.245544  0.000000e+00  0.000000e+00  0.000000e+00  0.000000e+00  0.000000e+00  0.000000e+00  0.000000e+00  0.000000e+00  0.000000e+00  0.000000e+00  0.000000e+00  0.000000e+00  0.000000e+00  0.000000e+00  0.000000e+00  0.000000e+00  0.000000e+00  0.000000e+00  0.000000e+00  0.000000e+00  0.000000e+00  
111.816204  0.000000e+00  0.000000e+00  0.000000e+00  0.000000e+00  0.000000e+00  0.000000e+00  0.000000e+00  0.000000e+00  0.000000e+00  0.000000e+00  0.000000e+00  0.000000e+00  0.000000e+00  0.000000e+00  0.000000e+00  0.000000e+00  0.000000e+00  0.000000e+00  0.000000e+00  0.000000e+00  0.000000e+00  
114.447353  0.000000e+00  0.000000e+00  0.000000e+00  0.000000e+00  0.000000e+00  0.000000e+00  0.000000e+00  0.000000e+00  0.000000e+00  0.000000e+00  0.000000e+00  0.000000e+00  0.000000e+00  0.000000e+00  0.000000e+00  0.000000e+00  0.000000e+00  0.000000e+00  0.000000e+00  0.000000e+00  0.000000e+00  
117.140416  0.000000e+00  0.000000e+00  0.000000e+00  0.000000e+00  0.000000e+00  0.000000e+00  0.000000e+00  0.000000e+00  0.000000e+00  0.000000e+00  0.000000e+00  0.000000e+00  0.000000e+00  0.000000e+00  0.000000e+00  0.000000e+00  0.000000e+00  0.000000e+00  0.000000e+00  0.000000e+00  0.000000e+00  
119.896850  0.000000e+00  0.000000e+00  0.000000e+00  0.000000e+00  0.000000e+00  0.000000e+00  0.000000e+00  0.000000e+00  0.000000e+00  0.000000e+00  0.000000e+00  0.000000e+00  0.000000e+00  0.000000e+00  0.000000e+00  0.000000e+00  0.000000e+00  0.000000e+00  0.000000e+00  0.000000e+00  0.000000e+00  
122.718145  0.000000e+00  0.000000e+00  0.000000e+00  0.000000e+00  0.000000e+00  0.000000e+00  0.000000e+00  0.000000e+00  0.000000e+00  0.000000e+00  0.000000e+00  0.000000e+00  0.000000e+00  0.000000e+00  0.000000e+00  0.000000e+00  0.000000e+00  0.000000e+00  0.000000e+00  0.000000e+00  0.000000e+00  
125.605829  0.000000e+00  0.000000e+00  0.000000e+00  0.000000e+00  0.000000e+00  0.000000e+00  0.000000e+00  0.000000e+00  0.000000e+00  0.000000e+00  0.000000e+00  0.000000e+00  0.000000e+00  0.000000e+00  0.000000e+00  0.000000e+00  0.000000e+00  0.000000e+00  0.000000e+00  0.000000e+00  0.000000e+00  
128.561462  0.000000e+00  0.000000e+00  0.000000e+00  0.000000e+00  0.000000e+00  0.000000e+00  0.000000e+00  0.000000e+00  0.000000e+00  0.000000e+00  0.000000e+00  0.000000e+00  0.000000e+00  0.000000e+00  0.000000e+00  0.000000e+00  0.000000e+00  0.000000e+00  0.000000e+00  0.000000e+00  0.000000e+00  
131.586645  0.000000e+00  0.000000e+00  0.000000e+00  0.000000e+00  0.000000e+00  0.000000e+00  0.000000e+00  0.000000e+00  0.000000e+00  0.000000e+00  0.000000e+00  0.000000e+00  0.000000e+00  0.000000e+00  0.000000e+00  0.000000e+00  0.000000e+00  0.000000e+00  0.000000e+00  0.000000e+00  0.000000e+00  
134.683013  0.000000e+00  0.000000e+00  0.000000e+00  0.000000e+00  0.000000e+00  0.000000e+00  0.000000e+00  0.000000e+00  0.000000e+00  0.000000e+00  0.000000e+00  0.000000e+00  0.000000e+00  0.000000e+00  0.000000e+00  0.000000e+00  0.000000e+00  0.000000e+00  0.000000e+00  0.000000e+00  0.000000e+00  
137.852242  0.000000e+00  0.000000e+00  0.000000e+00  0.000000e+00  0.000000e+00  0.000000e+00  0.000000e+00  0.000000e+00  0.000000e+00  0.000000e+00  0.000000e+00  0.000000e+00  0.000000e+00  0.000000e+00  0.000000e+00  0.000000e+00  0.000000e+00  0.000000e+00  0.000000e+00  0.000000e+00  0.000000e+00  
141.096046  0.000000e+00  0.000000e+00  0.000000e+00  0.000000e+00  0.000000e+00  0.000000e+00  0.000000e+00  0.000000e+00  0.000000e+00  0.000000e+00  0.000000e+00  0.000000e+00  0.000000e+00  0.000000e+00  0.000000e+00  0.000000e+00  0.000000e+00  0.000000e+00  0.000000e+00  0.000000e+00  0.000000e+00  
144.416180  0.000000e+00  0.000000e+00  0.000000e+00  0.000000e+00  0.000000e+00  0.000000e+00  0.000000e+00  0.000000e+00  0.000000e+00  0.000000e+00  0.000000e+00  0.000000e+00  0.000000e+00  0.000000e+00  0.000000e+00  0.000000e+00  0.000000e+00  0.000000e+00  0.000000e+00  0.000000e+00  0.000000e+00  
147.814441  0.000000e+00  0.000000e+00  0.000000e+00  0.000000e+00  0.000000e+00  0.000000e+00  0.000000e+00  0.000000e+00  0.000000e+00  0.000000e+00  0.000000e+00  0.000000e+00  0.000000e+00  0.000000e+00  0.000000e+00  0.000000e+00  0.000000e+00  0.000000e+00  0.000000e+00  0.000000e+00  0.000000e+00  
151.292666  0.000000e+00  0.000000e+00  0.000000e+00  0.000000e+00  0.000000e+00  0.000000e+00  0.000000e+00  0.000000e+00  0.000000e+00  0.000000e+00  0.000000e+00  0.000000e+00  0.000000e+00  0.000000e+00  0.000000e+00  0.000000e+00  0.000000e+00  0.000000e+00  0.000000e+00  0.000000e+00  0.000000e+00  
154.852737  0.000000e+00  0.000000e+00  0.000000e+00  0.000000e+00  0.000000e+00  0.000000e+00  0.000000e+00  0.000000e+00  0.000000e+00  0.000000e+00  0.000000e+00  0.000000e+00  0.000000e+00  0.000000e+00  0.000000e+00  0.000000e+00  0.000000e+00  0.000000e+00  0.000000e+00  0.000000e+00  0.000000e+00  
158.496580  0.000000e+00  0.000000e+00  0.000000e+00  0.000000e+00  0.000000e+00  0.000000e+00  0.000000e+00  0.000000e+00  0.000000e+00  0.000000e+00  0.000000e+00  0.000000e+00  0.000000e+00  0.000000e+00  0.000000e+00  0.000000e+00  0.000000e+00  0.000000e+00  0.000000e+00  0.000000e+00  0.000000e+00  
162.226166  0.000000e+00  0.000000e+00  0.000000e+00  0.000000e+00  0.000000e+00  0.000000e+00  0.000000e+00  0.000000e+00  0.000000e+00  0.000000e+00  0.000000e+00  0.000000e+00  0.000000e+00  0.000000e+00  0.000000e+00  0.000000e+00  0.000000e+00  0.000000e+00  0.000000e+00  0.000000e+00  0.000000e+00  
166.043514  0.000000e+00  0.000000e+00  0.000000e+00  0.000000e+00  0.000000e+00  0.000000e+00  0.000000e+00  0.000000e+00  0.000000e+00  0.000000e+00  0.000000e+00  0.000000e+00  0.000000e+00  0.000000e+00  0.000000e+00  0.000000e+00  0.000000e+00  0.000000e+00  0.000000e+00  0.000000e+00  0.000000e+00  
169.950687  0.000000e+00  0.000000e+00  0.000000e+00  0.000000e+00  0.000000e+00  0.000000e+00  0.000000e+00  0.000000e+00  0.000000e+00  0.000000e+00  0.000000e+00  0.000000e+00  0.000000e+00  0.000000e+00  0.000000e+00  0.000000e+00  0.000000e+00  0.000000e+00  0.000000e+00  0.000000e+00  0.000000e+00  
173.949801  0.000000e+00  0.000000e+00  0.000000e+00  0.000000e+00  0.000000e+00  0.000000e+00  0.000000e+00  0.000000e+00  0.000000e+00  0.000000e+00  0.000000e+00  0.000000e+00  0.000000e+00  0.000000e+00  0.000000e+00  0.000000e+00  0.000000e+00  0.000000e+00  0.000000e+00  0.000000e+00  0.000000e+00  
178.043017  0.000000e+00  0.000000e+00  0.000000e+00  0.000000e+00  0.000000e+00  0.000000e+00  0.000000e+00  0.000000e+00  0.000000e+00  0.000000e+00  0.000000e+00  0.000000e+00  0.000000e+00  0.000000e+00  0.000000e+00  0.000000e+00  0.000000e+00  0.000000e+00  0.000000e+00  0.000000e+00  0.000000e+00  
182.232551  0.000000e+00  0.000000e+00  0.000000e+00  0.000000e+00  0.000000e+00  0.000000e+00  0.000000e+00  0.000000e+00  0.000000e+00  0.000000e+00  0.000000e+00  0.000000e+00  0.000000e+00  0.000000e+00  0.000000e+00  0.000000e+00  0.000000e+00  0.000000e+00  0.000000e+00  0.000000e+00  0.000000e+00  
186.520669  0.000000e+00  0.000000e+00  0.000000e+00  0.000000e+00  0.000000e+00  0.000000e+00  0.000000e+00  0.000000e+00  0.000000e+00  0.000000e+00  0.000000e+00  0.000000e+00  0.000000e+00  0.000000e+00  0.000000e+00  0.000000e+00  0.000000e+00  0.000000e+00  0.000000e+00  0.000000e+00  0.000000e+00  
190.909691  0.000000e+00  0.000000e+00  0.000000e+00  0.000000e+00  0.000000e+00  0.000000e+00  0.000000e+00  0.000000e+00  0.000000e+00  0.000000e+00  0.000000e+00  0.000000e+00  0.000000e+00  0.000000e+00  0.000000e+00  0.000000e+00  0.000000e+00  0.000000e+00  0.000000e+00  0.000000e+00  0.000000e+00  
195.401991  0.000000e+00  0.000000e+00  0.000000e+00  0.000000e+00  0.000000e+00  0.000000e+00  0.000000e+00  0.000000e+00  0.000000e+00  0.000000e+00  0.000000e+00  0.000000e+00  0.000000e+00  0.000000e+00  0.000000e+00  0.000000e+00  0.000000e+00  0.000000e+00  0.000000e+00  0.000000e+00  0.000000e+00  
200.000000  0.000000e+00  0.000000e+00  0.000000e+00  0.000000e+00  0.000000e+00  0.000000e+00  0.000000e+00  0.000000e+00  0.000000e+00  0.000000e+00  0.000000e+00  0.000000e+00  0.000000e+00  0.000000e+00  0.000000e+00  0.000000e+00  0.000000e+00  0.000000e+00  0.000000e+00  0.000000e+00  0.000000e+00  
209.622627  0.000000e+00  0.000000e+00  0.000000e+00  0.000000e+00  0.000000e+00  0.000000e+00  0.000000e+00  0.000000e+00  0.000000e+00  0.000000e+00  0.000000e+00  0.000000e+00  0.000000e+00  0.000000e+00  0.000000e+00  0.000000e+00  0.000000e+00  0.000000e+00  0.000000e+00  0.000000e+00  0.000000e+00  
219.708228  0.000000e+00  0.000000e+00  0.000000e+00  0.000000e+00  0.000000e+00  0.000000e+00  0.000000e+00  0.000000e+00  0.000000e+00  0.000000e+00  0.000000e+00  0.000000e+00  0.000000e+00  0.000000e+00  0.000000e+00  0.000000e+00  0.000000e+00  0.000000e+00  0.000000e+00  0.000000e+00  0.000000e+00  
230.279080  0.000000e+00  0.000000e+00  0.000000e+00  0.000000e+00  0.000000e+00  0.000000e+00  0.000000e+00  0.000000e+00  0.000000e+00  0.000000e+00  0.000000e+00  0.000000e+00  0.000000e+00  0.000000e+00  0.000000e+00  0.000000e+00  0.000000e+00  0.000000e+00  0.000000e+00  0.000000e+00  0.000000e+00  
241.358528  0.000000e+00  0.000000e+00  0.000000e+00  0.000000e+00  0.000000e+00  0.000000e+00  0.000000e+00  0.000000e+00  0.000000e+00  0.000000e+00  0.000000e+00  0.000000e+00  0.000000e+00  0.000000e+00  0.000000e+00  0.000000e+00  0.000000e+00  0.000000e+00  0.000000e+00  0.000000e+00  0.000000e+00  
252.971043  0.000000e+00  0.000000e+00  0.000000e+00  0.000000e+00  0.000000e+00  0.000000e+00  0.000000e+00  0.000000e+00  0.000000e+00  0.000000e+00  0.000000e+00  0.000000e+00  0.000000e+00  0.000000e+00  0.000000e+00  0.000000e+00  0.000000e+00  0.000000e+00  0.000000e+00  0.000000e+00  0.000000e+00  
265.142273  0.000000e+00  0.000000e+00  0.000000e+00  0.000000e+00  0.000000e+00  0.000000e+00  0.000000e+00  0.000000e+00  0.000000e+00  0.000000e+00  0.000000e+00  0.000000e+00  0.000000e+00  0.000000e+00  0.000000e+00  0.000000e+00  0.000000e+00  0.000000e+00  0.000000e+00  0.000000e+00  0.000000e+00  
277.899099  0.000000e+00  0.000000e+00  0.000000e+00  0.000000e+00  0.000000e+00  0.000000e+00  0.000000e+00  0.000000e+00  0.000000e+00  0.000000e+00  0.000000e+00  0.000000e+00  0.000000e+00  0.000000e+00  0.000000e+00  0.000000e+00  0.000000e+00  0.000000e+00  0.000000e+00  0.000000e+00  0.000000e+00  
291.269696  0.000000e+00  0.000000e+00  0.000000e+00  0.000000e+00  0.000000e+00  0.000000e+00  0.000000e+00  0.000000e+00  0.000000e+00  0.000000e+00  0.000000e+00  0.000000e+00  0.000000e+00  0.000000e+00  0.000000e+00  0.000000e+00  0.000000e+00  0.000000e+00  0.000000e+00  0.000000e+00  0.000000e+00  
305.283593  0.000000e+00  0.000000e+00  0.000000e+00  0.000000e+00  0.000000e+00  0.000000e+00  0.000000e+00  0.000000e+00  0.000000e+00  0.000000e+00  0.000000e+00  0.000000e+00  0.000000e+00  0.000000e+00  0.000000e+00  0.000000e+00  0.000000e+00  0.000000e+00  0.000000e+00  0.000000e+00  0.000000e+00  
319.971744  0.000000e+00  0.000000e+00  0.000000e+00  0.000000e+00  0.000000e+00  0.000000e+00  0.000000e+00  0.000000e+00  0.000000e+00  0.000000e+00  0.000000e+00  0.000000e+00  0.000000e+00  0.000000e+00  0.000000e+00  0.000000e+00  0.000000e+00  0.000000e+00  0.000000e+00  0.000000e+00  0.000000e+00  
335.366587  0.000000e+00  0.000000e+00  0.000000e+00  0.000000e+00  0.000000e+00  0.000000e+00  0.000000e+00  0.000000e+00  0.000000e+00  0.000000e+00  0.000000e+00  0.000000e+00  0.000000e+00  0.000000e+00  0.000000e+00  0.000000e+00  0.000000e+00  0.000000e+00  0.000000e+00  0.000000e+00  0.000000e+00  
351.502125  0.000000e+00  0.000000e+00  0.000000e+00  0.000000e+00  0.000000e+00  0.000000e+00  0.000000e+00  0.000000e+00  0.000000e+00  0.000000e+00  0.000000e+00  0.000000e+00  0.000000e+00  0.000000e+00  0.000000e+00  0.000000e+00  0.000000e+00  0.000000e+00  0.000000e+00  0.000000e+00  0.000000e+00  
368.413994  0.000000e+00  0.000000e+00  0.000000e+00  0.000000e+00  0.000000e+00  0.000000e+00  0.000000e+00  0.000000e+00  0.000000e+00  0.000000e+00  0.000000e+00  0.000000e+00  0.000000e+00  0.000000e+00  0.000000e+00  0.000000e+00  0.000000e+00  0.000000e+00  0.000000e+00  0.000000e+00  0.000000e+00  
386.139546  0.000000e+00  0.000000e+00  0.000000e+00  0.000000e+00  0.000000e+00  0.000000e+00  0.000000e+00  0.000000e+00  0.000000e+00  0.000000e+00  0.000000e+00  0.000000e+00  0.000000e+00  0.000000e+00  0.000000e+00  0.000000e+00  0.000000e+00  0.000000e+00  0.000000e+00  0.000000e+00  0.000000e+00  
404.717930  0.000000e+00  0.000000e+00  0.000000e+00  0.000000e+00  0.000000e+00  0.000000e+00  0.000000e+00  0.000000e+00  0.000000e+00  0.000000e+00  0.000000e+00  0.000000e+00  0.000000e+00  0.000000e+00  0.000000e+00  0.000000e+00  0.000000e+00  0.000000e+00  0.000000e+00  0.000000e+00  0.000000e+00  
424.190178  0.000000e+00  0.000000e+00  0.000000e+00  0.000000e+00  0.000000e+00  0.000000e+00  0.000000e+00  0.000000e+00  0.000000e+00  0.000000e+00  0.000000e+00  0.000000e+00  0.000000e+00  0.000000e+00  0.000000e+00  0.000000e+00  0.000000e+00  0.000000e+00  0.000000e+00  0.000000e+00  0.000000e+00  
444.599297  0.000000e+00  0.000000e+00  0.000000e+00  0.000000e+00  0.000000e+00  0.000000e+00  0.000000e+00  0.000000e+00  0.000000e+00  0.000000e+00  0.000000e+00  0.000000e+00  0.000000e+00  0.000000e+00  0.000000e+00  0.000000e+00  0.000000e+00  0.000000e+00  0.000000e+00  0.000000e+00  0.000000e+00  
465.990362  0.000000e+00  0.000000e+00  0.000000e+00  0.000000e+00  0.000000e+00  0.000000e+00  0.000000e+00  0.000000e+00  0.000000e+00  0.000000e+00  0.000000e+00  0.000000e+00  0.000000e+00  0.000000e+00  0.000000e+00  0.000000e+00  0.000000e+00  0.000000e+00  0.000000e+00  0.000000e+00  0.000000e+00  
488.410619  0.000000e+00  0.000000e+00  0.000000e+00  0.000000e+00  0.000000e+00  0.000000e+00  0.000000e+00  0.000000e+00  0.000000e+00  0.000000e+00  0.000000e+00  0.000000e+00  0.000000e+00  0.000000e+00  0.000000e+00  0.000000e+00  0.000000e+00  0.000000e+00  0.000000e+00  0.000000e+00  0.000000e+00  
511.909585  0.000000e+00  0.000000e+00  0.000000e+00  0.000000e+00  0.000000e+00  0.000000e+00  0.000000e+00  0.000000e+00  0.000000e+00  0.000000e+00  0.000000e+00  0.000000e+00  0.000000e+00  0.000000e+00  0.000000e+00  0.000000e+00  0.000000e+00  0.000000e+00  0.000000e+00  0.000000e+00  0.000000e+00  
536.539159  0.000000e+00  0.000000e+00  0.000000e+00  0.000000e+00  0.000000e+00  0.000000e+00  0.000000e+00  0.000000e+00  0.000000e+00  0.000000e+00  0.000000e+00  0.000000e+00  0.000000e+00  0.000000e+00  0.000000e+00  0.000000e+00  0.000000e+00  0.000000e+00  0.000000e+00  0.000000e+00  0.000000e+00  
562.353740  0.000000e+00  0.000000e+00  0.000000e+00  0.000000e+00  0.000000e+00  0.000000e+00  0.000000e+00  0.000000e+00  0.000000e+00  0.000000e+00  0.000000e+00  0.000000e+00  0.000000e+00  0.000000e+00  0.000000e+00  0.000000e+00  0.000000e+00  0.000000e+00  0.000000e+00  0.000000e+00  0.000000e+00  
589.410341  0.000000e+00  0.000000e+00  0.000000e+00  0.000000e+00  0.000000e+00  0.000000e+00  0.000000e+00  0.000000e+00  0.000000e+00  0.000000e+00  0.000000e+00  0.000000e+00  0.000000e+00  0.000000e+00  0.000000e+00  0.000000e+00  0.000000e+00  0.000000e+00  0.000000e+00  0.000000e+00  0.000000e+00  
617.768719  0.000000e+00  0.000000e+00  0.000000e+00  0.000000e+00  0.000000e+00  0.000000e+00  0.000000e+00  0.000000e+00  0.000000e+00  0.000000e+00  0.000000e+00  0.000000e+00  0.000000e+00  0.000000e+00  0.000000e+00  0.000000e+00  0.000000e+00  0.000000e+00  0.000000e+00  0.000000e+00  0.000000e+00  
647.491509  0.000000e+00  0.000000e+00  0.000000e+00  0.000000e+00  0.000000e+00  0.000000e+00  0.000000e+00  0.000000e+00  0.000000e+00  0.000000e+00  0.000000e+00  0.000000e+00  0.000000e+00  0.000000e+00  0.000000e+00  0.000000e+00  0.000000e+00  0.000000e+00  0.000000e+00  0.000000e+00  0.000000e+00  
678.644354  0.000000e+00  0.000000e+00  0.000000e+00  0.000000e+00  0.000000e+00  0.000000e+00  0.000000e+00  0.000000e+00  0.000000e+00  0.000000e+00  0.000000e+00  0.000000e+00  0.000000e+00  0.000000e+00  0.000000e+00  0.000000e+00  0.000000e+00  0.000000e+00  0.000000e+00  0.000000e+00  0.000000e+00  
711.296061  0.000000e+00  0.000000e+00  0.000000e+00  0.000000e+00  0.000000e+00  0.000000e+00  0.000000e+00  0.000000e+00  0.000000e+00  0.000000e+00  0.000000e+00  0.000000e+00  0.000000e+00  0.000000e+00  0.000000e+00  0.000000e+00  0.000000e+00  0.000000e+00  0.000000e+00  0.000000e+00  0.000000e+00  
745.518744  0.000000e+00  0.000000e+00  0.000000e+00  0.000000e+00  0.000000e+00  0.000000e+00  0.000000e+00  0.000000e+00  0.000000e+00  0.000000e+00  0.000000e+00  0.000000e+00  0.000000e+00  0.000000e+00  0.000000e+00  0.000000e+00  0.000000e+00  0.000000e+00  0.000000e+00  0.000000e+00  0.000000e+00  
781.387987  0.000000e+00  0.000000e+00  0.000000e+00  0.000000e+00  0.000000e+00  0.000000e+00  0.000000e+00  0.000000e+00  0.000000e+00  0.000000e+00  0.000000e+00  0.000000e+00  0.000000e+00  0.000000e+00  0.000000e+00  0.000000e+00  0.000000e+00  0.000000e+00  0.000000e+00  0.000000e+00  0.000000e+00  
818.983012  0.000000e+00  0.000000e+00  0.000000e+00  0.000000e+00  0.000000e+00  0.000000e+00  0.000000e+00  0.000000e+00  0.000000e+00  0.000000e+00  0.000000e+00  0.000000e+00  0.000000e+00  0.000000e+00  0.000000e+00  0.000000e+00  0.000000e+00  0.000000e+00  0.000000e+00  0.000000e+00  0.000000e+00  
858.386852  0.000000e+00  0.000000e+00  0.000000e+00  0.000000e+00  0.000000e+00  0.000000e+00  0.000000e+00  0.000000e+00  0.000000e+00  0.000000e+00  0.000000e+00  0.000000e+00  0.000000e+00  0.000000e+00  0.000000e+00  0.000000e+00  0.000000e+00  0.000000e+00  0.000000e+00  0.000000e+00  0.000000e+00  
899.686534  0.000000e+00  0.000000e+00  0.000000e+00  0.000000e+00  0.000000e+00  0.000000e+00  0.000000e+00  0.000000e+00  0.000000e+00  0.000000e+00  0.000000e+00  0.000000e+00  0.000000e+00  0.000000e+00  0.000000e+00  0.000000e+00  0.000000e+00  0.000000e+00  0.000000e+00  0.000000e+00  0.000000e+00  
942.973273  0.000000e+00  0.000000e+00  0.000000e+00  0.000000e+00  0.000000e+00  0.000000e+00  0.000000e+00  0.000000e+00  0.000000e+00  0.000000e+00  0.000000e+00  0.000000e+00  0.000000e+00  0.000000e+00  0.000000e+00  0.000000e+00  0.000000e+00  0.000000e+00  0.000000e+00  0.000000e+00  0.000000e+00  
988.342672  0.000000e+00  0.000000e+00  0.000000e+00  0.000000e+00  0.000000e+00  0.000000e+00  0.000000e+00  0.000000e+00  0.000000e+00  0.000000e+00  0.000000e+00  0.000000e+00  0.000000e+00  0.000000e+00  0.000000e+00  0.000000e+00  0.000000e+00  0.000000e+00  0.000000e+00  0.000000e+00  0.000000e+00  
1035.894940  0.000000e+00  0.000000e+00  0.000000e+00  0.000000e+00  0.000000e+00  0.000000e+00  0.000000e+00  0.000000e+00  0.000000e+00  0.000000e+00  0.000000e+00  0.000000e+00  0.000000e+00  0.000000e+00  0.000000e+00  0.000000e+00  0.000000e+00  0.000000e+00  0.000000e+00  0.000000e+00  0.000000e+00  
1085.735090  0.000000e+00  0.000000e+00  0.000000e+00  0.000000e+00  0.000000e+00  0.000000e+00  0.000000e+00  0.000000e+00  0.000000e+00  0.000000e+00  0.000000e+00  0.000000e+00  0.000000e+00  0.000000e+00  0.000000e+00  0.000000e+00  0.000000e+00  0.000000e+00  0.000000e+00  0.000000e+00  0.000000e+00  
1137.973210  0.000000e+00  0.000000e+00  0.000000e+00  0.000000e+00  0.000000e+00  0.000000e+00  0.000000e+00  0.000000e+00  0.000000e+00  0.000000e+00  0.000000e+00  0.000000e+00  0.000000e+00  0.000000e+00  0.000000e+00  0.000000e+00  0.000000e+00  0.000000e+00  0.000000e+00  0.000000e+00  0.000000e+00  
1192.724660  0.000000e+00  0.000000e+00  0.000000e+00  0.000000e+00  0.000000e+00  0.000000e+00  0.000000e+00  0.000000e+00  0.000000e+00  0.000000e+00  0.000000e+00  0.000000e+00  0.000000e+00  0.000000e+00  0.000000e+00  0.000000e+00  0.000000e+00  0.000000e+00  0.000000e+00  0.000000e+00  0.000000e+00  
1250.110390  0.000000e+00  0.000000e+00  0.000000e+00  0.000000e+00  0.000000e+00  0.000000e+00  0.000000e+00  0.000000e+00  0.000000e+00  0.000000e+00  0.000000e+00  0.000000e+00  0.000000e+00  0.000000e+00  0.000000e+00  0.000000e+00  0.000000e+00  0.000000e+00  0.000000e+00  0.000000e+00  0.000000e+00  
1310.257110  0.000000e+00  0.000000e+00  0.000000e+00  0.000000e+00  0.000000e+00  0.000000e+00  0.000000e+00  0.000000e+00  0.000000e+00  0.000000e+00  0.000000e+00  0.000000e+00  0.000000e+00  0.000000e+00  0.000000e+00  0.000000e+00  0.000000e+00  0.000000e+00  0.000000e+00  0.000000e+00  0.000000e+00  
1373.297690  0.000000e+00  0.000000e+00  0.000000e+00  0.000000e+00  0.000000e+00  0.000000e+00  0.000000e+00  0.000000e+00  0.000000e+00  0.000000e+00  0.000000e+00  0.000000e+00  0.000000e+00  0.000000e+00  0.000000e+00  0.000000e+00  0.000000e+00  0.000000e+00  0.000000e+00  0.000000e+00  0.000000e+00  
1439.371350  0.000000e+00  0.000000e+00  0.000000e+00  0.000000e+00  0.000000e+00  0.000000e+00  0.000000e+00  0.000000e+00  0.000000e+00  0.000000e+00  0.000000e+00  0.000000e+00  0.000000e+00  0.000000e+00  0.000000e+00  0.000000e+00  0.000000e+00  0.000000e+00  0.000000e+00  0.000000e+00  0.000000e+00  
1508.624010  0.000000e+00  0.000000e+00  0.000000e+00  0.000000e+00  0.000000e+00  0.000000e+00  0.000000e+00  0.000000e+00  0.000000e+00  0.000000e+00  0.000000e+00  0.000000e+00  0.000000e+00  0.000000e+00  0.000000e+00  0.000000e+00  0.000000e+00  0.000000e+00  0.000000e+00  0.000000e+00  0.000000e+00  
1581.208640  0.000000e+00  0.000000e+00  0.000000e+00  0.000000e+00  0.000000e+00  0.000000e+00  0.000000e+00  0.000000e+00  0.000000e+00  0.000000e+00  0.000000e+00  0.000000e+00  0.000000e+00  0.000000e+00  0.000000e+00  0.000000e+00  0.000000e+00  0.000000e+00  0.000000e+00  0.000000e+00  0.000000e+00  
1657.285550  0.000000e+00  0.000000e+00  0.000000e+00  0.000000e+00  0.000000e+00  0.000000e+00  0.000000e+00  0.000000e+00  0.000000e+00  0.000000e+00  0.000000e+00  0.000000e+00  0.000000e+00  0.000000e+00  0.000000e+00  0.000000e+00  0.000000e+00  0.000000e+00  0.000000e+00  0.000000e+00  0.000000e+00  
1737.022750  0.000000e+00  0.000000e+00  0.000000e+00  0.000000e+00  0.000000e+00  0.000000e+00  0.000000e+00  0.000000e+00  0.000000e+00  0.000000e+00  0.000000e+00  0.000000e+00  0.000000e+00  0.000000e+00  0.000000e+00  0.000000e+00  0.000000e+00  0.000000e+00  0.000000e+00  0.000000e+00  0.000000e+00  
1820.596360  0.000000e+00  0.000000e+00  0.000000e+00  0.000000e+00  0.000000e+00  0.000000e+00  0.000000e+00  0.000000e+00  0.000000e+00  0.000000e+00  0.000000e+00  0.000000e+00  0.000000e+00  0.000000e+00  0.000000e+00  0.000000e+00  0.000000e+00  0.000000e+00  0.000000e+00  0.000000e+00  0.000000e+00  
1908.190950  0.000000e+00  0.000000e+00  0.000000e+00  0.000000e+00  0.000000e+00  0.000000e+00  0.000000e+00  0.000000e+00  0.000000e+00  0.000000e+00  0.000000e+00  0.000000e+00  0.000000e+00  0.000000e+00  0.000000e+00  0.000000e+00  0.000000e+00  0.000000e+00  0.000000e+00  0.000000e+00  0.000000e+00  
2000.000000  0.000000e+00  0.000000e+00  0.000000e+00  0.000000e+00  0.000000e+00  0.000000e+00  0.000000e+00  0.000000e+00  0.000000e+00  0.000000e+00  0.000000e+00  0.000000e+00  0.000000e+00  0.000000e+00  0.000000e+00  0.000000e+00  0.000000e+00  0.000000e+00  0.000000e+00  0.000000e+00  0.000000e+00  
2096.226270  0.000000e+00  0.000000e+00  0.000000e+00  0.000000e+00  0.000000e+00  0.000000e+00  0.000000e+00  0.000000e+00  0.000000e+00  0.000000e+00  0.000000e+00  0.000000e+00  0.000000e+00  0.000000e+00  0.000000e+00  0.000000e+00  0.000000e+00  0.000000e+00  0.000000e+00  0.000000e+00  0.000000e+00  
2197.082280  0.000000e+00  0.000000e+00  0.000000e+00  0.000000e+00  0.000000e+00  0.000000e+00  0.000000e+00  0.000000e+00  0.000000e+00  0.000000e+00  0.000000e+00  0.000000e+00  0.000000e+00  0.000000e+00  0.000000e+00  0.000000e+00  0.000000e+00  0.000000e+00  0.000000e+00  0.000000e+00  0.000000e+00  
2302.790800  0.000000e+00  0.000000e+00  0.000000e+00  0.000000e+00  0.000000e+00  0.000000e+00  0.000000e+00  0.000000e+00  0.000000e+00  0.000000e+00  0.000000e+00  0.000000e+00  0.000000e+00  0.000000e+00  0.000000e+00  0.000000e+00  0.000000e+00  0.000000e+00  0.000000e+00  0.000000e+00  0.000000e+00  
2413.585280  0.000000e+00  0.000000e+00  0.000000e+00  0.000000e+00  0.000000e+00  0.000000e+00  0.000000e+00  0.000000e+00  0.000000e+00  0.000000e+00  0.000000e+00  0.000000e+00  0.000000e+00  0.000000e+00  0.000000e+00  0.000000e+00  0.000000e+00  0.000000e+00  0.000000e+00  0.000000e+00  0.000000e+00  
2529.710430  0.000000e+00  0.000000e+00  0.000000e+00  0.000000e+00  0.000000e+00  0.000000e+00  0.000000e+00  0.000000e+00  0.000000e+00  0.000000e+00  0.000000e+00  0.000000e+00  0.000000e+00  0.000000e+00  0.000000e+00  0.000000e+00  0.000000e+00  0.000000e+00  0.000000e+00  0.000000e+00  0.000000e+00  
2651.422730  0.000000e+00  0.000000e+00  0.000000e+00  0.000000e+00  0.000000e+00  0.000000e+00  0.000000e+00  0.000000e+00  0.000000e+00  0.000000e+00  0.000000e+00  0.000000e+00  0.000000e+00  0.000000e+00  0.000000e+00  0.000000e+00  0.000000e+00  0.000000e+00  0.000000e+00  0.000000e+00  0.000000e+00  
2778.990990  0.000000e+00  0.000000e+00  0.000000e+00  0.000000e+00  0.000000e+00  0.000000e+00  0.000000e+00  0.000000e+00  0.000000e+00  0.000000e+00  0.000000e+00  0.000000e+00  0.000000e+00  0.000000e+00  0.000000e+00  0.000000e+00  0.000000e+00  0.000000e+00  0.000000e+00  0.000000e+00  0.000000e+00  
2912.696950  0.000000e+00  0.000000e+00  0.000000e+00  0.000000e+00  0.000000e+00  0.000000e+00  0.000000e+00  0.000000e+00  0.000000e+00  0.000000e+00  0.000000e+00  0.000000e+00  0.000000e+00  0.000000e+00  0.000000e+00  0.000000e+00  0.000000e+00  0.000000e+00  0.000000e+00  0.000000e+00  0.000000e+00  
3052.835930  0.000000e+00  0.000000e+00  0.000000e+00  0.000000e+00  0.000000e+00  0.000000e+00  0.000000e+00  0.000000e+00  0.000000e+00  0.000000e+00  0.000000e+00  0.000000e+00  0.000000e+00  0.000000e+00  0.000000e+00  0.000000e+00  0.000000e+00  0.000000e+00  0.000000e+00  0.000000e+00  0.000000e+00  
3199.717440  0.000000e+00  0.000000e+00  0.000000e+00  0.000000e+00  0.000000e+00  0.000000e+00  0.000000e+00  0.000000e+00  0.000000e+00  0.000000e+00  0.000000e+00  0.000000e+00  0.000000e+00  0.000000e+00  0.000000e+00  0.000000e+00  0.000000e+00  0.000000e+00  0.000000e+00  0.000000e+00  0.000000e+00  
3353.665870  0.000000e+00  0.000000e+00  0.000000e+00  0.000000e+00  0.000000e+00  0.000000e+00  0.000000e+00  0.000000e+00  0.000000e+00  0.000000e+00  0.000000e+00  0.000000e+00  0.000000e+00  0.000000e+00  0.000000e+00  0.000000e+00  0.000000e+00  0.000000e+00  0.000000e+00  0.000000e+00  0.000000e+00  
3515.021250  0.000000e+00  0.000000e+00  0.000000e+00  0.000000e+00  0.000000e+00  0.000000e+00  0.000000e+00  0.000000e+00  0.000000e+00  0.000000e+00  0.000000e+00  0.000000e+00  0.000000e+00  0.000000e+00  0.000000e+00  0.000000e+00  0.000000e+00  0.000000e+00  0.000000e+00  0.000000e+00  0.000000e+00  
3684.139940  0.000000e+00  0.000000e+00  0.000000e+00  0.000000e+00  0.000000e+00  0.000000e+00  0.000000e+00  0.000000e+00  0.000000e+00  0.000000e+00  0.000000e+00  0.000000e+00  0.000000e+00  0.000000e+00  0.000000e+00  0.000000e+00  0.000000e+00  0.000000e+00  0.000000e+00  0.000000e+00  0.000000e+00  
3861.395460  0.000000e+00  0.000000e+00  0.000000e+00  0.000000e+00  0.000000e+00  0.000000e+00  0.000000e+00  0.000000e+00  0.000000e+00  0.000000e+00  0.000000e+00  0.000000e+00  0.000000e+00  0.000000e+00  0.000000e+00  0.000000e+00  0.000000e+00  0.000000e+00  0.000000e+00  0.000000e+00  0.000000e+00  
4047.179300  0.000000e+00  0.000000e+00  0.000000e+00  0.000000e+00  0.000000e+00  0.000000e+00  0.000000e+00  0.000000e+00  0.000000e+00  0.000000e+00  0.000000e+00  0.000000e+00  0.000000e+00  0.000000e+00  0.000000e+00  0.000000e+00  0.000000e+00  0.000000e+00  0.000000e+00  0.000000e+00  0.000000e+00  
4241.901780  0.000000e+00  0.000000e+00  0.000000e+00  0.000000e+00  0.000000e+00  0.000000e+00  0.000000e+00  0.000000e+00  0.000000e+00  0.000000e+00  0.000000e+00  0.000000e+00  0.000000e+00  0.000000e+00  0.000000e+00  0.000000e+00  0.000000e+00  0.000000e+00  0.000000e+00  0.000000e+00  0.000000e+00  
4445.992970  0.000000e+00  0.000000e+00  0.000000e+00  0.000000e+00  0.000000e+00  0.000000e+00  0.000000e+00  0.000000e+00  0.000000e+00  0.000000e+00  0.000000e+00  0.000000e+00  0.000000e+00  0.000000e+00  0.000000e+00  0.000000e+00  0.000000e+00  0.000000e+00  0.000000e+00  0.000000e+00  0.000000e+00  
4659.903620  0.000000e+00  0.000000e+00  0.000000e+00  0.000000e+00  0.000000e+00  0.000000e+00  0.000000e+00  0.000000e+00  0.000000e+00  0.000000e+00  0.000000e+00  0.000000e+00  0.000000e+00  0.000000e+00  0.000000e+00  0.000000e+00  0.000000e+00  0.000000e+00  0.000000e+00  0.000000e+00  0.000000e+00  
4884.106190  0.000000e+00  0.000000e+00  0.000000e+00  0.000000e+00  0.000000e+00  0.000000e+00  0.000000e+00  0.000000e+00  0.000000e+00  0.000000e+00  0.000000e+00  0.000000e+00  0.000000e+00  0.000000e+00  0.000000e+00  0.000000e+00  0.000000e+00  0.000000e+00  0.000000e+00  0.000000e+00  0.000000e+00  
5119.095850  0.000000e+00  0.000000e+00  0.000000e+00  0.000000e+00  0.000000e+00  0.000000e+00  0.000000e+00  0.000000e+00  0.000000e+00  0.000000e+00  0.000000e+00  0.000000e+00  0.000000e+00  0.000000e+00  0.000000e+00  0.000000e+00  0.000000e+00  0.000000e+00  0.000000e+00  0.000000e+00  0.000000e+00  
5365.391590  0.000000e+00  0.000000e+00  0.000000e+00  0.000000e+00  0.000000e+00  0.000000e+00  0.000000e+00  0.000000e+00  0.000000e+00  0.000000e+00  0.000000e+00  0.000000e+00  0.000000e+00  0.000000e+00  0.000000e+00  0.000000e+00  0.000000e+00  0.000000e+00  0.000000e+00  0.000000e+00  0.000000e+00  
5623.537400  0.000000e+00  0.000000e+00  0.000000e+00  0.000000e+00  0.000000e+00  0.000000e+00  0.000000e+00  0.000000e+00  0.000000e+00  0.000000e+00  0.000000e+00  0.000000e+00  0.000000e+00  0.000000e+00  0.000000e+00  0.000000e+00  0.000000e+00  0.000000e+00  0.000000e+00  0.000000e+00  0.000000e+00  
5894.103410  0.000000e+00  0.000000e+00  0.000000e+00  0.000000e+00  0.000000e+00  0.000000e+00  0.000000e+00  0.000000e+00  0.000000e+00  0.000000e+00  0.000000e+00  0.000000e+00  0.000000e+00  0.000000e+00  0.000000e+00  0.000000e+00  0.000000e+00  0.000000e+00  0.000000e+00  0.000000e+00  0.000000e+00  
6177.687190  0.000000e+00  0.000000e+00  0.000000e+00  0.000000e+00  0.000000e+00  0.000000e+00  0.000000e+00  0.000000e+00  0.000000e+00  0.000000e+00  0.000000e+00  0.000000e+00  0.000000e+00  0.000000e+00  0.000000e+00  0.000000e+00  0.000000e+00  0.000000e+00  0.000000e+00  0.000000e+00  0.000000e+00  
6474.915090  0.000000e+00  0.000000e+00  0.000000e+00  0.000000e+00  0.000000e+00  0.000000e+00  0.000000e+00  0.000000e+00  0.000000e+00  0.000000e+00  0.000000e+00  0.000000e+00  0.000000e+00  0.000000e+00  0.000000e+00  0.000000e+00  0.000000e+00  0.000000e+00  0.000000e+00  0.000000e+00  0.000000e+00  
6786.443540  0.000000e+00  0.000000e+00  0.000000e+00  0.000000e+00  0.000000e+00  0.000000e+00  0.000000e+00  0.000000e+00  0.000000e+00  0.000000e+00  0.000000e+00  0.000000e+00  0.000000e+00  0.000000e+00  0.000000e+00  0.000000e+00  0.000000e+00  0.000000e+00  0.000000e+00  0.000000e+00  0.000000e+00  
7112.960610  0.000000e+00  0.000000e+00  0.000000e+00  0.000000e+00  0.000000e+00  0.000000e+00  0.000000e+00  0.000000e+00  0.000000e+00  0.000000e+00  0.000000e+00  0.000000e+00  0.000000e+00  0.000000e+00  0.000000e+00  0.000000e+00  0.000000e+00  0.000000e+00  0.000000e+00  0.000000e+00  0.000000e+00  
7455.187440  0.000000e+00  0.000000e+00  0.000000e+00  0.000000e+00  0.000000e+00  0.000000e+00  0.000000e+00  0.000000e+00  0.000000e+00  0.000000e+00  0.000000e+00  0.000000e+00  0.000000e+00  0.000000e+00  0.000000e+00  0.000000e+00  0.000000e+00  0.000000e+00  0.000000e+00  0.000000e+00  0.000000e+00  
7813.879870  0.000000e+00  0.000000e+00  0.000000e+00  0.000000e+00  0.000000e+00  0.000000e+00  0.000000e+00  0.000000e+00  0.000000e+00  0.000000e+00  0.000000e+00  0.000000e+00  0.000000e+00  0.000000e+00  0.000000e+00  0.000000e+00  0.000000e+00  0.000000e+00  0.000000e+00  0.000000e+00  0.000000e+00  
8189.830120  0.000000e+00  0.000000e+00  0.000000e+00  0.000000e+00  0.000000e+00  0.000000e+00  0.000000e+00  0.000000e+00  0.000000e+00  0.000000e+00  0.000000e+00  0.000000e+00  0.000000e+00  0.000000e+00  0.000000e+00  0.000000e+00  0.000000e+00  0.000000e+00  0.000000e+00  0.000000e+00  0.000000e+00  
8583.868520  0.000000e+00  0.000000e+00  0.000000e+00  0.000000e+00  0.000000e+00  0.000000e+00  0.000000e+00  0.000000e+00  0.000000e+00  0.000000e+00  0.000000e+00  0.000000e+00  0.000000e+00  0.000000e+00  0.000000e+00  0.000000e+00  0.000000e+00  0.000000e+00  0.000000e+00  0.000000e+00  0.000000e+00  
8996.865340  0.000000e+00  0.000000e+00  0.000000e+00  0.000000e+00  0.000000e+00  0.000000e+00  0.000000e+00  0.000000e+00  0.000000e+00  0.000000e+00  0.000000e+00  0.000000e+00  0.000000e+00  0.000000e+00  0.000000e+00  0.000000e+00  0.000000e+00  0.000000e+00  0.000000e+00  0.000000e+00  0.000000e+00  
9429.732730  0.000000e+00  0.000000e+00  0.000000e+00  0.000000e+00  0.000000e+00  0.000000e+00  0.000000e+00  0.000000e+00  0.000000e+00  0.000000e+00  0.000000e+00  0.000000e+00  0.000000e+00  0.000000e+00  0.000000e+00  0.000000e+00  0.000000e+00  0.000000e+00  0.000000e+00  0.000000e+00  0.000000e+00  
9883.426720  0.000000e+00  0.000000e+00  0.000000e+00  0.000000e+00  0.000000e+00  0.000000e+00  0.000000e+00  0.000000e+00  0.000000e+00  0.000000e+00  0.000000e+00  0.000000e+00  0.000000e+00  0.000000e+00  0.000000e+00  0.000000e+00  0.000000e+00  0.000000e+00  0.000000e+00  0.000000e+00  0.000000e+00  
10358.949400  0.000000e+00  0.000000e+00  0.000000e+00  0.000000e+00  0.000000e+00  0.000000e+00  0.000000e+00  0.000000e+00  0.000000e+00  0.000000e+00  0.000000e+00  0.000000e+00  0.000000e+00  0.000000e+00  0.000000e+00  0.000000e+00  0.000000e+00  0.000000e+00  0.000000e+00  0.000000e+00  0.000000e+00  
10857.350900  0.000000e+00  0.000000e+00  0.000000e+00  0.000000e+00  0.000000e+00  0.000000e+00  0.000000e+00  0.000000e+00  0.000000e+00  0.000000e+00  0.000000e+00  0.000000e+00  0.000000e+00  0.000000e+00  0.000000e+00  0.000000e+00  0.000000e+00  0.000000e+00  0.000000e+00  0.000000e+00  0.000000e+00  
11379.732100  0.000000e+00  0.000000e+00  0.000000e+00  0.000000e+00  0.000000e+00  0.000000e+00  0.000000e+00  0.000000e+00  0.000000e+00  0.000000e+00  0.000000e+00  0.000000e+00  0.000000e+00  0.000000e+00  0.000000e+00  0.000000e+00  0.000000e+00  0.000000e+00  0.000000e+00  0.000000e+00  0.000000e+00  
11927.246600  0.000000e+00  0.000000e+00  0.000000e+00  0.000000e+00  0.000000e+00  0.000000e+00  0.000000e+00  0.000000e+00  0.000000e+00  0.000000e+00  0.000000e+00  0.000000e+00  0.000000e+00  0.000000e+00  0.000000e+00  0.000000e+00  0.000000e+00  0.000000e+00  0.000000e+00  0.000000e+00  0.000000e+00  
12501.103900  0.000000e+00  0.000000e+00  0.000000e+00  0.000000e+00  0.000000e+00  0.000000e+00  0.000000e+00  0.000000e+00  0.000000e+00  0.000000e+00  0.000000e+00  0.000000e+00  0.000000e+00  0.000000e+00  0.000000e+00  0.000000e+00  0.000000e+00  0.000000e+00  0.000000e+00  0.000000e+00  0.000000e+00  
13102.571100  0.000000e+00  0.000000e+00  0.000000e+00  0.000000e+00  0.000000e+00  0.000000e+00  0.000000e+00  0.000000e+00  0.000000e+00  0.000000e+00  0.000000e+00  0.000000e+00  0.000000e+00  0.000000e+00  0.000000e+00  0.000000e+00  0.000000e+00  0.000000e+00  0.000000e+00  0.000000e+00  0.000000e+00  
13732.976900  0.000000e+00  0.000000e+00  0.000000e+00  0.000000e+00  0.000000e+00  0.000000e+00  0.000000e+00  0.000000e+00  0.000000e+00  0.000000e+00  0.000000e+00  0.000000e+00  0.000000e+00  0.000000e+00  0.000000e+00  0.000000e+00  0.000000e+00  0.000000e+00  0.000000e+00  0.000000e+00  0.000000e+00  
14393.713500  0.000000e+00  0.000000e+00  0.000000e+00  0.000000e+00  0.000000e+00  0.000000e+00  0.000000e+00  0.000000e+00  0.000000e+00  0.000000e+00  0.000000e+00  0.000000e+00  0.000000e+00  0.000000e+00  0.000000e+00  0.000000e+00  0.000000e+00  0.000000e+00  0.000000e+00  0.000000e+00  0.000000e+00  
15086.240100  0.000000e+00  0.000000e+00  0.000000e+00  0.000000e+00  0.000000e+00  0.000000e+00  0.000000e+00  0.000000e+00  0.000000e+00  0.000000e+00  0.000000e+00  0.000000e+00  0.000000e+00  0.000000e+00  0.000000e+00  0.000000e+00  0.000000e+00  0.000000e+00  0.000000e+00  0.000000e+00  0.000000e+00  
15812.086400  0.000000e+00  0.000000e+00  0.000000e+00  0.000000e+00  0.000000e+00  0.000000e+00  0.000000e+00  0.000000e+00  0.000000e+00  0.000000e+00  0.000000e+00  0.000000e+00  0.000000e+00  0.000000e+00  0.000000e+00  0.000000e+00  0.000000e+00  0.000000e+00  0.000000e+00  0.000000e+00  0.000000e+00  
16572.855500  0.000000e+00  0.000000e+00  0.000000e+00  0.000000e+00  0.000000e+00  0.000000e+00  0.000000e+00  0.000000e+00  0.000000e+00  0.000000e+00  0.000000e+00  0.000000e+00  0.000000e+00  0.000000e+00  0.000000e+00  0.000000e+00  0.000000e+00  0.000000e+00  0.000000e+00  0.000000e+00  0.000000e+00  
17370.227500  0.000000e+00  0.000000e+00  0.000000e+00  0.000000e+00  0.000000e+00  0.000000e+00  0.000000e+00  0.000000e+00  0.000000e+00  0.000000e+00  0.000000e+00  0.000000e+00  0.000000e+00  0.000000e+00  0.000000e+00  0.000000e+00  0.000000e+00  0.000000e+00  0.000000e+00  0.000000e+00  0.000000e+00  
18205.963600  0.000000e+00  0.000000e+00  0.000000e+00  0.000000e+00  0.000000e+00  0.000000e+00  0.000000e+00  0.000000e+00  0.000000e+00  0.000000e+00  0.000000e+00  0.000000e+00  0.000000e+00  0.000000e+00  0.000000e+00  0.000000e+00  0.000000e+00  0.000000e+00  0.000000e+00  0.000000e+00  0.000000e+00  
19081.909500  0.000000e+00  0.000000e+00  0.000000e+00  0.000000e+00  0.000000e+00  0.000000e+00  0.000000e+00  0.000000e+00  0.000000e+00  0.000000e+00  0.000000e+00  0.000000e+00  0.000000e+00  0.000000e+00  0.000000e+00  0.000000e+00  0.000000e+00  0.000000e+00  0.000000e+00  0.000000e+00  0.000000e+00  
