36.6148  0.240994  0.119292
37.4763  0.234826  0.119292
38.3582  0.228332  0.119292
39.2608  0.22149  0.119292
40.1847  0.214263  0.119292
41.1302  0.206661  0.119292
42.0981  0.198661  0.119292
43.0887  0.190219  0.119291
44.1026  0.181305  0.119292
45.1404  0.171844  0.11929
46.2026  0.161648  0.119307
47.2898  0.150229  0.119333
48.4026  0.136351  0.119435
49.5415  0.11694  0.11959
50.7073  0.084006  0.119799
51.9005  0.038967  0.119812
53.1218  0.017174  0.119574
54.37  0.00887  0.119356
55.65  0.00485  0.119496
56.96  0.002656  0.119507
58.3  0.001502  0.119021
60.  0.000732  0.119655
61.  0.000471  0.119786
61.5  0.000377  0.119818
61.8  0.000329  0.119609
62.  0.000299  0.119108
62.2  0.000267  0.119378
62.3  0.000246  0.119731
62.35  0.000234  0.119601
62.4  0.000218  0.119483
62.43  0.000205  0.119602
62.45  0.000194  0.118795
62.46  0.000186  0.119843
62.47  0.000177  0.119949
62.475  0.000172  0.119337
62.48  0.000165  0.119814
62.485  0.000157  0.119518
62.49  0.000146  0.119247
62.493  0.000136  0.120372
62.495  0.000136  0.105984
62.497  0.000117  0.11893
62.498  0.000109  0.12019
62.499  0.000102  0.118833
62.5  0.000108  0.118596
62.501  0.000155  0.11911
62.502  0.000217  0.119731
62.503  0.000278  0.119433
62.505  0.000391  0.118964
62.507  0.000493  0.119132
62.51  0.000633  0.119231
62.515  0.000843  0.119172
62.52  0.001032  0.119338
62.525  0.001208  0.119319
62.53  0.001373  0.119293
62.54  0.00168  0.119263
62.55  0.001965  0.119246
62.57  0.002486  0.119338
62.6  0.003191  0.119303
62.65  0.004236  0.119297
62.7  0.005167  0.1198
62.8  0.006877  0.11926
63.  0.009858  0.119263
63.2  0.012538  0.119256
63.6  0.017416  0.119267
64.2  0.02405  0.119261
65.5  0.036749  0.11927
67.03  0.049428  0.119274
68.61  0.060053  0.119277
70.22  0.068127  0.119283
71.88  0.073195  0.119287
73.5676  0.074377  0.119294
75.2987  0.070673  0.119301
77.0706  0.061571  0.119308
78.8841  0.048884  0.119306
80.7403  0.038333  0.119287
82.6402  0.03468  0.119283
84.5849  0.033863  0.119281
86.5752  0.033858  0.119283
88.6124  0.033947  0.119283
90.6976  0.03367  0.119296
