2.000000  1.160000e-35  3.660000e-35  1.170000e-34  3.680000e-34  1.160000e-33  3.690000e-33  1.160000e-32  3.700000e-32  1.160000e-31  3.610000e-31  1.170000e-30  3.680000e-30  1.170000e-29  3.590000e-29  1.170000e-28  3.660000e-28  1.180000e-27  3.610000e-27  1.010000e-26  1.480000e-26  7.320000e-27  
2.096226  1.790000e-35  5.650000e-35  1.790000e-34  5.660000e-34  1.820000e-33  5.680000e-33  1.780000e-32  5.650000e-32  1.790000e-31  5.670000e-31  1.790000e-30  5.650000e-30  1.790000e-29  5.650000e-29  1.780000e-28  5.650000e-28  1.800000e-27  5.640000e-27  1.560000e-26  2.280000e-26  1.130000e-26  
2.197082  2.410000e-35  7.710000e-35  2.440000e-34  7.740000e-34  2.460000e-33  7.760000e-33  2.440000e-32  7.730000e-32  2.430000e-31  7.700000e-31  2.450000e-30  7.780000e-30  2.440000e-29  7.720000e-29  2.450000e-28  7.640000e-28  2.450000e-27  7.600000e-27  2.130000e-26  3.110000e-26  1.540000e-26  
2.302791  3.090000e-35  9.750000e-35  3.050000e-34  9.780000e-34  3.060000e-33  9.660000e-33  3.080000e-32  9.760000e-32  3.090000e-31  9.770000e-31  3.090000e-30  9.720000e-30  3.090000e-29  9.760000e-29  3.100000e-28  9.810000e-28  3.140000e-27  9.590000e-27  2.690000e-26  3.930000e-26  1.950000e-26  
2.413585  3.720000e-35  1.180000e-34  3.740000e-34  1.180000e-33  3.740000e-33  1.180000e-32  3.700000e-32  1.180000e-31  3.760000e-31  1.170000e-30  3.740000e-30  1.180000e-29  3.730000e-29  1.190000e-28  3.730000e-28  1.170000e-27  3.720000e-27  1.160000e-26  3.240000e-26  4.740000e-26  2.350000e-26  
2.529710  4.330000e-35  1.360000e-34  4.340000e-34  1.360000e-33  4.310000e-33  1.370000e-32  4.340000e-32  1.370000e-31  4.330000e-31  1.370000e-30  4.320000e-30  1.360000e-29  4.330000e-29  1.360000e-28  4.340000e-28  1.370000e-27  4.320000e-27  1.340000e-26  3.770000e-26  5.510000e-26  2.730000e-26  
2.651423  4.860000e-35  1.540000e-34  4.920000e-34  1.550000e-33  4.920000e-33  1.560000e-32  4.950000e-32  1.540000e-31  4.900000e-31  1.550000e-30  4.890000e-30  1.550000e-29  4.960000e-29  1.540000e-28  4.910000e-28  1.550000e-27  4.900000e-27  1.520000e-26  4.280000e-26  6.250000e-26  3.100000e-26  
2.778991  5.510000e-35  1.730000e-34  5.450000e-34  1.720000e-33  5.460000e-33  1.720000e-32  5.470000e-32  1.730000e-31  5.460000e-31  1.720000e-30  5.490000e-30  1.740000e-29  5.460000e-29  1.730000e-28  5.480000e-28  1.720000e-27  5.490000e-27  1.710000e-26  4.760000e-26  6.950000e-26  3.440000e-26  
2.912697  5.980000e-35  1.890000e-34  5.980000e-34  1.890000e-33  6.000000e-33  1.880000e-32  5.970000e-32  1.890000e-31  5.980000e-31  1.890000e-30  5.990000e-30  1.890000e-29  6.000000e-29  1.890000e-28  5.980000e-28  1.900000e-27  5.960000e-27  1.860000e-26  5.210000e-26  7.610000e-26  3.770000e-26  
3.052836  6.470000e-35  2.050000e-34  6.480000e-34  2.050000e-33  6.480000e-33  2.040000e-32  6.460000e-32  2.040000e-31  6.480000e-31  2.040000e-30  6.470000e-30  2.040000e-29  6.480000e-29  2.040000e-28  6.470000e-28  2.040000e-27  6.460000e-27  2.010000e-26  5.630000e-26  8.230000e-26  4.080000e-26  
3.199717  6.930000e-35  2.190000e-34  6.910000e-34  2.180000e-33  6.920000e-33  2.190000e-32  6.920000e-32  2.190000e-31  6.920000e-31  2.180000e-30  6.940000e-30  2.200000e-29  6.900000e-29  2.180000e-28  6.920000e-28  2.190000e-27  6.940000e-27  2.160000e-26  6.030000e-26  8.800000e-26  4.360000e-26  
3.353666  7.360000e-35  2.320000e-34  7.320000e-34  2.320000e-33  7.330000e-33  2.320000e-32  7.360000e-32  2.320000e-31  7.350000e-31  2.320000e-30  7.320000e-30  2.320000e-29  7.320000e-29  2.320000e-28  7.330000e-28  2.320000e-27  7.320000e-27  2.300000e-26  6.400000e-26  9.340000e-26  4.630000e-26  
3.515021  7.780000e-35  2.450000e-34  7.760000e-34  2.450000e-33  7.750000e-33  2.450000e-32  7.750000e-32  2.440000e-31  7.740000e-31  2.460000e-30  7.760000e-30  2.460000e-29  7.740000e-29  2.450000e-28  7.730000e-28  2.440000e-27  7.720000e-27  2.410000e-26  6.740000e-26  9.840000e-26  4.870000e-26  
3.684140  8.140000e-35  2.570000e-34  8.110000e-34  2.570000e-33  8.110000e-33  2.560000e-32  8.130000e-32  2.560000e-31  8.080000e-31  2.560000e-30  8.090000e-30  2.570000e-29  8.090000e-29  2.560000e-28  8.130000e-28  2.560000e-27  8.100000e-27  2.520000e-26  7.060000e-26  1.030000e-25  5.100000e-26  
3.861395  8.480000e-35  2.670000e-34  8.420000e-34  2.660000e-33  8.470000e-33  2.650000e-32  8.430000e-32  2.670000e-31  8.450000e-31  2.680000e-30  8.430000e-30  2.670000e-29  8.430000e-29  2.670000e-28  8.440000e-28  2.670000e-27  8.410000e-27  2.630000e-26  7.350000e-26  1.070000e-25  5.310000e-26  
4.047179  8.760000e-35  2.770000e-34  8.740000e-34  2.760000e-33  8.750000e-33  2.780000e-32  8.770000e-32  2.760000e-31  8.730000e-31  2.760000e-30  8.730000e-30  2.770000e-29  8.770000e-29  2.770000e-28  8.770000e-28  2.780000e-27  8.730000e-27  2.730000e-26  7.630000e-26  1.110000e-25  5.510000e-26  
4.241902  9.070000e-35  2.860000e-34  9.050000e-34  2.860000e-33  9.040000e-33  2.870000e-32  9.040000e-32  2.870000e-31  9.060000e-31  2.860000e-30  9.040000e-30  2.860000e-29  9.050000e-29  2.860000e-28  9.070000e-28  2.860000e-27  9.030000e-27  2.820000e-26  7.880000e-26  1.150000e-25  5.690000e-26  
4.445993  9.310000e-35  2.950000e-34  9.330000e-34  2.940000e-33  9.320000e-33  2.940000e-32  9.330000e-32  2.950000e-31  9.330000e-31  2.940000e-30  9.330000e-30  2.940000e-29  9.330000e-29  2.950000e-28  9.310000e-28  2.950000e-27  9.320000e-27  2.910000e-26  8.110000e-26  1.180000e-25  5.860000e-26  
4.659904  9.560000e-35  3.020000e-34  9.560000e-34  3.020000e-33  9.570000e-33  3.020000e-32  9.560000e-32  3.020000e-31  9.590000e-31  3.030000e-30  9.560000e-30  3.030000e-29  9.570000e-29  3.020000e-28  9.550000e-28  3.030000e-27  9.540000e-27  2.980000e-26  8.330000e-26  1.210000e-25  6.010000e-26  
4.884106  9.790000e-35  3.110000e-34  9.790000e-34  3.100000e-33  9.790000e-33  3.100000e-32  9.810000e-32  3.090000e-31  9.830000e-31  3.100000e-30  9.790000e-30  3.100000e-29  9.790000e-29  3.090000e-28  9.800000e-28  3.100000e-27  9.800000e-27  3.050000e-26  8.530000e-26  1.240000e-25  6.150000e-26  
5.119096  1.000000e-34  3.170000e-34  1.000000e-33  3.180000e-33  1.000000e-32  3.170000e-32  1.000000e-31  3.180000e-31  1.000000e-30  3.170000e-30  1.000000e-29  3.160000e-29  9.990000e-29  3.170000e-28  1.000000e-27  3.170000e-27  1.000000e-26  3.120000e-26  8.710000e-26  1.270000e-25  6.280000e-26  
5.365392  1.020000e-34  3.220000e-34  1.020000e-33  3.230000e-33  1.020000e-32  3.220000e-32  1.020000e-31  3.230000e-31  1.020000e-30  3.230000e-30  1.020000e-29  3.230000e-29  1.020000e-28  3.230000e-28  1.020000e-27  3.230000e-27  1.020000e-26  3.180000e-26  8.890000e-26  1.290000e-25  6.400000e-26  
5.623537  1.040000e-34  3.290000e-34  1.040000e-33  3.290000e-33  1.040000e-32  3.290000e-32  1.040000e-31  3.290000e-31  1.040000e-30  3.290000e-30  1.040000e-29  3.290000e-29  1.040000e-28  3.290000e-28  1.040000e-27  3.290000e-27  1.040000e-26  3.240000e-26  9.050000e-26  1.320000e-25  6.520000e-26  
5.894103  1.060000e-34  3.330000e-34  1.060000e-33  3.340000e-33  1.060000e-32  3.340000e-32  1.060000e-31  3.340000e-31  1.050000e-30  3.340000e-30  1.060000e-29  3.330000e-29  1.060000e-28  3.340000e-28  1.060000e-27  3.350000e-27  1.060000e-26  3.300000e-26  9.200000e-26  1.340000e-25  6.620000e-26  
6.177687  1.070000e-34  3.390000e-34  1.070000e-33  3.390000e-33  1.070000e-32  3.400000e-32  1.070000e-31  3.400000e-31  1.070000e-30  3.390000e-30  1.080000e-29  3.380000e-29  1.080000e-28  3.390000e-28  1.070000e-27  3.410000e-27  1.070000e-26  3.340000e-26  9.330000e-26  1.360000e-25  6.710000e-26  
6.474915  1.090000e-34  3.440000e-34  1.090000e-33  3.450000e-33  1.090000e-32  3.440000e-32  1.090000e-31  3.450000e-31  1.090000e-30  3.450000e-30  1.090000e-29  3.450000e-29  1.090000e-28  3.430000e-28  1.080000e-27  3.440000e-27  1.080000e-26  3.400000e-26  9.470000e-26  1.380000e-25  6.800000e-26  
6.786444  1.100000e-34  3.490000e-34  1.110000e-33  3.490000e-33  1.100000e-32  3.480000e-32  1.100000e-31  3.490000e-31  1.110000e-30  3.470000e-30  1.100000e-29  3.490000e-29  1.100000e-28  3.480000e-28  1.100000e-27  3.480000e-27  1.100000e-26  3.430000e-26  9.590000e-26  1.390000e-25  6.890000e-26  
7.112961  1.110000e-34  3.540000e-34  1.120000e-33  3.530000e-33  1.120000e-32  3.540000e-32  1.120000e-31  3.540000e-31  1.120000e-30  3.540000e-30  1.120000e-29  3.530000e-29  1.120000e-28  3.520000e-28  1.120000e-27  3.530000e-27  1.110000e-26  3.480000e-26  9.700000e-26  1.410000e-25  6.960000e-26  
7.455187  1.130000e-34  3.570000e-34  1.130000e-33  3.570000e-33  1.130000e-32  3.580000e-32  1.130000e-31  3.580000e-31  1.130000e-30  3.570000e-30  1.130000e-29  3.570000e-29  1.130000e-28  3.570000e-28  1.130000e-27  3.570000e-27  1.130000e-26  3.530000e-26  9.820000e-26  1.430000e-25  7.030000e-26  
7.813880  1.140000e-34  3.600000e-34  1.150000e-33  3.610000e-33  1.150000e-32  3.600000e-32  1.140000e-31  3.610000e-31  1.150000e-30  3.630000e-30  1.140000e-29  3.610000e-29  1.140000e-28  3.610000e-28  1.140000e-27  3.590000e-27  1.140000e-26  3.560000e-26  9.920000e-26  1.440000e-25  7.100000e-26  
8.189830  1.160000e-34  3.640000e-34  1.160000e-33  3.630000e-33  1.160000e-32  3.650000e-32  1.150000e-31  3.660000e-31  1.150000e-30  3.640000e-30  1.150000e-29  3.640000e-29  1.150000e-28  3.640000e-28  1.150000e-27  3.640000e-27  1.150000e-26  3.600000e-26  1.000000e-25  1.450000e-25  7.170000e-26  
8.583869  1.170000e-34  3.680000e-34  1.160000e-33  3.690000e-33  1.160000e-32  3.690000e-32  1.170000e-31  3.670000e-31  1.170000e-30  3.710000e-30  1.160000e-29  3.680000e-29  1.160000e-28  3.680000e-28  1.160000e-27  3.670000e-27  1.170000e-26  3.630000e-26  1.010000e-25  1.470000e-25  7.230000e-26  
8.996865  1.170000e-34  3.710000e-34  1.170000e-33  3.720000e-33  1.180000e-32  3.710000e-32  1.180000e-31  3.720000e-31  1.180000e-30  3.730000e-30  1.170000e-29  3.750000e-29  1.180000e-28  3.710000e-28  1.170000e-27  3.720000e-27  1.180000e-26  3.690000e-26  1.020000e-25  1.480000e-25  7.290000e-26  
9.429733  1.190000e-34  3.760000e-34  1.190000e-33  3.750000e-33  1.190000e-32  3.750000e-32  1.190000e-31  3.770000e-31  1.190000e-30  3.760000e-30  1.190000e-29  3.750000e-29  1.180000e-28  3.770000e-28  1.190000e-27  3.780000e-27  1.190000e-26  3.710000e-26  1.030000e-25  1.490000e-25  7.340000e-26  
9.883427  1.200000e-34  3.790000e-34  1.210000e-33  3.800000e-33  1.200000e-32  3.800000e-32  1.200000e-31  3.800000e-31  1.200000e-30  3.790000e-30  1.200000e-29  3.810000e-29  1.200000e-28  3.770000e-28  1.200000e-27  3.800000e-27  1.200000e-26  3.750000e-26  1.040000e-25  1.500000e-25  7.400000e-26  
10.358949  1.210000e-34  3.840000e-34  1.210000e-33  3.820000e-33  1.210000e-32  3.820000e-32  1.210000e-31  3.820000e-31  1.210000e-30  3.830000e-30  1.210000e-29  3.820000e-29  1.210000e-28  3.830000e-28  1.210000e-27  3.840000e-27  1.210000e-26  3.790000e-26  1.050000e-25  1.520000e-25  7.450000e-26  
10.857351  1.230000e-34  3.890000e-34  1.220000e-33  3.860000e-33  1.220000e-32  3.870000e-32  1.220000e-31  3.860000e-31  1.230000e-30  3.890000e-30  1.230000e-29  3.870000e-29  1.230000e-28  3.840000e-28  1.220000e-27  3.850000e-27  1.220000e-26  3.830000e-26  1.060000e-25  1.530000e-25  7.500000e-26  
11.379732  1.240000e-34  3.900000e-34  1.240000e-33  3.910000e-33  1.230000e-32  3.880000e-32  1.230000e-31  3.910000e-31  1.240000e-30  3.910000e-30  1.240000e-29  3.920000e-29  1.240000e-28  3.900000e-28  1.240000e-27  3.890000e-27  1.240000e-26  3.850000e-26  1.070000e-25  1.540000e-25  7.550000e-26  
11.927247  1.250000e-34  3.940000e-34  1.250000e-33  3.930000e-33  1.240000e-32  3.920000e-32  1.250000e-31  3.970000e-31  1.250000e-30  3.920000e-30  1.250000e-29  3.950000e-29  1.240000e-28  3.950000e-28  1.250000e-27  3.940000e-27  1.240000e-26  3.890000e-26  1.080000e-25  1.550000e-25  7.610000e-26  
12.501104  1.260000e-34  3.990000e-34  1.250000e-33  3.980000e-33  1.260000e-32  3.990000e-32  1.260000e-31  3.980000e-31  1.260000e-30  4.010000e-30  1.260000e-29  3.970000e-29  1.260000e-28  3.980000e-28  1.250000e-27  3.970000e-27  1.260000e-26  3.930000e-26  1.090000e-25  1.570000e-25  7.660000e-26  
13.102571  1.270000e-34  4.020000e-34  1.270000e-33  4.010000e-33  1.270000e-32  4.030000e-32  1.270000e-31  4.010000e-31  1.280000e-30  4.030000e-30  1.280000e-29  4.020000e-29  1.280000e-28  4.030000e-28  1.270000e-27  4.040000e-27  1.270000e-26  3.980000e-26  1.100000e-25  1.580000e-25  7.720000e-26  
13.732977  1.290000e-34  4.070000e-34  1.290000e-33  4.100000e-33  1.290000e-32  4.080000e-32  1.290000e-31  4.090000e-31  1.290000e-30  4.070000e-30  1.290000e-29  4.070000e-29  1.290000e-28  4.060000e-28  1.280000e-27  4.080000e-27  1.280000e-26  4.040000e-26  1.120000e-25  1.590000e-25  7.770000e-26  
14.393714  1.300000e-34  4.130000e-34  1.310000e-33  4.130000e-33  1.300000e-32  4.120000e-32  1.300000e-31  4.110000e-31  1.310000e-30  4.140000e-30  1.300000e-29  4.130000e-29  1.310000e-28  4.110000e-28  1.300000e-27  4.120000e-27  1.300000e-26  4.060000e-26  1.130000e-25  1.610000e-25  7.830000e-26  
15.086240  1.330000e-34  4.180000e-34  1.330000e-33  4.180000e-33  1.330000e-32  4.180000e-32  1.320000e-31  4.180000e-31  1.320000e-30  4.210000e-30  1.310000e-29  4.180000e-29  1.330000e-28  4.180000e-28  1.330000e-27  4.210000e-27  1.330000e-26  4.110000e-26  1.140000e-25  1.620000e-25  7.890000e-26  
15.812086  1.340000e-34  4.270000e-34  1.340000e-33  4.250000e-33  1.340000e-32  4.240000e-32  1.340000e-31  4.260000e-31  1.340000e-30  4.240000e-30  1.340000e-29  4.260000e-29  1.350000e-28  4.220000e-28  1.340000e-27  4.270000e-27  1.340000e-26  4.170000e-26  1.160000e-25  1.640000e-25  7.960000e-26  
16.572855  1.360000e-34  4.300000e-34  1.360000e-33  4.290000e-33  1.360000e-32  4.320000e-32  1.350000e-31  4.310000e-31  1.370000e-30  4.320000e-30  1.360000e-29  4.310000e-29  1.360000e-28  4.300000e-28  1.370000e-27  4.330000e-27  1.370000e-26  4.250000e-26  1.170000e-25  1.660000e-25  8.030000e-26  
17.370227  1.390000e-34  4.370000e-34  1.390000e-33  4.380000e-33  1.380000e-32  4.380000e-32  1.390000e-31  4.380000e-31  1.380000e-30  4.360000e-30  1.390000e-29  4.360000e-29  1.380000e-28  4.380000e-28  1.390000e-27  4.370000e-27  1.380000e-26  4.290000e-26  1.190000e-25  1.680000e-25  8.110000e-26  
18.205964  1.400000e-34  4.450000e-34  1.410000e-33  4.460000e-33  1.410000e-32  4.430000e-32  1.400000e-31  4.460000e-31  1.420000e-30  4.480000e-30  1.420000e-29  4.460000e-29  1.400000e-28  4.490000e-28  1.420000e-27  4.450000e-27  1.410000e-26  4.390000e-26  1.210000e-25  1.700000e-25  8.190000e-26  
19.081909  1.440000e-34  4.540000e-34  1.440000e-33  4.550000e-33  1.440000e-32  4.580000e-32  1.440000e-31  4.550000e-31  1.440000e-30  4.570000e-30  1.440000e-29  4.570000e-29  1.450000e-28  4.550000e-28  1.440000e-27  4.510000e-27  1.430000e-26  4.480000e-26  1.240000e-25  1.720000e-25  8.280000e-26  
20.000000  1.470000e-34  4.660000e-34  1.470000e-33  4.650000e-33  1.460000e-32  4.650000e-32  1.470000e-31  4.630000e-31  1.460000e-30  4.630000e-30  1.490000e-29  4.650000e-29  1.470000e-28  4.630000e-28  1.470000e-27  4.670000e-27  1.470000e-26  4.600000e-26  1.260000e-25  1.750000e-25  8.380000e-26  
20.470620  1.480000e-34  4.710000e-34  1.490000e-33  4.690000e-33  1.490000e-32  4.670000e-32  1.480000e-31  4.710000e-31  1.490000e-30  4.720000e-30  1.490000e-29  4.710000e-29  1.500000e-28  4.710000e-28  1.480000e-27  4.720000e-27  1.500000e-26  4.630000e-26  1.270000e-25  1.770000e-25  8.430000e-26  
20.952315  1.490000e-34  4.770000e-34  1.510000e-33  4.750000e-33  1.510000e-32  4.770000e-32  1.510000e-31  4.790000e-31  1.500000e-30  4.750000e-30  1.500000e-29  4.750000e-29  1.510000e-28  4.750000e-28  1.500000e-27  4.750000e-27  1.490000e-26  4.650000e-26  1.290000e-25  1.780000e-25  8.490000e-26  
21.445344  1.530000e-34  4.830000e-34  1.520000e-33  4.840000e-33  1.530000e-32  4.820000e-32  1.520000e-31  4.850000e-31  1.510000e-30  4.840000e-30  1.530000e-29  4.830000e-29  1.520000e-28  4.840000e-28  1.530000e-27  4.800000e-27  1.520000e-26  4.750000e-26  1.300000e-25  1.800000e-25  8.550000e-26  
21.949975  1.550000e-34  4.840000e-34  1.540000e-33  4.890000e-33  1.540000e-32  4.920000e-32  1.540000e-31  4.890000e-31  1.550000e-30  4.900000e-30  1.540000e-29  4.920000e-29  1.540000e-28  4.890000e-28  1.550000e-27  4.890000e-27  1.540000e-26  4.810000e-26  1.320000e-25  1.810000e-25  8.610000e-26  
22.466481  1.570000e-34  4.960000e-34  1.560000e-33  4.960000e-33  1.560000e-32  4.950000e-32  1.560000e-31  4.930000e-31  1.560000e-30  4.950000e-30  1.560000e-29  4.950000e-29  1.560000e-28  4.960000e-28  1.570000e-27  4.960000e-27  1.560000e-26  4.880000e-26  1.340000e-25  1.830000e-25  8.680000e-26  
22.995140  1.580000e-34  4.980000e-34  1.590000e-33  5.050000e-33  1.580000e-32  5.040000e-32  1.580000e-31  5.030000e-31  1.580000e-30  5.030000e-30  1.580000e-29  5.000000e-29  1.590000e-28  5.020000e-28  1.590000e-27  5.030000e-27  1.590000e-26  4.900000e-26  1.360000e-25  1.850000e-25  8.740000e-26  
23.536239  1.620000e-34  5.060000e-34  1.610000e-33  5.090000e-33  1.610000e-32  5.100000e-32  1.610000e-31  5.120000e-31  1.610000e-30  5.100000e-30  1.610000e-29  5.080000e-29  1.620000e-28  5.100000e-28  1.620000e-27  5.130000e-27  1.600000e-26  5.030000e-26  1.380000e-25  1.870000e-25  8.820000e-26  
24.090071  1.640000e-34  5.200000e-34  1.640000e-33  5.190000e-33  1.640000e-32  5.190000e-32  1.630000e-31  5.170000e-31  1.640000e-30  5.200000e-30  1.640000e-29  5.160000e-29  1.630000e-28  5.190000e-28  1.650000e-27  5.170000e-27  1.640000e-26  5.090000e-26  1.400000e-25  1.890000e-25  8.890000e-26  
24.656935  1.670000e-34  5.270000e-34  1.670000e-33  5.330000e-33  1.660000e-32  5.290000e-32  1.660000e-31  5.290000e-31  1.660000e-30  5.250000e-30  1.660000e-29  5.250000e-29  1.670000e-28  5.270000e-28  1.670000e-27  5.260000e-27  1.660000e-26  5.200000e-26  1.420000e-25  1.910000e-25  8.980000e-26  
25.237138  1.690000e-34  5.400000e-34  1.690000e-33  5.380000e-33  1.700000e-32  5.340000e-32  1.700000e-31  5.350000e-31  1.700000e-30  5.390000e-30  1.690000e-29  5.310000e-29  1.700000e-28  5.340000e-28  1.700000e-27  5.320000e-27  1.690000e-26  5.300000e-26  1.440000e-25  1.940000e-25  9.060000e-26  
25.830993  1.740000e-34  5.500000e-34  1.730000e-33  5.460000e-33  1.750000e-32  5.470000e-32  1.730000e-31  5.450000e-31  1.730000e-30  5.450000e-30  1.720000e-29  5.470000e-29  1.720000e-28  5.470000e-28  1.720000e-27  5.430000e-27  1.720000e-26  5.360000e-26  1.470000e-25  1.960000e-25  9.160000e-26  
26.438823  1.770000e-34  5.610000e-34  1.770000e-33  5.610000e-33  1.760000e-32  5.590000e-32  1.770000e-31  5.570000e-31  1.770000e-30  5.600000e-30  1.760000e-29  5.570000e-29  1.760000e-28  5.590000e-28  1.750000e-27  5.590000e-27  1.760000e-26  5.460000e-26  1.490000e-25  1.990000e-25  9.250000e-26  
27.060955  1.800000e-34  5.690000e-34  1.810000e-33  5.710000e-33  1.790000e-32  5.740000e-32  1.800000e-31  5.680000e-31  1.800000e-30  5.700000e-30  1.800000e-29  5.720000e-29  1.800000e-28  5.720000e-28  1.780000e-27  5.670000e-27  1.800000e-26  5.610000e-26  1.520000e-25  2.020000e-25  9.360000e-26  
27.697727  1.850000e-34  5.830000e-34  1.840000e-33  5.850000e-33  1.840000e-32  5.830000e-32  1.840000e-31  5.860000e-31  1.840000e-30  5.860000e-30  1.850000e-29  5.850000e-29  1.850000e-28  5.860000e-28  1.850000e-27  5.820000e-27  1.850000e-26  5.740000e-26  1.560000e-25  2.050000e-25  9.470000e-26  
28.349483  1.880000e-34  5.980000e-34  1.890000e-33  5.950000e-33  1.890000e-32  5.970000e-32  1.880000e-31  5.980000e-31  1.880000e-30  5.950000e-30  1.890000e-29  6.010000e-29  1.890000e-28  5.980000e-28  1.880000e-27  5.980000e-27  1.870000e-26  5.890000e-26  1.590000e-25  2.080000e-25  9.590000e-26  
29.016576  1.940000e-34  6.130000e-34  1.930000e-33  6.100000e-33  1.930000e-32  6.140000e-32  1.940000e-31  6.100000e-31  1.930000e-30  6.120000e-30  1.930000e-29  6.140000e-29  1.940000e-28  6.120000e-28  1.930000e-27  6.100000e-27  1.930000e-26  6.010000e-26  1.630000e-25  2.120000e-25  9.720000e-26  
29.699365  1.980000e-34  6.260000e-34  2.000000e-33  6.320000e-33  1.990000e-32  6.300000e-32  1.990000e-31  6.240000e-31  1.990000e-30  6.300000e-30  1.990000e-29  6.250000e-29  2.000000e-28  6.270000e-28  1.990000e-27  6.260000e-27  1.980000e-26  6.170000e-26  1.670000e-25  2.160000e-25  9.860000e-26  
30.398222  2.050000e-34  6.450000e-34  2.050000e-33  6.460000e-33  2.050000e-32  6.440000e-32  2.060000e-31  6.450000e-31  2.020000e-30  6.430000e-30  2.040000e-29  6.450000e-29  2.050000e-28  6.460000e-28  2.030000e-27  6.450000e-27  2.030000e-26  6.340000e-26  1.710000e-25  2.200000e-25  1.000000e-25  
31.113523  2.110000e-34  6.650000e-34  2.110000e-33  6.630000e-33  2.100000e-32  6.690000e-32  2.090000e-31  6.670000e-31  2.140000e-30  6.700000e-30  2.110000e-29  6.690000e-29  2.110000e-28  6.650000e-28  2.110000e-27  6.690000e-27  2.100000e-26  6.530000e-26  1.760000e-25  2.240000e-25  1.020000e-25  
31.845656  2.180000e-34  6.860000e-34  2.170000e-33  6.940000e-33  2.180000e-32  6.910000e-32  2.180000e-31  6.880000e-31  2.160000e-30  6.900000e-30  2.180000e-29  6.910000e-29  2.180000e-28  6.870000e-28  2.170000e-27  6.820000e-27  2.180000e-26  6.740000e-26  1.810000e-25  2.290000e-25  1.030000e-25  
32.595017  2.250000e-34  7.120000e-34  2.250000e-33  7.110000e-33  2.260000e-32  7.060000e-32  2.270000e-31  7.140000e-31  2.250000e-30  7.120000e-30  2.250000e-29  7.090000e-29  2.250000e-28  7.160000e-28  2.250000e-27  7.150000e-27  2.230000e-26  6.970000e-26  1.870000e-25  2.340000e-25  1.050000e-25  
33.362011  2.340000e-34  7.400000e-34  2.340000e-33  7.440000e-33  2.340000e-32  7.370000e-32  2.330000e-31  7.380000e-31  2.330000e-30  7.340000e-30  2.340000e-29  7.380000e-29  2.340000e-28  7.420000e-28  2.320000e-27  7.410000e-27  2.330000e-26  7.230000e-26  1.930000e-25  2.400000e-25  1.070000e-25  
34.147053  2.430000e-34  7.640000e-34  2.440000e-33  7.680000e-33  2.430000e-32  7.610000e-32  2.420000e-31  7.650000e-31  2.420000e-30  7.650000e-30  2.420000e-29  7.680000e-29  2.430000e-28  7.700000e-28  2.420000e-27  7.630000e-27  2.420000e-26  7.510000e-26  2.000000e-25  2.460000e-25  1.090000e-25  
34.950568  2.520000e-34  7.980000e-34  2.510000e-33  7.980000e-33  2.510000e-32  8.000000e-32  2.530000e-31  7.930000e-31  2.520000e-30  8.000000e-30  2.530000e-29  7.980000e-29  2.530000e-28  7.960000e-28  2.530000e-27  7.890000e-27  2.540000e-26  7.820000e-26  2.080000e-25  2.530000e-25  1.120000e-25  
35.772991  2.640000e-34  8.330000e-34  2.630000e-33  8.280000e-33  2.640000e-32  8.340000e-32  2.640000e-31  8.390000e-31  2.650000e-30  8.360000e-30  2.620000e-29  8.300000e-29  2.650000e-28  8.330000e-28  2.650000e-27  8.290000e-27  2.630000e-26  8.170000e-26  2.160000e-25  2.600000e-25  1.140000e-25  
36.614766  2.770000e-34  8.780000e-34  2.770000e-33  8.740000e-33  2.760000e-32  8.710000e-32  2.760000e-31  8.740000e-31  2.770000e-30  8.870000e-30  2.770000e-29  8.750000e-29  2.760000e-28  8.780000e-28  2.750000e-27  8.740000e-27  2.770000e-26  8.560000e-26  2.260000e-25  2.680000e-25  1.170000e-25  
37.476349  2.930000e-34  9.210000e-34  2.900000e-33  9.270000e-33  2.910000e-32  9.240000e-32  2.920000e-31  9.210000e-31  2.920000e-30  9.190000e-30  2.900000e-29  9.150000e-29  2.890000e-28  9.230000e-28  2.940000e-27  9.190000e-27  2.890000e-26  9.000000e-26  2.360000e-25  2.770000e-25  1.200000e-25  
38.358205  3.060000e-34  9.740000e-34  3.060000e-33  9.730000e-33  3.050000e-32  9.710000e-32  3.070000e-31  9.720000e-31  3.090000e-30  9.740000e-30  3.100000e-29  9.770000e-29  3.070000e-28  9.690000e-28  3.080000e-27  9.730000e-27  3.070000e-26  9.490000e-26  2.480000e-25  2.870000e-25  1.240000e-25  
39.260813  3.280000e-34  1.040000e-33  3.260000e-33  1.030000e-32  3.260000e-32  1.030000e-31  3.270000e-31  1.030000e-30  3.260000e-30  1.030000e-29  3.260000e-29  1.020000e-28  3.270000e-28  1.030000e-27  3.260000e-27  1.030000e-26  3.260000e-26  1.010000e-25  2.620000e-25  2.990000e-25  1.280000e-25  
40.184660  3.460000e-34  1.090000e-33  3.460000e-33  1.090000e-32  3.460000e-32  1.100000e-31  3.470000e-31  1.100000e-30  3.450000e-30  1.100000e-29  3.460000e-29  1.100000e-28  3.430000e-28  1.090000e-27  3.480000e-27  1.090000e-26  3.470000e-26  1.070000e-25  2.770000e-25  3.110000e-25  1.320000e-25  
41.130246  3.730000e-34  1.170000e-33  3.720000e-33  1.180000e-32  3.730000e-32  1.180000e-31  3.720000e-31  1.190000e-30  3.720000e-30  1.180000e-29  3.720000e-29  1.170000e-28  3.730000e-28  1.180000e-27  3.710000e-27  1.180000e-26  3.700000e-26  1.150000e-25  2.950000e-25  3.250000e-25  1.370000e-25  
42.098083  4.010000e-34  1.260000e-33  3.990000e-33  1.260000e-32  3.980000e-32  1.260000e-31  3.990000e-31  1.260000e-30  4.000000e-30  1.270000e-29  4.020000e-29  1.270000e-28  4.030000e-28  1.270000e-27  4.020000e-27  1.260000e-26  3.980000e-26  1.230000e-25  3.150000e-25  3.410000e-25  1.420000e-25  
43.088694  4.310000e-34  1.370000e-33  4.350000e-33  1.380000e-32  4.350000e-32  1.370000e-31  4.340000e-31  1.370000e-30  4.320000e-30  1.380000e-29  4.370000e-29  1.370000e-28  4.350000e-28  1.370000e-27  4.370000e-27  1.370000e-26  4.340000e-26  1.330000e-25  3.380000e-25  3.590000e-25  1.480000e-25  
44.102615  4.730000e-34  1.500000e-33  4.780000e-33  1.500000e-32  4.750000e-32  1.500000e-31  4.730000e-31  1.500000e-30  4.730000e-30  1.510000e-29  4.770000e-29  1.510000e-28  4.730000e-28  1.510000e-27  4.780000e-27  1.500000e-26  4.750000e-26  1.460000e-25  3.660000e-25  3.790000e-25  1.550000e-25  
45.140394  5.270000e-34  1.660000e-33  5.250000e-33  1.650000e-32  5.230000e-32  1.640000e-31  5.210000e-31  1.650000e-30  5.270000e-30  1.650000e-29  5.210000e-29  1.640000e-28  5.240000e-28  1.650000e-27  5.240000e-27  1.650000e-26  5.210000e-26  1.600000e-25  3.990000e-25  4.030000e-25  1.630000e-25  
46.202594  5.820000e-34  1.840000e-33  5.840000e-33  1.850000e-32  5.790000e-32  1.840000e-31  5.800000e-31  1.830000e-30  5.830000e-30  1.830000e-29  5.810000e-29  1.850000e-28  5.780000e-28  1.840000e-27  5.840000e-27  1.840000e-26  5.780000e-26  1.780000e-25  4.380000e-25  4.300000e-25  1.720000e-25  
47.289788  6.530000e-34  2.060000e-33  6.510000e-33  2.070000e-32  6.510000e-32  2.080000e-31  6.570000e-31  2.080000e-30  6.560000e-30  2.070000e-29  6.540000e-29  2.080000e-28  6.520000e-28  2.070000e-27  6.570000e-27  2.060000e-26  6.540000e-26  2.000000e-25  4.860000e-25  4.630000e-25  1.830000e-25  
48.402565  7.480000e-34  2.360000e-33  7.440000e-33  2.350000e-32  7.490000e-32  2.360000e-31  7.440000e-31  2.360000e-30  7.450000e-30  2.360000e-29  7.520000e-29  2.380000e-28  7.480000e-28  2.360000e-27  7.460000e-27  2.350000e-26  7.410000e-26  2.280000e-25  5.440000e-25  5.010000e-25  1.960000e-25  
49.541527  8.620000e-34  2.740000e-33  8.660000e-33  2.740000e-32  8.680000e-32  2.740000e-31  8.580000e-31  2.730000e-30  8.670000e-30  2.720000e-29  8.640000e-29  2.720000e-28  8.650000e-28  2.740000e-27  8.740000e-27  2.730000e-26  8.600000e-26  2.630000e-25  6.190000e-25  5.480000e-25  2.110000e-25  
50.707290  1.030000e-33  3.230000e-33  1.020000e-32  3.240000e-32  1.030000e-31  3.230000e-31  1.030000e-30  3.240000e-30  1.030000e-29  3.230000e-29  1.020000e-28  3.230000e-28  1.020000e-27  3.250000e-27  1.020000e-26  3.260000e-26  1.020000e-25  3.100000e-25  7.140000e-25  6.060000e-25  2.300000e-25  
51.900484  1.230000e-33  3.920000e-33  1.240000e-32  3.910000e-32  1.230000e-31  3.910000e-31  1.240000e-30  3.940000e-30  1.240000e-29  3.950000e-29  1.250000e-28  3.920000e-28  1.240000e-27  3.890000e-27  1.240000e-26  3.940000e-26  1.240000e-25  3.740000e-25  8.400000e-25  6.790000e-25  2.540000e-25  
53.121756  1.560000e-33  4.900000e-33  1.560000e-32  4.890000e-32  1.560000e-31  4.900000e-31  1.540000e-30  4.910000e-30  1.550000e-29  4.940000e-29  1.540000e-28  4.900000e-28  1.560000e-27  4.880000e-27  1.540000e-26  4.920000e-26  1.540000e-25  4.660000e-25  1.010000e-24  7.730000e-25  2.850000e-25  
54.370000  2.020000e-33  6.390000e-33  2.030000e-32  6.390000e-32  2.030000e-31  6.370000e-31  2.030000e-30  6.380000e-30  2.020000e-29  6.380000e-29  2.040000e-28  6.410000e-28  2.010000e-27  6.360000e-27  2.030000e-26  6.380000e-26  2.020000e-25  6.020000e-25  1.260000e-24  9.000000e-25  3.260000e-25  
55.650000  2.810000e-33  8.830000e-33  2.770000e-32  8.830000e-32  2.770000e-31  8.790000e-31  2.800000e-30  8.810000e-30  2.790000e-29  8.840000e-29  2.800000e-28  8.850000e-28  2.790000e-27  8.800000e-27  2.770000e-26  8.720000e-26  2.770000e-25  8.220000e-25  1.620000e-24  1.080000e-24  3.840000e-25  
56.960000  4.170000e-33  1.310000e-32  4.190000e-32  1.320000e-31  4.200000e-31  1.320000e-30  4.140000e-30  1.320000e-29  4.170000e-29  1.310000e-28  4.160000e-28  1.320000e-27  4.140000e-27  1.320000e-26  4.170000e-26  1.320000e-25  4.150000e-25  1.210000e-24  2.220000e-24  1.350000e-24  4.700000e-25  
58.300000  7.120000e-33  2.250000e-32  7.150000e-32  2.250000e-31  7.100000e-31  2.240000e-30  7.080000e-30  2.230000e-29  7.110000e-29  2.250000e-28  7.090000e-28  2.240000e-27  7.090000e-27  2.260000e-26  7.110000e-26  2.250000e-25  7.010000e-25  2.010000e-24  3.310000e-24  1.800000e-24  6.150000e-25  
60.000000  1.940000e-32  6.180000e-32  1.950000e-31  6.140000e-31  1.950000e-30  6.180000e-30  1.950000e-29  6.170000e-29  1.950000e-28  6.140000e-28  1.950000e-27  6.160000e-27  1.960000e-26  6.110000e-26  1.950000e-25  6.140000e-25  1.910000e-24  5.170000e-24  6.730000e-24  3.090000e-24  1.020000e-24  
61.000000  5.290000e-32  1.690000e-31  5.290000e-31  1.680000e-30  5.340000e-30  1.680000e-29  5.320000e-29  1.670000e-28  5.300000e-28  1.690000e-27  5.310000e-27  1.680000e-26  5.370000e-26  1.690000e-25  5.340000e-25  1.690000e-24  5.160000e-24  1.280000e-23  1.290000e-23  5.210000e-24  1.690000e-24  
61.500000  1.180000e-31  3.750000e-31  1.190000e-30  3.760000e-30  1.180000e-29  3.750000e-29  1.190000e-28  3.740000e-28  1.190000e-27  3.760000e-27  1.190000e-26  3.730000e-26  1.190000e-25  3.770000e-25  1.190000e-24  3.740000e-24  1.130000e-23  2.560000e-23  2.090000e-23  7.860000e-24  2.530000e-24  
61.800000  2.400000e-31  7.600000e-31  2.400000e-30  7.610000e-30  2.410000e-29  7.580000e-29  2.440000e-28  7.640000e-28  2.430000e-27  7.620000e-27  2.410000e-26  7.650000e-26  2.410000e-25  7.620000e-25  2.420000e-24  7.570000e-24  2.260000e-23  4.570000e-23  3.140000e-23  1.130000e-23  3.610000e-24  
62.000000  4.720000e-31  1.480000e-30  4.710000e-30  1.490000e-29  4.700000e-29  1.480000e-28  4.710000e-28  1.490000e-27  4.720000e-27  1.510000e-26  4.720000e-26  1.490000e-25  4.730000e-25  1.490000e-24  4.700000e-24  1.470000e-23  4.310000e-23  7.700000e-23  4.560000e-23  1.580000e-23  5.050000e-24  
62.200000  1.300000e-30  4.120000e-30  1.310000e-29  4.150000e-29  1.300000e-28  4.130000e-28  1.300000e-27  4.130000e-27  1.300000e-26  4.120000e-26  1.300000e-25  4.130000e-25  1.300000e-24  4.140000e-24  1.310000e-23  4.060000e-23  1.130000e-22  1.610000e-22  7.900000e-23  2.640000e-23  8.410000e-24  
62.300000  2.920000e-30  9.260000e-30  2.930000e-29  9.290000e-29  2.940000e-28  9.290000e-28  2.930000e-27  9.270000e-27  2.940000e-26  9.310000e-26  2.920000e-25  9.240000e-25  2.930000e-24  9.220000e-24  2.920000e-23  9.050000e-23  2.370000e-22  2.780000e-22  1.210000e-22  3.970000e-23  1.260000e-23  
62.350000  5.200000e-30  1.650000e-29  5.230000e-29  1.640000e-28  5.210000e-28  1.650000e-27  5.210000e-27  1.650000e-26  5.210000e-26  1.640000e-25  5.200000e-25  1.640000e-24  5.210000e-24  1.640000e-23  5.160000e-23  1.590000e-22  3.960000e-22  4.000000e-22  1.630000e-22  5.300000e-23  1.680000e-23  
62.400000  1.170000e-29  3.690000e-29  1.180000e-28  3.700000e-28  1.170000e-27  3.700000e-27  1.180000e-26  3.700000e-26  1.170000e-25  3.700000e-25  1.170000e-24  3.710000e-24  1.170000e-23  3.710000e-23  1.170000e-22  3.520000e-22  7.920000e-22  6.510000e-22  2.460000e-22  7.950000e-23  2.520000e-23  
62.430000  2.390000e-29  7.570000e-29  2.400000e-28  7.560000e-28  2.380000e-27  7.550000e-27  2.400000e-26  7.550000e-26  2.390000e-25  7.560000e-25  2.390000e-24  7.540000e-24  2.390000e-23  7.530000e-23  2.380000e-22  7.030000e-22  1.420000e-21  9.800000e-22  3.540000e-22  1.140000e-22  3.600000e-23  
62.450000  4.670000e-29  1.480000e-28  4.660000e-28  1.480000e-27  4.680000e-27  1.470000e-26  4.680000e-26  1.480000e-25  4.670000e-25  1.480000e-24  4.710000e-24  1.480000e-23  4.690000e-23  1.480000e-22  4.620000e-22  1.340000e-21  2.380000e-21  1.420000e-21  4.970000e-22  1.590000e-22  5.040000e-23  
62.460000  7.310000e-29  2.310000e-28  7.320000e-28  2.310000e-27  7.320000e-27  2.310000e-26  7.330000e-26  2.310000e-25  7.330000e-25  2.300000e-24  7.280000e-24  2.310000e-23  7.290000e-23  2.290000e-22  7.190000e-22  2.040000e-21  3.300000e-21  1.810000e-21  6.220000e-22  1.990000e-22  6.300000e-23  
62.470000  1.300000e-28  4.100000e-28  1.300000e-27  4.120000e-27  1.300000e-26  4.090000e-26  1.300000e-25  4.120000e-25  1.300000e-24  4.110000e-24  1.300000e-23  4.110000e-23  1.300000e-22  4.100000e-22  1.270000e-21  3.480000e-21  4.940000e-21  2.450000e-21  8.300000e-22  2.650000e-22  8.390000e-23  
62.475000  1.870000e-28  5.910000e-28  1.860000e-27  5.920000e-27  1.880000e-26  5.920000e-26  1.880000e-25  5.920000e-25  1.870000e-24  5.920000e-24  1.870000e-23  5.910000e-23  1.860000e-22  5.890000e-22  1.820000e-21  4.850000e-21  6.300000e-21  2.970000e-21  9.960000e-22  3.180000e-22  1.010000e-22  
62.480000  2.920000e-28  9.240000e-28  2.930000e-27  9.260000e-27  2.910000e-26  9.240000e-26  2.920000e-25  9.300000e-25  2.920000e-24  9.240000e-24  2.920000e-23  9.190000e-23  2.910000e-22  9.170000e-22  2.810000e-21  7.210000e-21  8.410000e-21  3.740000e-21  1.250000e-21  3.970000e-22  1.260000e-22  
62.485000  5.190000e-28  1.640000e-27  5.190000e-27  1.640000e-26  5.170000e-26  1.640000e-25  5.200000e-25  1.640000e-24  5.170000e-24  1.640000e-23  5.210000e-23  1.640000e-22  5.180000e-22  1.620000e-21  4.910000e-21  1.180000e-20  1.200000e-20  5.030000e-21  1.660000e-21  5.300000e-22  1.680000e-22  
62.490000  1.160000e-27  3.670000e-27  1.160000e-26  3.680000e-26  1.160000e-25  3.670000e-25  1.160000e-24  3.670000e-24  1.160000e-23  3.670000e-23  1.160000e-22  3.670000e-22  1.160000e-21  3.610000e-21  1.070000e-20  2.300000e-20  1.920000e-20  7.570000e-21  2.490000e-21  7.940000e-22  2.520000e-22  
62.493000  2.350000e-27  7.430000e-27  2.350000e-26  7.430000e-26  2.350000e-25  7.430000e-25  2.350000e-24  7.430000e-24  2.350000e-23  7.430000e-23  2.350000e-22  7.420000e-22  2.330000e-21  7.210000e-21  2.060000e-20  3.940000e-20  2.840000e-20  1.080000e-20  3.550000e-21  1.130000e-21  3.600000e-22  
62.495000  4.530000e-27  1.430000e-26  4.530000e-26  1.430000e-25  4.530000e-25  1.430000e-24  4.530000e-24  1.430000e-23  4.530000e-23  1.430000e-22  4.520000e-22  1.430000e-21  4.470000e-21  1.370000e-20  3.740000e-20  6.260000e-20  4.050000e-20  1.510000e-20  4.970000e-21  1.590000e-21  5.030000e-22  
62.497000  1.180000e-26  3.730000e-26  1.180000e-25  3.730000e-25  1.180000e-24  3.730000e-24  1.180000e-23  3.730000e-23  1.180000e-22  3.730000e-22  1.180000e-21  3.710000e-21  1.150000e-20  3.420000e-20  8.530000e-20  1.180000e-19  6.740000e-20  2.500000e-20  8.250000e-21  2.640000e-21  8.380000e-22  
62.498000  2.360000e-26  7.450000e-26  2.360000e-25  7.450000e-25  2.360000e-24  7.450000e-24  2.360000e-23  7.450000e-23  2.360000e-22  7.450000e-22  2.360000e-21  7.380000e-21  2.260000e-20  6.520000e-20  1.480000e-19  1.800000e-19  9.960000e-20  3.710000e-20  1.230000e-20  3.960000e-21  1.260000e-21  
62.499000  5.830000e-26  1.840000e-25  5.830000e-25  1.840000e-24  5.830000e-24  1.840000e-23  5.830000e-23  1.840000e-22  5.830000e-22  1.840000e-21  5.830000e-21  1.800000e-20  5.400000e-20  1.470000e-19  3.040000e-19  3.350000e-19  1.880000e-19  7.250000e-20  2.440000e-20  7.890000e-21  2.510000e-21  
62.500000  1.110000e-25  3.510000e-25  1.110000e-24  3.520000e-24  1.110000e-23  3.520000e-23  1.110000e-22  3.520000e-22  1.110000e-21  3.510000e-21  1.110000e-20  3.520000e-20  1.110000e-19  3.520000e-19  1.110000e-18  3.520000e-18  1.110000e-17  3.520000e-17  1.110000e-16  3.520000e-16  1.110000e-15  
62.501000  5.570000e-26  1.760000e-25  5.570000e-25  1.760000e-24  5.570000e-24  1.760000e-23  5.570000e-23  1.760000e-22  5.570000e-22  1.760000e-21  5.570000e-21  1.760000e-20  5.570000e-20  1.760000e-19  5.570000e-19  1.760000e-18  5.570000e-18  1.760000e-17  5.570000e-17  1.760000e-16  5.570000e-16  
62.502000  2.270000e-26  7.180000e-26  2.270000e-25  7.180000e-25  2.270000e-24  7.180000e-24  2.270000e-23  7.180000e-23  2.270000e-22  7.180000e-22  2.270000e-21  7.180000e-21  2.270000e-20  7.180000e-20  2.270000e-19  7.180000e-19  2.270000e-18  7.180000e-18  2.270000e-17  7.180000e-17  2.270000e-16  
62.503000  1.150000e-26  3.630000e-26  1.150000e-25  3.630000e-25  1.150000e-24  3.620000e-24  1.150000e-23  3.630000e-23  1.150000e-22  3.630000e-22  1.150000e-21  3.630000e-21  1.150000e-20  3.630000e-20  1.150000e-19  3.630000e-19  1.150000e-18  3.630000e-18  1.150000e-17  3.630000e-17  1.150000e-16  
62.505000  4.450000e-27  1.410000e-26  4.450000e-26  1.410000e-25  4.450000e-25  1.410000e-24  4.440000e-24  1.410000e-23  4.450000e-23  1.410000e-22  4.440000e-22  1.410000e-21  4.450000e-21  1.410000e-20  4.450000e-20  1.410000e-19  4.450000e-19  1.410000e-18  4.450000e-18  1.410000e-17  4.450000e-17  
62.507000  2.320000e-27  7.330000e-27  2.320000e-26  7.330000e-26  2.320000e-25  7.330000e-25  2.320000e-24  7.340000e-24  2.320000e-23  7.330000e-23  2.320000e-22  7.330000e-22  2.320000e-21  7.330000e-21  2.320000e-20  7.340000e-20  2.320000e-19  7.330000e-19  2.320000e-18  7.340000e-18  2.320000e-17  
62.510000  1.150000e-27  3.640000e-27  1.150000e-26  3.640000e-26  1.150000e-25  3.640000e-25  1.150000e-24  3.640000e-24  1.150000e-23  3.640000e-23  1.150000e-22  3.640000e-22  1.150000e-21  3.640000e-21  1.150000e-20  3.640000e-20  1.150000e-19  3.640000e-19  1.150000e-18  3.640000e-18  1.150000e-17  
62.515000  5.150000e-28  1.630000e-27  5.150000e-27  1.630000e-26  5.150000e-26  1.630000e-25  5.150000e-25  1.630000e-24  5.160000e-24  1.630000e-23  5.150000e-23  1.630000e-22  5.150000e-22  1.630000e-21  5.150000e-21  1.630000e-20  5.150000e-20  1.630000e-19  5.150000e-19  1.630000e-18  5.150000e-18  
62.520000  2.910000e-28  9.190000e-28  2.910000e-27  9.190000e-27  2.910000e-26  9.190000e-26  2.910000e-25  9.190000e-25  2.910000e-24  9.190000e-24  2.910000e-23  9.190000e-23  2.910000e-22  9.190000e-22  2.910000e-21  9.190000e-21  2.910000e-20  9.190000e-20  2.910000e-19  9.190000e-19  2.910000e-18  
62.525000  1.860000e-28  5.890000e-28  1.860000e-27  5.890000e-27  1.860000e-26  5.890000e-26  1.860000e-25  5.890000e-25  1.860000e-24  5.890000e-24  1.860000e-23  5.890000e-23  1.860000e-22  5.890000e-22  1.860000e-21  5.890000e-21  1.860000e-20  5.890000e-20  1.860000e-19  5.890000e-19  1.860000e-18  
62.530000  1.290000e-28  4.090000e-28  1.290000e-27  4.090000e-27  1.290000e-26  4.090000e-26  1.290000e-25  4.090000e-25  1.290000e-24  4.090000e-24  1.290000e-23  4.090000e-23  1.290000e-22  4.090000e-22  1.290000e-21  4.090000e-21  1.290000e-20  4.090000e-20  1.290000e-19  4.090000e-19  1.290000e-18  
62.540000  7.290000e-29  2.300000e-28  7.290000e-28  2.300000e-27  7.290000e-27  2.300000e-26  7.280000e-26  2.300000e-25  7.290000e-25  2.300000e-24  7.280000e-24  2.300000e-23  7.290000e-23  2.300000e-22  7.290000e-22  2.300000e-21  7.290000e-21  2.300000e-20  7.290000e-20  2.300000e-19  7.290000e-19  
62.550000  4.670000e-29  1.470000e-28  4.660000e-28  1.480000e-27  4.660000e-27  1.470000e-26  4.660000e-26  1.480000e-25  4.660000e-25  1.480000e-24  4.660000e-24  1.470000e-23  4.660000e-23  1.470000e-22  4.660000e-22  1.480000e-21  4.670000e-21  1.470000e-20  4.670000e-20  1.480000e-19  4.670000e-19  
62.570000  2.380000e-29  7.530000e-29  2.380000e-28  7.530000e-28  2.380000e-27  7.530000e-27  2.380000e-26  7.530000e-26  2.380000e-25  7.530000e-25  2.380000e-24  7.530000e-24  2.380000e-23  7.530000e-23  2.380000e-22  7.530000e-22  2.380000e-21  7.520000e-21  2.380000e-20  7.530000e-20  2.380000e-19  
62.600000  1.170000e-29  3.690000e-29  1.170000e-28  3.690000e-28  1.170000e-27  3.690000e-27  1.170000e-26  3.690000e-26  1.170000e-25  3.690000e-25  1.170000e-24  3.690000e-24  1.170000e-23  3.690000e-23  1.170000e-22  3.690000e-22  1.170000e-21  3.690000e-21  1.170000e-20  3.690000e-20  1.170000e-19  
62.650000  5.180000e-30  1.640000e-29  5.180000e-29  1.640000e-28  5.180000e-28  1.640000e-27  5.180000e-27  1.640000e-26  5.180000e-26  1.640000e-25  5.180000e-25  1.640000e-24  5.180000e-24  1.640000e-23  5.180000e-23  1.640000e-22  5.180000e-22  1.640000e-21  5.180000e-21  1.640000e-20  5.180000e-20  
62.700000  2.910000e-30  9.210000e-30  2.910000e-29  9.210000e-29  2.910000e-28  9.200000e-28  2.910000e-27  9.210000e-27  2.910000e-26  9.210000e-26  2.910000e-25  9.210000e-25  2.910000e-24  9.210000e-24  2.910000e-23  9.210000e-23  2.910000e-22  9.210000e-22  2.910000e-21  9.210000e-21  2.910000e-20  
62.800000  1.290000e-30  4.080000e-30  1.290000e-29  4.090000e-29  1.290000e-28  4.090000e-28  1.290000e-27  4.090000e-27  1.290000e-26  4.080000e-26  1.290000e-25  4.090000e-25  1.290000e-24  4.080000e-24  1.290000e-23  4.090000e-23  1.290000e-22  4.080000e-22  1.290000e-21  4.090000e-21  1.290000e-20  
63.000000  4.640000e-31  1.470000e-30  4.640000e-30  1.470000e-29  4.640000e-29  1.470000e-28  4.640000e-28  1.470000e-27  4.640000e-27  1.470000e-26  4.640000e-26  1.470000e-25  4.640000e-25  1.470000e-24  4.640000e-24  1.470000e-23  4.640000e-23  1.470000e-22  4.640000e-22  1.470000e-21  4.640000e-21  
63.200000  2.360000e-31  7.460000e-31  2.360000e-30  7.460000e-30  2.360000e-29  7.460000e-29  2.360000e-28  7.460000e-28  2.360000e-27  7.450000e-27  2.360000e-26  7.460000e-26  2.360000e-25  7.460000e-25  2.360000e-24  7.460000e-24  2.360000e-23  7.460000e-23  2.360000e-22  7.460000e-22  2.360000e-21  
63.600000  9.490000e-32  3.000000e-31  9.490000e-31  3.000000e-30  9.490000e-30  3.000000e-29  9.490000e-29  3.000000e-28  9.490000e-28  3.000000e-27  9.490000e-27  3.000000e-26  9.490000e-26  3.000000e-25  9.490000e-25  3.000000e-24  9.490000e-24  3.000000e-23  9.490000e-23  3.000000e-22  9.490000e-22  
64.200000  3.940000e-32  1.240000e-31  3.930000e-31  1.240000e-30  3.940000e-30  1.240000e-29  3.940000e-29  1.240000e-28  3.940000e-28  1.240000e-27  3.940000e-27  1.240000e-26  3.940000e-26  1.240000e-25  3.940000e-25  1.240000e-24  3.940000e-24  1.240000e-23  3.940000e-23  1.240000e-22  3.940000e-22  
65.500000  1.240000e-32  3.920000e-32  1.240000e-31  3.920000e-31  1.240000e-30  3.910000e-30  1.240000e-29  3.920000e-29  1.240000e-28  3.910000e-28  1.240000e-27  3.920000e-27  1.240000e-26  3.920000e-26  1.240000e-25  3.920000e-25  1.240000e-24  3.920000e-24  1.240000e-23  3.920000e-23  1.240000e-22  
67.030000  5.300000e-33  1.680000e-32  5.300000e-32  1.680000e-31  5.310000e-31  1.680000e-30  5.300000e-30  1.680000e-29  5.310000e-29  1.680000e-28  5.300000e-28  1.680000e-27  5.310000e-27  1.680000e-26  5.300000e-26  1.680000e-25  5.300000e-25  1.680000e-24  5.310000e-24  1.680000e-23  5.310000e-23  
68.610000  2.850000e-33  9.000000e-33  2.850000e-32  9.000000e-32  2.850000e-31  9.000000e-31  2.850000e-30  9.000000e-30  2.850000e-29  9.000000e-29  2.850000e-28  9.000000e-28  2.850000e-27  9.000000e-27  2.850000e-26  9.000000e-26  2.850000e-25  9.000000e-25  2.850000e-24  9.000000e-24  2.850000e-23  
70.220000  1.740000e-33  5.500000e-33  1.740000e-32  5.500000e-32  1.740000e-31  5.500000e-31  1.740000e-30  5.500000e-30  1.740000e-29  5.500000e-29  1.740000e-28  5.500000e-28  1.740000e-27  5.500000e-27  1.740000e-26  5.500000e-26  1.740000e-25  5.500000e-25  1.740000e-24  5.500000e-24  1.740000e-23  
71.880000  1.150000e-33  3.630000e-33  1.150000e-32  3.640000e-32  1.150000e-31  3.630000e-31  1.150000e-30  3.640000e-30  1.150000e-29  3.630000e-29  1.150000e-28  3.640000e-28  1.150000e-27  3.630000e-27  1.150000e-26  3.640000e-26  1.150000e-25  3.630000e-25  1.150000e-24  3.640000e-24  1.150000e-23  
73.567595  8.050000e-34  2.550000e-33  8.050000e-33  2.550000e-32  8.050000e-32  2.550000e-31  8.050000e-31  2.550000e-30  8.050000e-30  2.550000e-29  8.050000e-29  2.550000e-28  8.050000e-28  2.550000e-27  8.050000e-27  2.550000e-26  8.050000e-26  2.550000e-25  8.050000e-25  2.550000e-24  8.050000e-24  
75.298716  5.870000e-34  1.860000e-33  5.870000e-33  1.860000e-32  5.870000e-32  1.860000e-31  5.870000e-31  1.860000e-30  5.870000e-30  1.860000e-29  5.870000e-29  1.860000e-28  5.870000e-28  1.860000e-27  5.870000e-27  1.860000e-26  5.870000e-26  1.860000e-25  5.870000e-25  1.860000e-24  5.870000e-24  
77.070572  4.420000e-34  1.400000e-33  4.420000e-33  1.400000e-32  4.420000e-32  1.400000e-31  4.420000e-31  1.400000e-30  4.420000e-30  1.400000e-29  4.420000e-29  1.400000e-28  4.420000e-28  1.400000e-27  4.420000e-27  1.400000e-26  4.420000e-26  1.400000e-25  4.420000e-25  1.400000e-24  4.420000e-24  
78.884121  3.400000e-34  1.080000e-33  3.400000e-33  1.080000e-32  3.400000e-32  1.080000e-31  3.400000e-31  1.080000e-30  3.400000e-30  1.080000e-29  3.400000e-29  1.080000e-28  3.400000e-28  1.080000e-27  3.400000e-27  1.080000e-26  3.400000e-26  1.080000e-25  3.400000e-25  1.080000e-24  3.400000e-24  
80.740345  2.680000e-34  8.460000e-34  2.680000e-33  8.460000e-33  2.680000e-32  8.460000e-32  2.680000e-31  8.460000e-31  2.680000e-30  8.460000e-30  2.680000e-29  8.460000e-29  2.680000e-28  8.460000e-28  2.680000e-27  8.460000e-27  2.680000e-26  8.460000e-26  2.680000e-25  8.460000e-25  2.680000e-24  
82.640248  2.140000e-34  6.760000e-34  2.140000e-33  6.760000e-33  2.140000e-32  6.760000e-32  2.140000e-31  6.760000e-31  2.140000e-30  6.760000e-30  2.140000e-29  6.760000e-29  2.140000e-28  6.760000e-28  2.140000e-27  6.760000e-27  2.140000e-26  6.760000e-26  2.140000e-25  6.760000e-25  2.140000e-24  
84.584857  1.730000e-34  5.470000e-34  1.730000e-33  5.480000e-33  1.730000e-32  5.470000e-32  1.730000e-31  5.480000e-31  1.730000e-30  5.470000e-30  1.730000e-29  5.480000e-29  1.730000e-28  5.470000e-28  1.730000e-27  5.480000e-27  1.730000e-26  5.470000e-26  1.730000e-25  5.480000e-25  1.730000e-24  
86.575226  1.420000e-34  4.480000e-34  1.420000e-33  4.490000e-33  1.420000e-32  4.480000e-32  1.420000e-31  4.490000e-31  1.420000e-30  4.480000e-30  1.420000e-29  4.490000e-29  1.420000e-28  4.480000e-28  1.420000e-27  4.490000e-27  1.420000e-26  4.480000e-26  1.420000e-25  4.490000e-25  1.420000e-24  
88.612429  1.170000e-34  3.710000e-34  1.170000e-33  3.710000e-33  1.170000e-32  3.710000e-32  1.170000e-31  3.710000e-31  1.170000e-30  3.710000e-30  1.170000e-29  3.710000e-29  1.170000e-28  3.710000e-28  1.170000e-27  3.710000e-27  1.170000e-26  3.710000e-26  1.170000e-25  3.710000e-25  1.170000e-24  
90.697570  9.790000e-35  3.100000e-34  9.790000e-34  3.100000e-33  9.790000e-33  3.100000e-32  9.790000e-32  3.100000e-31  9.790000e-31  3.100000e-30  9.790000e-30  3.100000e-29  9.790000e-29  3.100000e-28  9.790000e-28  3.100000e-27  9.790000e-27  3.100000e-26  9.790000e-26  3.100000e-25  9.790000e-25  
92.831777  8.230000e-35  2.600000e-34  8.230000e-34  2.600000e-33  8.230000e-33  2.600000e-32  8.230000e-32  2.600000e-31  8.230000e-31  2.600000e-30  8.230000e-30  2.600000e-29  8.230000e-29  2.600000e-28  8.230000e-28  2.600000e-27  8.230000e-27  2.600000e-26  8.230000e-26  2.600000e-25  8.230000e-25  
95.016203  6.970000e-35  2.200000e-34  6.970000e-34  2.200000e-33  6.970000e-33  2.200000e-32  6.970000e-32  2.200000e-31  6.970000e-31  2.200000e-30  6.970000e-30  2.200000e-29  6.970000e-29  2.200000e-28  6.970000e-28  2.200000e-27  6.970000e-27  2.200000e-26  6.970000e-26  2.200000e-25  6.970000e-25  
97.252032  5.930000e-35  1.870000e-34  5.930000e-34  1.870000e-33  5.930000e-33  1.870000e-32  5.930000e-32  1.870000e-31  5.930000e-31  1.870000e-30  5.930000e-30  1.870000e-29  5.930000e-29  1.870000e-28  5.930000e-28  1.870000e-27  5.930000e-27  1.870000e-26  5.930000e-26  1.870000e-25  5.930000e-25  
99.540471  5.070000e-35  1.600000e-34  5.070000e-34  1.600000e-33  5.070000e-33  1.600000e-32  5.070000e-32  1.600000e-31  5.070000e-31  1.600000e-30  5.070000e-30  1.600000e-29  5.070000e-29  1.600000e-28  5.070000e-28  1.600000e-27  5.070000e-27  1.600000e-26  5.070000e-26  1.600000e-25  5.070000e-25  
101.882760  4.360000e-35  1.380000e-34  4.360000e-34  1.380000e-33  4.360000e-33  1.380000e-32  4.360000e-32  1.380000e-31  4.360000e-31  1.380000e-30  4.360000e-30  1.380000e-29  4.360000e-29  1.380000e-28  4.360000e-28  1.380000e-27  4.360000e-27  1.380000e-26  4.360000e-26  1.380000e-25  4.360000e-25  
104.280166  3.760000e-35  1.190000e-34  3.760000e-34  1.190000e-33  3.760000e-33  1.190000e-32  3.760000e-32  1.190000e-31  3.760000e-31  1.190000e-30  3.760000e-30  1.190000e-29  3.760000e-29  1.190000e-28  3.760000e-28  1.190000e-27  3.760000e-27  1.190000e-26  3.760000e-26  1.190000e-25  3.760000e-25  
106.733985  3.260000e-35  1.030000e-34  3.260000e-34  1.030000e-33  3.260000e-33  1.030000e-32  3.260000e-32  1.030000e-31  3.260000e-31  1.030000e-30  3.260000e-30  1.030000e-29  3.260000e-29  1.030000e-28  3.260000e-28  1.030000e-27  3.260000e-27  1.030000e-26  3.260000e-26  1.030000e-25  3.260000e-25  
109.245544  2.840000e-35  8.960000e-35  2.840000e-34  8.970000e-34  2.840000e-33  8.960000e-33  2.840000e-32  8.970000e-32  2.840000e-31  8.960000e-31  2.840000e-30  8.970000e-30  2.840000e-29  8.960000e-29  2.840000e-28  8.970000e-28  2.840000e-27  8.960000e-27  2.840000e-26  8.970000e-26  2.840000e-25  
111.816204  2.470000e-35  7.820000e-35  2.470000e-34  7.820000e-34  2.470000e-33  7.820000e-33  2.470000e-32  7.820000e-32  2.470000e-31  7.820000e-31  2.470000e-30  7.820000e-30  2.470000e-29  7.820000e-29  2.470000e-28  7.820000e-28  2.470000e-27  7.820000e-27  2.470000e-26  7.820000e-26  2.470000e-25  
114.447353  2.160000e-35  6.840000e-35  2.160000e-34  6.840000e-34  2.160000e-33  6.840000e-33  2.160000e-32  6.840000e-32  2.160000e-31  6.840000e-31  2.160000e-30  6.840000e-30  2.160000e-29  6.840000e-29  2.160000e-28  6.840000e-28  2.160000e-27  6.840000e-27  2.160000e-26  6.840000e-26  2.160000e-25  
117.140416  1.900000e-35  6.000000e-35  1.900000e-34  6.000000e-34  1.900000e-33  6.000000e-33  1.900000e-32  6.000000e-32  1.900000e-31  6.000000e-31  1.900000e-30  6.000000e-30  1.900000e-29  6.000000e-29  1.900000e-28  6.000000e-28  1.900000e-27  6.000000e-27  1.900000e-26  6.000000e-26  1.900000e-25  
119.896850  1.670000e-35  5.270000e-35  1.670000e-34  5.270000e-34  1.670000e-33  5.270000e-33  1.670000e-32  5.270000e-32  1.670000e-31  5.270000e-31  1.670000e-30  5.270000e-30  1.670000e-29  5.270000e-29  1.670000e-28  5.270000e-28  1.670000e-27  5.270000e-27  1.670000e-26  5.270000e-26  1.670000e-25  
122.718145  1.470000e-35  4.650000e-35  1.470000e-34  4.650000e-34  1.470000e-33  4.650000e-33  1.470000e-32  4.650000e-32  1.470000e-31  4.650000e-31  1.470000e-30  4.650000e-30  1.470000e-29  4.650000e-29  1.470000e-28  4.650000e-28  1.470000e-27  4.650000e-27  1.470000e-26  4.650000e-26  1.470000e-25  
125.605829  1.300000e-35  4.100000e-35  1.300000e-34  4.100000e-34  1.300000e-33  4.100000e-33  1.300000e-32  4.100000e-32  1.300000e-31  4.100000e-31  1.300000e-30  4.100000e-30  1.300000e-29  4.100000e-29  1.300000e-28  4.100000e-28  1.300000e-27  4.100000e-27  1.300000e-26  4.100000e-26  1.300000e-25  
128.561462  1.150000e-35  3.630000e-35  1.150000e-34  3.630000e-34  1.150000e-33  3.630000e-33  1.150000e-32  3.630000e-32  1.150000e-31  3.630000e-31  1.150000e-30  3.630000e-30  1.150000e-29  3.630000e-29  1.150000e-28  3.630000e-28  1.150000e-27  3.630000e-27  1.150000e-26  3.630000e-26  1.150000e-25  
131.586645  1.020000e-35  3.210000e-35  1.020000e-34  3.210000e-34  1.020000e-33  3.210000e-33  1.020000e-32  3.210000e-32  1.020000e-31  3.210000e-31  1.020000e-30  3.210000e-30  1.020000e-29  3.210000e-29  1.020000e-28  3.210000e-28  1.020000e-27  3.210000e-27  1.020000e-26  3.210000e-26  1.020000e-25  
134.683013  9.020000e-36  2.850000e-35  9.020000e-35  2.850000e-34  9.020000e-34  2.850000e-33  9.020000e-33  2.850000e-32  9.020000e-32  2.850000e-31  9.020000e-31  2.850000e-30  9.020000e-30  2.850000e-29  9.020000e-29  2.850000e-28  9.020000e-28  2.850000e-27  9.020000e-27  2.850000e-26  9.020000e-26  
137.852242  8.020000e-36  2.540000e-35  8.020000e-35  2.540000e-34  8.020000e-34  2.540000e-33  8.020000e-33  2.540000e-32  8.020000e-32  2.540000e-31  8.020000e-31  2.540000e-30  8.020000e-30  2.540000e-29  8.020000e-29  2.540000e-28  8.020000e-28  2.540000e-27  8.020000e-27  2.540000e-26  8.020000e-26  
141.096046  7.140000e-36  2.260000e-35  7.140000e-35  2.260000e-34  7.140000e-34  2.260000e-33  7.140000e-33  2.260000e-32  7.140000e-32  2.260000e-31  7.140000e-31  2.260000e-30  7.140000e-30  2.260000e-29  7.140000e-29  2.260000e-28  7.140000e-28  2.260000e-27  7.140000e-27  2.260000e-26  7.140000e-26  
144.416180  6.360000e-36  2.010000e-35  6.360000e-35  2.010000e-34  6.360000e-34  2.010000e-33  6.360000e-33  2.010000e-32  6.360000e-32  2.010000e-31  6.360000e-31  2.010000e-30  6.360000e-30  2.010000e-29  6.360000e-29  2.010000e-28  6.360000e-28  2.010000e-27  6.360000e-27  2.010000e-26  6.360000e-26  
147.814441  5.680000e-36  1.800000e-35  5.680000e-35  1.800000e-34  5.680000e-34  1.800000e-33  5.680000e-33  1.800000e-32  5.680000e-32  1.800000e-31  5.680000e-31  1.800000e-30  5.680000e-30  1.800000e-29  5.680000e-29  1.800000e-28  5.680000e-28  1.800000e-27  5.680000e-27  1.800000e-26  5.680000e-26  
151.292666  5.070000e-36  1.600000e-35  5.070000e-35  1.600000e-34  5.070000e-34  1.600000e-33  5.070000e-33  1.600000e-32  5.070000e-32  1.600000e-31  5.070000e-31  1.600000e-30  5.070000e-30  1.600000e-29  5.070000e-29  1.600000e-28  5.070000e-28  1.600000e-27  5.070000e-27  1.600000e-26  5.070000e-26  
154.852737  4.540000e-36  1.430000e-35  4.540000e-35  1.430000e-34  4.540000e-34  1.430000e-33  4.540000e-33  1.430000e-32  4.540000e-32  1.430000e-31  4.540000e-31  1.430000e-30  4.540000e-30  1.430000e-29  4.540000e-29  1.430000e-28  4.540000e-28  1.430000e-27  4.540000e-27  1.430000e-26  4.540000e-26  
158.496580  4.060000e-36  1.280000e-35  4.060000e-35  1.280000e-34  4.060000e-34  1.280000e-33  4.060000e-33  1.280000e-32  4.060000e-32  1.280000e-31  4.060000e-31  1.280000e-30  4.060000e-30  1.280000e-29  4.060000e-29  1.280000e-28  4.060000e-28  1.280000e-27  4.060000e-27  1.280000e-26  4.060000e-26  
162.226166  3.640000e-36  1.150000e-35  3.640000e-35  1.150000e-34  3.640000e-34  1.150000e-33  3.640000e-33  1.150000e-32  3.640000e-32  1.150000e-31  3.640000e-31  1.150000e-30  3.640000e-30  1.150000e-29  3.640000e-29  1.150000e-28  3.640000e-28  1.150000e-27  3.640000e-27  1.150000e-26  3.640000e-26  
166.043514  3.260000e-36  1.030000e-35  3.260000e-35  1.030000e-34  3.260000e-34  1.030000e-33  3.260000e-33  1.030000e-32  3.260000e-32  1.030000e-31  3.260000e-31  1.030000e-30  3.260000e-30  1.030000e-29  3.260000e-29  1.030000e-28  3.260000e-28  1.030000e-27  3.260000e-27  1.030000e-26  3.260000e-26  
169.950687  2.930000e-36  9.260000e-36  2.930000e-35  9.270000e-35  2.930000e-34  9.260000e-34  2.930000e-33  9.270000e-33  2.930000e-32  9.260000e-32  2.930000e-31  9.270000e-31  2.930000e-30  9.260000e-30  2.930000e-29  9.270000e-29  2.930000e-28  9.260000e-28  2.930000e-27  9.270000e-27  2.930000e-26  
173.949801  2.630000e-36  8.320000e-36  2.630000e-35  8.320000e-35  2.630000e-34  8.320000e-34  2.630000e-33  8.320000e-33  2.630000e-32  8.320000e-32  2.630000e-31  8.320000e-31  2.630000e-30  8.320000e-30  2.630000e-29  8.320000e-29  2.630000e-28  8.320000e-28  2.630000e-27  8.320000e-27  2.630000e-26  
178.043017  2.370000e-36  7.480000e-36  2.370000e-35  7.480000e-35  2.370000e-34  7.480000e-34  2.370000e-33  7.480000e-33  2.370000e-32  7.480000e-32  2.370000e-31  7.480000e-31  2.370000e-30  7.480000e-30  2.370000e-29  7.480000e-29  2.370000e-28  7.480000e-28  2.370000e-27  7.480000e-27  2.370000e-26  
182.232551  2.130000e-36  6.730000e-36  2.130000e-35  6.730000e-35  2.130000e-34  6.730000e-34  2.130000e-33  6.730000e-33  2.130000e-32  6.730000e-32  2.130000e-31  6.730000e-31  2.130000e-30  6.730000e-30  2.130000e-29  6.730000e-29  2.130000e-28  6.730000e-28  2.130000e-27  6.730000e-27  2.130000e-26  
186.520669  1.920000e-36  6.060000e-36  1.920000e-35  6.060000e-35  1.920000e-34  6.060000e-34  1.920000e-33  6.060000e-33  1.920000e-32  6.060000e-32  1.920000e-31  6.060000e-31  1.920000e-30  6.060000e-30  1.920000e-29  6.060000e-29  1.920000e-28  6.060000e-28  1.920000e-27  6.060000e-27  1.920000e-26  
190.909691  1.730000e-36  5.460000e-36  1.730000e-35  5.460000e-35  1.730000e-34  5.460000e-34  1.730000e-33  5.460000e-33  1.730000e-32  5.460000e-32  1.730000e-31  5.460000e-31  1.730000e-30  5.460000e-30  1.730000e-29  5.460000e-29  1.730000e-28  5.460000e-28  1.730000e-27  5.460000e-27  1.730000e-26  
195.401991  1.560000e-36  4.920000e-36  1.560000e-35  4.920000e-35  1.560000e-34  4.920000e-34  1.560000e-33  4.920000e-33  1.560000e-32  4.920000e-32  1.560000e-31  4.920000e-31  1.560000e-30  4.920000e-30  1.560000e-29  4.920000e-29  1.560000e-28  4.920000e-28  1.560000e-27  4.920000e-27  1.560000e-26  
200.000000  1.400000e-36  4.440000e-36  1.400000e-35  4.440000e-35  1.400000e-34  4.440000e-34  1.400000e-33  4.440000e-33  1.400000e-32  4.440000e-32  1.400000e-31  4.440000e-31  1.400000e-30  4.440000e-30  1.400000e-29  4.440000e-29  1.400000e-28  4.440000e-28  1.400000e-27  4.440000e-27  1.400000e-26  
209.622627  1.140000e-36  3.610000e-36  1.140000e-35  3.610000e-35  1.140000e-34  3.610000e-34  1.140000e-33  3.610000e-33  1.140000e-32  3.610000e-32  1.140000e-31  3.610000e-31  1.140000e-30  3.610000e-30  1.140000e-29  3.610000e-29  1.140000e-28  3.610000e-28  1.140000e-27  3.610000e-27  1.140000e-26  
219.708228  9.290000e-37  2.940000e-36  9.290000e-36  2.940000e-35  9.290000e-35  2.940000e-34  9.290000e-34  2.940000e-33  9.290000e-33  2.940000e-32  9.290000e-32  2.940000e-31  9.290000e-31  2.940000e-30  9.290000e-30  2.940000e-29  9.290000e-29  2.940000e-28  9.290000e-28  2.940000e-27  9.290000e-27  
230.279080  7.580000e-37  2.400000e-36  7.580000e-36  2.400000e-35  7.580000e-35  2.400000e-34  7.580000e-34  2.400000e-33  7.580000e-33  2.400000e-32  7.580000e-32  2.400000e-31  7.580000e-31  2.400000e-30  7.580000e-30  2.400000e-29  7.580000e-29  2.400000e-28  7.580000e-28  2.400000e-27  7.580000e-27  
241.358528  6.190000e-37  1.960000e-36  6.190000e-36  1.960000e-35  6.190000e-35  1.960000e-34  6.190000e-34  1.960000e-33  6.190000e-33  1.960000e-32  6.190000e-32  1.960000e-31  6.190000e-31  1.960000e-30  6.190000e-30  1.960000e-29  6.190000e-29  1.960000e-28  6.190000e-28  1.960000e-27  6.190000e-27  
252.971043  5.060000e-37  1.600000e-36  5.060000e-36  1.600000e-35  5.060000e-35  1.600000e-34  5.060000e-34  1.600000e-33  5.060000e-33  1.600000e-32  5.060000e-32  1.600000e-31  5.060000e-31  1.600000e-30  5.060000e-30  1.600000e-29  5.060000e-29  1.600000e-28  5.060000e-28  1.600000e-27  5.060000e-27  
265.142273  4.150000e-37  1.310000e-36  4.150000e-36  1.310000e-35  4.150000e-35  1.310000e-34  4.150000e-34  1.310000e-33  4.150000e-33  1.310000e-32  4.150000e-32  1.310000e-31  4.150000e-31  1.310000e-30  4.150000e-30  1.310000e-29  4.150000e-29  1.310000e-28  4.150000e-28  1.310000e-27  4.150000e-27  
277.899099  3.400000e-37  1.080000e-36  3.400000e-36  1.080000e-35  3.400000e-35  1.080000e-34  3.400000e-34  1.080000e-33  3.400000e-33  1.080000e-32  3.400000e-32  1.080000e-31  3.400000e-31  1.080000e-30  3.400000e-30  1.080000e-29  3.400000e-29  1.080000e-28  3.400000e-28  1.080000e-27  3.400000e-27  
291.269696  2.790000e-37  8.820000e-37  2.790000e-36  8.830000e-36  2.790000e-35  8.820000e-35  2.790000e-34  8.830000e-34  2.790000e-33  8.820000e-33  2.790000e-32  8.830000e-32  2.790000e-31  8.820000e-31  2.790000e-30  8.830000e-30  2.790000e-29  8.820000e-29  2.790000e-28  8.830000e-28  2.790000e-27  
305.283593  2.290000e-37  7.250000e-37  2.290000e-36  7.250000e-36  2.290000e-35  7.250000e-35  2.290000e-34  7.250000e-34  2.290000e-33  7.250000e-33  2.290000e-32  7.250000e-32  2.290000e-31  7.250000e-31  2.290000e-30  7.250000e-30  2.290000e-29  7.250000e-29  2.290000e-28  7.250000e-28  2.290000e-27  
319.971744  1.890000e-37  5.960000e-37  1.890000e-36  5.960000e-36  1.890000e-35  5.960000e-35  1.890000e-34  5.960000e-34  1.890000e-33  5.960000e-33  1.890000e-32  5.960000e-32  1.890000e-31  5.960000e-31  1.890000e-30  5.960000e-30  1.890000e-29  5.960000e-29  1.890000e-28  5.960000e-28  1.890000e-27  
335.366587  1.550000e-37  4.900000e-37  1.550000e-36  4.900000e-36  1.550000e-35  4.900000e-35  1.550000e-34  4.900000e-34  1.550000e-33  4.900000e-33  1.550000e-32  4.900000e-32  1.550000e-31  4.900000e-31  1.550000e-30  4.900000e-30  1.550000e-29  4.900000e-29  1.550000e-28  4.900000e-28  1.550000e-27  
351.502125  1.280000e-37  4.040000e-37  1.280000e-36  4.040000e-36  1.280000e-35  4.040000e-35  1.280000e-34  4.040000e-34  1.280000e-33  4.040000e-33  1.280000e-32  4.040000e-32  1.280000e-31  4.040000e-31  1.280000e-30  4.040000e-30  1.280000e-29  4.040000e-29  1.280000e-28  4.040000e-28  1.280000e-27  
368.413994  1.050000e-37  3.330000e-37  1.050000e-36  3.330000e-36  1.050000e-35  3.330000e-35  1.050000e-34  3.330000e-34  1.050000e-33  3.330000e-33  1.050000e-32  3.330000e-32  1.050000e-31  3.330000e-31  1.050000e-30  3.330000e-30  1.050000e-29  3.330000e-29  1.050000e-28  3.330000e-28  1.050000e-27  
386.139546  8.670000e-38  2.740000e-37  8.670000e-37  2.740000e-36  8.670000e-36  2.740000e-35  8.670000e-35  2.740000e-34  8.670000e-34  2.740000e-33  8.670000e-33  2.740000e-32  8.670000e-32  2.740000e-31  8.670000e-31  2.740000e-30  8.670000e-30  2.740000e-29  8.670000e-29  2.740000e-28  8.670000e-28  
404.717930  7.150000e-38  2.260000e-37  7.150000e-37  2.260000e-36  7.150000e-36  2.260000e-35  7.150000e-35  2.260000e-34  7.150000e-34  2.260000e-33  7.150000e-33  2.260000e-32  7.150000e-32  2.260000e-31  7.150000e-31  2.260000e-30  7.150000e-30  2.260000e-29  7.150000e-29  2.260000e-28  7.150000e-28  
424.190178  5.900000e-38  1.870000e-37  5.900000e-37  1.870000e-36  5.900000e-36  1.870000e-35  5.900000e-35  1.870000e-34  5.900000e-34  1.870000e-33  5.900000e-33  1.870000e-32  5.900000e-32  1.870000e-31  5.900000e-31  1.870000e-30  5.900000e-30  1.870000e-29  5.900000e-29  1.870000e-28  5.900000e-28  
444.599297  4.870000e-38  1.540000e-37  4.870000e-37  1.540000e-36  4.870000e-36  1.540000e-35  4.870000e-35  1.540000e-34  4.870000e-34  1.540000e-33  4.870000e-33  1.540000e-32  4.870000e-32  1.540000e-31  4.870000e-31  1.540000e-30  4.870000e-30  1.540000e-29  4.870000e-29  1.540000e-28  4.870000e-28  
465.990362  4.020000e-38  1.270000e-37  4.020000e-37  1.270000e-36  4.020000e-36  1.270000e-35  4.020000e-35  1.270000e-34  4.020000e-34  1.270000e-33  4.020000e-33  1.270000e-32  4.020000e-32  1.270000e-31  4.020000e-31  1.270000e-30  4.020000e-30  1.270000e-29  4.020000e-29  1.270000e-28  4.020000e-28  
488.410619  3.320000e-38  1.050000e-37  3.320000e-37  1.050000e-36  3.320000e-36  1.050000e-35  3.320000e-35  1.050000e-34  3.320000e-34  1.050000e-33  3.320000e-33  1.050000e-32  3.320000e-32  1.050000e-31  3.320000e-31  1.050000e-30  3.320000e-30  1.050000e-29  3.320000e-29  1.050000e-28  3.320000e-28  
511.909585  2.740000e-38  8.670000e-38  2.740000e-37  8.680000e-37  2.740000e-36  8.670000e-36  2.740000e-35  8.680000e-35  2.740000e-34  8.670000e-34  2.740000e-33  8.680000e-33  2.740000e-32  8.670000e-32  2.740000e-31  8.680000e-31  2.740000e-30  8.670000e-30  2.740000e-29  8.680000e-29  2.740000e-28  
536.539159  2.270000e-38  7.170000e-38  2.270000e-37  7.170000e-37  2.270000e-36  7.170000e-36  2.270000e-35  7.170000e-35  2.270000e-34  7.170000e-34  2.270000e-33  7.170000e-33  2.270000e-32  7.170000e-32  2.270000e-31  7.170000e-31  2.270000e-30  7.170000e-30  2.270000e-29  7.170000e-29  2.270000e-28  
562.353740  1.870000e-38  5.930000e-38  1.870000e-37  5.930000e-37  1.870000e-36  5.930000e-36  1.870000e-35  5.930000e-35  1.870000e-34  5.930000e-34  1.870000e-33  5.930000e-33  1.870000e-32  5.930000e-32  1.870000e-31  5.930000e-31  1.870000e-30  5.930000e-30  1.870000e-29  5.930000e-29  1.870000e-28  
589.410341  1.550000e-38  4.900000e-38  1.550000e-37  4.900000e-37  1.550000e-36  4.900000e-36  1.550000e-35  4.900000e-35  1.550000e-34  4.900000e-34  1.550000e-33  4.900000e-33  1.550000e-32  4.900000e-32  1.550000e-31  4.900000e-31  1.550000e-30  4.900000e-30  1.550000e-29  4.900000e-29  1.550000e-28  
617.768719  1.280000e-38  4.050000e-38  1.280000e-37  4.050000e-37  1.280000e-36  4.050000e-36  1.280000e-35  4.050000e-35  1.280000e-34  4.050000e-34  1.280000e-33  4.050000e-33  1.280000e-32  4.050000e-32  1.280000e-31  4.050000e-31  1.280000e-30  4.050000e-30  1.280000e-29  4.050000e-29  1.280000e-28  
647.491509  1.060000e-38  3.350000e-38  1.060000e-37  3.350000e-37  1.060000e-36  3.350000e-36  1.060000e-35  3.350000e-35  1.060000e-34  3.350000e-34  1.060000e-33  3.350000e-33  1.060000e-32  3.350000e-32  1.060000e-31  3.350000e-31  1.060000e-30  3.350000e-30  1.060000e-29  3.350000e-29  1.060000e-28  
678.644354  8.770000e-39  2.770000e-38  8.770000e-38  2.770000e-37  8.770000e-37  2.770000e-36  8.770000e-36  2.770000e-35  8.770000e-35  2.770000e-34  8.770000e-34  2.770000e-33  8.770000e-33  2.770000e-32  8.770000e-32  2.770000e-31  8.770000e-31  2.770000e-30  8.770000e-30  2.770000e-29  8.770000e-29  
711.296061  7.250000e-39  2.290000e-38  7.250000e-38  2.290000e-37  7.250000e-37  2.290000e-36  7.250000e-36  2.290000e-35  7.250000e-35  2.290000e-34  7.250000e-34  2.290000e-33  7.250000e-33  2.290000e-32  7.250000e-32  2.290000e-31  7.250000e-31  2.290000e-30  7.250000e-30  2.290000e-29  7.250000e-29  
745.518744  6.000000e-39  1.900000e-38  6.000000e-38  1.900000e-37  6.000000e-37  1.900000e-36  6.000000e-36  1.900000e-35  6.000000e-35  1.900000e-34  6.000000e-34  1.900000e-33  6.000000e-33  1.900000e-32  6.000000e-32  1.900000e-31  6.000000e-31  1.900000e-30  6.000000e-30  1.900000e-29  6.000000e-29  
781.387987  4.970000e-39  1.570000e-38  4.970000e-38  1.570000e-37  4.970000e-37  1.570000e-36  4.970000e-36  1.570000e-35  4.970000e-35  1.570000e-34  4.970000e-34  1.570000e-33  4.970000e-33  1.570000e-32  4.970000e-32  1.570000e-31  4.970000e-31  1.570000e-30  4.970000e-30  1.570000e-29  4.970000e-29  
818.983012  4.110000e-39  1.300000e-38  4.110000e-38  1.300000e-37  4.110000e-37  1.300000e-36  4.110000e-36  1.300000e-35  4.110000e-35  1.300000e-34  4.110000e-34  1.300000e-33  4.110000e-33  1.300000e-32  4.110000e-32  1.300000e-31  4.110000e-31  1.300000e-30  4.110000e-30  1.300000e-29  4.110000e-29  
858.386852  3.400000e-39  1.080000e-38  3.400000e-38  1.080000e-37  3.400000e-37  1.080000e-36  3.400000e-36  1.080000e-35  3.400000e-35  1.080000e-34  3.400000e-34  1.080000e-33  3.400000e-33  1.080000e-32  3.400000e-32  1.080000e-31  3.400000e-31  1.080000e-30  3.400000e-30  1.080000e-29  3.400000e-29  
899.686534  2.820000e-39  8.910000e-39  2.820000e-38  8.910000e-38  2.820000e-37  8.910000e-37  2.820000e-36  8.910000e-36  2.820000e-35  8.910000e-35  2.820000e-34  8.910000e-34  2.820000e-33  8.910000e-33  2.820000e-32  8.910000e-32  2.820000e-31  8.910000e-31  2.820000e-30  8.910000e-30  2.820000e-29  
942.973273  2.330000e-39  7.380000e-39  2.330000e-38  7.380000e-38  2.330000e-37  7.380000e-37  2.330000e-36  7.380000e-36  2.330000e-35  7.380000e-35  2.330000e-34  7.380000e-34  2.330000e-33  7.380000e-33  2.330000e-32  7.380000e-32  2.330000e-31  7.380000e-31  2.330000e-30  7.380000e-30  2.330000e-29  
988.342672  1.930000e-39  6.110000e-39  1.930000e-38  6.110000e-38  1.930000e-37  6.110000e-37  1.930000e-36  6.110000e-36  1.930000e-35  6.110000e-35  1.930000e-34  6.110000e-34  1.930000e-33  6.110000e-33  1.930000e-32  6.110000e-32  1.930000e-31  6.110000e-31  1.930000e-30  6.110000e-30  1.930000e-29  
1035.894940  1.600000e-39  5.060000e-39  1.600000e-38  5.060000e-38  1.600000e-37  5.060000e-37  1.600000e-36  5.060000e-36  1.600000e-35  5.060000e-35  1.600000e-34  5.060000e-34  1.600000e-33  5.060000e-33  1.600000e-32  5.060000e-32  1.600000e-31  5.060000e-31  1.600000e-30  5.060000e-30  1.600000e-29  
1085.735090  1.320000e-39  4.190000e-39  1.320000e-38  4.190000e-38  1.320000e-37  4.190000e-37  1.320000e-36  4.190000e-36  1.320000e-35  4.190000e-35  1.320000e-34  4.190000e-34  1.320000e-33  4.190000e-33  1.320000e-32  4.190000e-32  1.320000e-31  4.190000e-31  1.320000e-30  4.190000e-30  1.320000e-29  
1137.973210  1.100000e-39  3.470000e-39  1.100000e-38  3.470000e-38  1.100000e-37  3.470000e-37  1.100000e-36  3.470000e-36  1.100000e-35  3.470000e-35  1.100000e-34  3.470000e-34  1.100000e-33  3.470000e-33  1.100000e-32  3.470000e-32  1.100000e-31  3.470000e-31  1.100000e-30  3.470000e-30  1.100000e-29  
1192.724660  9.080000e-40  2.870000e-39  9.080000e-39  2.870000e-38  9.080000e-38  2.870000e-37  9.080000e-37  2.870000e-36  9.080000e-36  2.870000e-35  9.080000e-35  2.870000e-34  9.080000e-34  2.870000e-33  9.080000e-33  2.870000e-32  9.080000e-32  2.870000e-31  9.080000e-31  2.870000e-30  9.080000e-30  
1250.110390  7.520000e-40  2.380000e-39  7.520000e-39  2.380000e-38  7.520000e-38  2.380000e-37  7.520000e-37  2.380000e-36  7.520000e-36  2.380000e-35  7.520000e-35  2.380000e-34  7.520000e-34  2.380000e-33  7.520000e-33  2.380000e-32  7.520000e-32  2.380000e-31  7.520000e-31  2.380000e-30  7.520000e-30  
1310.257110  6.230000e-40  1.970000e-39  6.230000e-39  1.970000e-38  6.230000e-38  1.970000e-37  6.230000e-37  1.970000e-36  6.230000e-36  1.970000e-35  6.230000e-35  1.970000e-34  6.230000e-34  1.970000e-33  6.230000e-33  1.970000e-32  6.230000e-32  1.970000e-31  6.230000e-31  1.970000e-30  6.230000e-30  
1373.297690  5.160000e-40  1.630000e-39  5.160000e-39  1.630000e-38  5.160000e-38  1.630000e-37  5.160000e-37  1.630000e-36  5.160000e-36  1.630000e-35  5.160000e-35  1.630000e-34  5.160000e-34  1.630000e-33  5.160000e-33  1.630000e-32  5.160000e-32  1.630000e-31  5.160000e-31  1.630000e-30  5.160000e-30  
1439.371350  4.280000e-40  1.350000e-39  4.280000e-39  1.350000e-38  4.280000e-38  1.350000e-37  4.280000e-37  1.350000e-36  4.280000e-36  1.350000e-35  4.280000e-35  1.350000e-34  4.280000e-34  1.350000e-33  4.280000e-33  1.350000e-32  4.280000e-32  1.350000e-31  4.280000e-31  1.350000e-30  4.280000e-30  
1508.624010  3.540000e-40  1.120000e-39  3.540000e-39  1.120000e-38  3.540000e-38  1.120000e-37  3.540000e-37  1.120000e-36  3.540000e-36  1.120000e-35  3.540000e-35  1.120000e-34  3.540000e-34  1.120000e-33  3.540000e-33  1.120000e-32  3.540000e-32  1.120000e-31  3.540000e-31  1.120000e-30  3.540000e-30  
1581.208640  2.930000e-40  9.280000e-40  2.930000e-39  9.280000e-39  2.930000e-38  9.280000e-38  2.930000e-37  9.280000e-37  2.930000e-36  9.280000e-36  2.930000e-35  9.280000e-35  2.930000e-34  9.280000e-34  2.930000e-33  9.280000e-33  2.930000e-32  9.280000e-32  2.930000e-31  9.280000e-31  2.930000e-30  
1657.285550  2.430000e-40  7.680000e-40  2.430000e-39  7.690000e-39  2.430000e-38  7.680000e-38  2.430000e-37  7.690000e-37  2.430000e-36  7.680000e-36  2.430000e-35  7.690000e-35  2.430000e-34  7.680000e-34  2.430000e-33  7.690000e-33  2.430000e-32  7.680000e-32  2.430000e-31  7.690000e-31  2.430000e-30  
1737.022750  2.010000e-40  6.370000e-40  2.010000e-39  6.370000e-39  2.010000e-38  6.370000e-38  2.010000e-37  6.370000e-37  2.010000e-36  6.370000e-36  2.010000e-35  6.370000e-35  2.010000e-34  6.370000e-34  2.010000e-33  6.370000e-33  2.010000e-32  6.370000e-32  2.010000e-31  6.370000e-31  2.010000e-30  
1820.596360  1.670000e-40  5.270000e-40  1.670000e-39  5.270000e-39  1.670000e-38  5.270000e-38  1.670000e-37  5.270000e-37  1.670000e-36  5.270000e-36  1.670000e-35  5.270000e-35  1.670000e-34  5.270000e-34  1.670000e-33  5.270000e-33  1.670000e-32  5.270000e-32  1.670000e-31  5.270000e-31  1.670000e-30  
1908.190950  1.380000e-40  4.370000e-40  1.380000e-39  4.370000e-39  1.380000e-38  4.370000e-38  1.380000e-37  4.370000e-37  1.380000e-36  4.370000e-36  1.380000e-35  4.370000e-35  1.380000e-34  4.370000e-34  1.380000e-33  4.370000e-33  1.380000e-32  4.370000e-32  1.380000e-31  4.370000e-31  1.380000e-30  
2000.000000  1.150000e-40  3.620000e-40  1.140000e-39  3.620000e-39  1.150000e-38  3.620000e-38  1.140000e-37  3.620000e-37  1.150000e-36  3.620000e-36  1.140000e-35  3.620000e-35  1.150000e-34  3.620000e-34  1.140000e-33  3.620000e-33  1.150000e-32  3.620000e-32  1.140000e-31  3.620000e-31  1.150000e-30  
2096.226270  9.490000e-41  3.000000e-40  9.490000e-40  3.000000e-39  9.490000e-39  3.000000e-38  9.490000e-38  3.000000e-37  9.490000e-37  3.000000e-36  9.490000e-36  3.000000e-35  9.490000e-35  3.000000e-34  9.490000e-34  3.000000e-33  9.490000e-33  3.000000e-32  9.490000e-32  3.000000e-31  9.490000e-31  
2197.082280  7.860000e-41  2.480000e-40  7.860000e-40  2.490000e-39  7.860000e-39  2.480000e-38  7.860000e-38  2.490000e-37  7.860000e-37  2.480000e-36  7.860000e-36  2.490000e-35  7.860000e-35  2.480000e-34  7.860000e-34  2.490000e-33  7.860000e-33  2.480000e-32  7.860000e-32  2.490000e-31  7.860000e-31  
2302.790800  6.510000e-41  2.060000e-40  6.510000e-40  2.060000e-39  6.510000e-39  2.060000e-38  6.510000e-38  2.060000e-37  6.510000e-37  2.060000e-36  6.510000e-36  2.060000e-35  6.510000e-35  2.060000e-34  6.510000e-34  2.060000e-33  6.510000e-33  2.060000e-32  6.510000e-32  2.060000e-31  6.510000e-31  
2413.585280  5.400000e-41  1.710000e-40  5.390000e-40  1.710000e-39  5.400000e-39  1.710000e-38  5.390000e-38  1.710000e-37  5.400000e-37  1.710000e-36  5.390000e-36  1.710000e-35  5.400000e-35  1.710000e-34  5.390000e-34  1.710000e-33  5.400000e-33  1.710000e-32  5.390000e-32  1.710000e-31  5.400000e-31  
2529.710430  4.470000e-41  1.410000e-40  4.470000e-40  1.410000e-39  4.470000e-39  1.410000e-38  4.470000e-38  1.410000e-37  4.470000e-37  1.410000e-36  4.470000e-36  1.410000e-35  4.470000e-35  1.410000e-34  4.470000e-34  1.410000e-33  4.470000e-33  1.410000e-32  4.470000e-32  1.410000e-31  4.470000e-31  
2651.422730  3.700000e-41  1.170000e-40  3.700000e-40  1.170000e-39  3.700000e-39  1.170000e-38  3.700000e-38  1.170000e-37  3.700000e-37  1.170000e-36  3.700000e-36  1.170000e-35  3.700000e-35  1.170000e-34  3.700000e-34  1.170000e-33  3.700000e-33  1.170000e-32  3.700000e-32  1.170000e-31  3.700000e-31  
2778.990990  3.070000e-41  9.700000e-41  3.070000e-40  9.700000e-40  3.070000e-39  9.700000e-39  3.070000e-38  9.700000e-38  3.070000e-37  9.700000e-37  3.070000e-36  9.700000e-36  3.070000e-35  9.700000e-35  3.070000e-34  9.700000e-34  3.070000e-33  9.700000e-33  3.070000e-32  9.700000e-32  3.070000e-31  
2912.696950  2.540000e-41  8.040000e-41  2.540000e-40  8.040000e-40  2.540000e-39  8.040000e-39  2.540000e-38  8.040000e-38  2.540000e-37  8.040000e-37  2.540000e-36  8.040000e-36  2.540000e-35  8.040000e-35  2.540000e-34  8.040000e-34  2.540000e-33  8.040000e-33  2.540000e-32  8.040000e-32  2.540000e-31  
3052.835930  2.110000e-41  6.660000e-41  2.110000e-40  6.660000e-40  2.110000e-39  6.660000e-39  2.110000e-38  6.660000e-38  2.110000e-37  6.660000e-37  2.110000e-36  6.660000e-36  2.110000e-35  6.660000e-35  2.110000e-34  6.660000e-34  2.110000e-33  6.660000e-33  2.110000e-32  6.660000e-32  2.110000e-31  
3199.717440  1.750000e-41  5.520000e-41  1.750000e-40  5.520000e-40  1.750000e-39  5.520000e-39  1.750000e-38  5.520000e-38  1.750000e-37  5.520000e-37  1.750000e-36  5.520000e-36  1.750000e-35  5.520000e-35  1.750000e-34  5.520000e-34  1.750000e-33  5.520000e-33  1.750000e-32  5.520000e-32  1.750000e-31  
3353.665870  1.450000e-41  4.570000e-41  1.450000e-40  4.570000e-40  1.450000e-39  4.570000e-39  1.450000e-38  4.570000e-38  1.450000e-37  4.570000e-37  1.450000e-36  4.570000e-36  1.450000e-35  4.570000e-35  1.450000e-34  4.570000e-34  1.450000e-33  4.570000e-33  1.450000e-32  4.570000e-32  1.450000e-31  
3515.021250  1.200000e-41  3.790000e-41  1.200000e-40  3.790000e-40  1.200000e-39  3.790000e-39  1.200000e-38  3.790000e-38  1.200000e-37  3.790000e-37  1.200000e-36  3.790000e-36  1.200000e-35  3.790000e-35  1.200000e-34  3.790000e-34  1.200000e-33  3.790000e-33  1.200000e-32  3.790000e-32  1.200000e-31  
3684.139940  9.930000e-42  3.140000e-41  9.930000e-41  3.140000e-40  9.930000e-40  3.140000e-39  9.930000e-39  3.140000e-38  9.930000e-38  3.140000e-37  9.930000e-37  3.140000e-36  9.930000e-36  3.140000e-35  9.930000e-35  3.140000e-34  9.930000e-34  3.140000e-33  9.930000e-33  3.140000e-32  9.930000e-32  
3861.395460  8.230000e-42  2.600000e-41  8.230000e-41  2.600000e-40  8.230000e-40  2.600000e-39  8.230000e-39  2.600000e-38  8.230000e-38  2.600000e-37  8.230000e-37  2.600000e-36  8.230000e-36  2.600000e-35  8.230000e-35  2.600000e-34  8.230000e-34  2.600000e-33  8.230000e-33  2.600000e-32  8.230000e-32  
4047.179300  6.820000e-42  2.160000e-41  6.820000e-41  2.160000e-40  6.820000e-40  2.160000e-39  6.820000e-39  2.160000e-38  6.820000e-38  2.160000e-37  6.820000e-37  2.160000e-36  6.820000e-36  2.160000e-35  6.820000e-35  2.160000e-34  6.820000e-34  2.160000e-33  6.820000e-33  2.160000e-32  6.820000e-32  
4241.901780  5.650000e-42  1.790000e-41  5.650000e-41  1.790000e-40  5.650000e-40  1.790000e-39  5.650000e-39  1.790000e-38  5.650000e-38  1.790000e-37  5.650000e-37  1.790000e-36  5.650000e-36  1.790000e-35  5.650000e-35  1.790000e-34  5.650000e-34  1.790000e-33  5.650000e-33  1.790000e-32  5.650000e-32  
4445.992970  4.680000e-42  1.480000e-41  4.680000e-41  1.480000e-40  4.680000e-40  1.480000e-39  4.680000e-39  1.480000e-38  4.680000e-38  1.480000e-37  4.680000e-37  1.480000e-36  4.680000e-36  1.480000e-35  4.680000e-35  1.480000e-34  4.680000e-34  1.480000e-33  4.680000e-33  1.480000e-32  4.680000e-32  
4659.903620  3.880000e-42  1.230000e-41  3.880000e-41  1.230000e-40  3.880000e-40  1.230000e-39  3.880000e-39  1.230000e-38  3.880000e-38  1.230000e-37  3.880000e-37  1.230000e-36  3.880000e-36  1.230000e-35  3.880000e-35  1.230000e-34  3.880000e-34  1.230000e-33  3.880000e-33  1.230000e-32  3.880000e-32  
4884.106190  3.210000e-42  1.020000e-41  3.210000e-41  1.020000e-40  3.210000e-40  1.020000e-39  3.210000e-39  1.020000e-38  3.210000e-38  1.020000e-37  3.210000e-37  1.020000e-36  3.210000e-36  1.020000e-35  3.210000e-35  1.020000e-34  3.210000e-34  1.020000e-33  3.210000e-33  1.020000e-32  3.210000e-32  
5119.095850  2.660000e-42  8.420000e-42  2.660000e-41  8.420000e-41  2.660000e-40  8.420000e-40  2.660000e-39  8.420000e-39  2.660000e-38  8.420000e-38  2.660000e-37  8.420000e-37  2.660000e-36  8.420000e-36  2.660000e-35  8.420000e-35  2.660000e-34  8.420000e-34  2.660000e-33  8.420000e-33  2.660000e-32  
5365.391590  2.210000e-42  6.980000e-42  2.210000e-41  6.980000e-41  2.210000e-40  6.980000e-40  2.210000e-39  6.980000e-39  2.210000e-38  6.980000e-38  2.210000e-37  6.980000e-37  2.210000e-36  6.980000e-36  2.210000e-35  6.980000e-35  2.210000e-34  6.980000e-34  2.210000e-33  6.980000e-33  2.210000e-32  
5623.537400  1.830000e-42  5.780000e-42  1.830000e-41  5.780000e-41  1.830000e-40  5.780000e-40  1.830000e-39  5.780000e-39  1.830000e-38  5.780000e-38  1.830000e-37  5.780000e-37  1.830000e-36  5.780000e-36  1.830000e-35  5.780000e-35  1.830000e-34  5.780000e-34  1.830000e-33  5.780000e-33  1.830000e-32  
5894.103410  1.520000e-42  4.790000e-42  1.520000e-41  4.790000e-41  1.520000e-40  4.790000e-40  1.520000e-39  4.790000e-39  1.520000e-38  4.790000e-38  1.520000e-37  4.790000e-37  1.520000e-36  4.790000e-36  1.520000e-35  4.790000e-35  1.520000e-34  4.790000e-34  1.520000e-33  4.790000e-33  1.520000e-32  
6177.687190  1.260000e-42  3.970000e-42  1.260000e-41  3.970000e-41  1.260000e-40  3.970000e-40  1.260000e-39  3.970000e-39  1.260000e-38  3.970000e-38  1.260000e-37  3.970000e-37  1.260000e-36  3.970000e-36  1.260000e-35  3.970000e-35  1.260000e-34  3.970000e-34  1.260000e-33  3.970000e-33  1.260000e-32  
6474.915090  1.040000e-42  3.290000e-42  1.040000e-41  3.290000e-41  1.040000e-40  3.290000e-40  1.040000e-39  3.290000e-39  1.040000e-38  3.290000e-38  1.040000e-37  3.290000e-37  1.040000e-36  3.290000e-36  1.040000e-35  3.290000e-35  1.040000e-34  3.290000e-34  1.040000e-33  3.290000e-33  1.040000e-32  
6786.443540  8.620000e-43  2.730000e-42  8.620000e-42  2.730000e-41  8.620000e-41  2.730000e-40  8.620000e-40  2.730000e-39  8.620000e-39  2.730000e-38  8.620000e-38  2.730000e-37  8.620000e-37  2.730000e-36  8.620000e-36  2.730000e-35  8.620000e-35  2.730000e-34  8.620000e-34  2.730000e-33  8.620000e-33  
7112.960610  7.140000e-43  2.260000e-42  7.140000e-42  2.260000e-41  7.140000e-41  2.260000e-40  7.140000e-40  2.260000e-39  7.140000e-39  2.260000e-38  7.140000e-38  2.260000e-37  7.140000e-37  2.260000e-36  7.140000e-36  2.260000e-35  7.140000e-35  2.260000e-34  7.140000e-34  2.260000e-33  7.140000e-33  
7455.187440  5.920000e-43  1.870000e-42  5.920000e-42  1.870000e-41  5.920000e-41  1.870000e-40  5.920000e-40  1.870000e-39  5.920000e-39  1.870000e-38  5.920000e-38  1.870000e-37  5.920000e-37  1.870000e-36  5.920000e-36  1.870000e-35  5.920000e-35  1.870000e-34  5.920000e-34  1.870000e-33  5.920000e-33  
7813.879870  4.910000e-43  1.550000e-42  4.900000e-42  1.550000e-41  4.910000e-41  1.550000e-40  4.900000e-40  1.550000e-39  4.910000e-39  1.550000e-38  4.900000e-38  1.550000e-37  4.910000e-37  1.550000e-36  4.900000e-36  1.550000e-35  4.910000e-35  1.550000e-34  4.900000e-34  1.550000e-33  4.910000e-33  
8189.830120  4.060000e-43  1.290000e-42  4.060000e-42  1.290000e-41  4.060000e-41  1.290000e-40  4.060000e-40  1.290000e-39  4.060000e-39  1.290000e-38  4.060000e-38  1.290000e-37  4.060000e-37  1.290000e-36  4.060000e-36  1.290000e-35  4.060000e-35  1.290000e-34  4.060000e-34  1.290000e-33  4.060000e-33  
8583.868520  3.370000e-43  1.060000e-42  3.370000e-42  1.060000e-41  3.370000e-41  1.060000e-40  3.370000e-40  1.060000e-39  3.370000e-39  1.060000e-38  3.370000e-38  1.060000e-37  3.370000e-37  1.060000e-36  3.370000e-36  1.060000e-35  3.370000e-35  1.060000e-34  3.370000e-34  1.060000e-33  3.370000e-33  
8996.865340  2.790000e-43  8.820000e-43  2.790000e-42  8.820000e-42  2.790000e-41  8.820000e-41  2.790000e-40  8.820000e-40  2.790000e-39  8.820000e-39  2.790000e-38  8.820000e-38  2.790000e-37  8.820000e-37  2.790000e-36  8.820000e-36  2.790000e-35  8.820000e-35  2.790000e-34  8.820000e-34  2.790000e-33  
9429.732730  2.310000e-43  7.310000e-43  2.310000e-42  7.310000e-42  2.310000e-41  7.310000e-41  2.310000e-40  7.310000e-40  2.310000e-39  7.310000e-39  2.310000e-38  7.310000e-38  2.310000e-37  7.310000e-37  2.310000e-36  7.310000e-36  2.310000e-35  7.310000e-35  2.310000e-34  7.310000e-34  2.310000e-33  
9883.426720  1.920000e-43  6.060000e-43  1.920000e-42  6.060000e-42  1.920000e-41  6.060000e-41  1.920000e-40  6.060000e-40  1.920000e-39  6.060000e-39  1.920000e-38  6.060000e-38  1.920000e-37  6.060000e-37  1.920000e-36  6.060000e-36  1.920000e-35  6.060000e-35  1.920000e-34  6.060000e-34  1.920000e-33  
10358.949400  1.590000e-43  5.020000e-43  1.590000e-42  5.020000e-42  1.590000e-41  5.020000e-41  1.590000e-40  5.020000e-40  1.590000e-39  5.020000e-39  1.590000e-38  5.020000e-38  1.590000e-37  5.020000e-37  1.590000e-36  5.020000e-36  1.590000e-35  5.020000e-35  1.590000e-34  5.020000e-34  1.590000e-33  
10857.350900  1.320000e-43  4.160000e-43  1.320000e-42  4.160000e-42  1.320000e-41  4.160000e-41  1.320000e-40  4.160000e-40  1.320000e-39  4.160000e-39  1.320000e-38  4.160000e-38  1.320000e-37  4.160000e-37  1.320000e-36  4.160000e-36  1.320000e-35  4.160000e-35  1.320000e-34  4.160000e-34  1.320000e-33  
11379.732100  1.090000e-43  3.450000e-43  1.090000e-42  3.450000e-42  1.090000e-41  3.450000e-41  1.090000e-40  3.450000e-40  1.090000e-39  3.450000e-39  1.090000e-38  3.450000e-38  1.090000e-37  3.450000e-37  1.090000e-36  3.450000e-36  1.090000e-35  3.450000e-35  1.090000e-34  3.450000e-34  1.090000e-33  
11927.246600  9.030000e-44  2.860000e-43  9.030000e-43  2.860000e-42  9.030000e-42  2.860000e-41  9.030000e-41  2.860000e-40  9.030000e-40  2.860000e-39  9.030000e-39  2.860000e-38  9.030000e-38  2.860000e-37  9.030000e-37  2.860000e-36  9.030000e-36  2.860000e-35  9.030000e-35  2.860000e-34  9.030000e-34  
12501.103900  7.490000e-44  2.370000e-43  7.490000e-43  2.370000e-42  7.490000e-42  2.370000e-41  7.490000e-41  2.370000e-40  7.490000e-40  2.370000e-39  7.490000e-39  2.370000e-38  7.490000e-38  2.370000e-37  7.490000e-37  2.370000e-36  7.490000e-36  2.370000e-35  7.490000e-35  2.370000e-34  7.490000e-34  
13102.571100  6.200000e-44  1.960000e-43  6.200000e-43  1.960000e-42  6.200000e-42  1.960000e-41  6.200000e-41  1.960000e-40  6.200000e-40  1.960000e-39  6.200000e-39  1.960000e-38  6.200000e-38  1.960000e-37  6.200000e-37  1.960000e-36  6.200000e-36  1.960000e-35  6.200000e-35  1.960000e-34  6.200000e-34  
13732.976900  5.140000e-44  1.630000e-43  5.140000e-43  1.630000e-42  5.140000e-42  1.630000e-41  5.140000e-41  1.630000e-40  5.140000e-40  1.630000e-39  5.140000e-39  1.630000e-38  5.140000e-38  1.630000e-37  5.140000e-37  1.630000e-36  5.140000e-36  1.630000e-35  5.140000e-35  1.630000e-34  5.140000e-34  
14393.713500  4.260000e-44  1.350000e-43  4.260000e-43  1.350000e-42  4.260000e-42  1.350000e-41  4.260000e-41  1.350000e-40  4.260000e-40  1.350000e-39  4.260000e-39  1.350000e-38  4.260000e-38  1.350000e-37  4.260000e-37  1.350000e-36  4.260000e-36  1.350000e-35  4.260000e-35  1.350000e-34  4.260000e-34  
15086.240100  3.530000e-44  1.120000e-43  3.530000e-43  1.120000e-42  3.530000e-42  1.120000e-41  3.530000e-41  1.120000e-40  3.530000e-40  1.120000e-39  3.530000e-39  1.120000e-38  3.530000e-38  1.120000e-37  3.530000e-37  1.120000e-36  3.530000e-36  1.120000e-35  3.530000e-35  1.120000e-34  3.530000e-34  
15812.086400  2.930000e-44  9.250000e-44  2.920000e-43  9.250000e-43  2.930000e-42  9.250000e-42  2.920000e-41  9.250000e-41  2.930000e-40  9.250000e-40  2.920000e-39  9.250000e-39  2.930000e-38  9.250000e-38  2.920000e-37  9.250000e-37  2.930000e-36  9.250000e-36  2.920000e-35  9.250000e-35  2.930000e-34  
16572.855500  2.420000e-44  7.660000e-44  2.420000e-43  7.660000e-43  2.420000e-42  7.660000e-42  2.420000e-41  7.660000e-41  2.420000e-40  7.660000e-40  2.420000e-39  7.660000e-39  2.420000e-38  7.660000e-38  2.420000e-37  7.660000e-37  2.420000e-36  7.660000e-36  2.420000e-35  7.660000e-35  2.420000e-34  
17370.227500  2.010000e-44  6.350000e-44  2.010000e-43  6.350000e-43  2.010000e-42  6.350000e-42  2.010000e-41  6.350000e-41  2.010000e-40  6.350000e-40  2.010000e-39  6.350000e-39  2.010000e-38  6.350000e-38  2.010000e-37  6.350000e-37  2.010000e-36  6.350000e-36  2.010000e-35  6.350000e-35  2.010000e-34  
18205.963600  1.660000e-44  5.260000e-44  1.660000e-43  5.260000e-43  1.660000e-42  5.260000e-42  1.660000e-41  5.260000e-41  1.660000e-40  5.260000e-40  1.660000e-39  5.260000e-39  1.660000e-38  5.260000e-38  1.660000e-37  5.260000e-37  1.660000e-36  5.260000e-36  1.660000e-35  5.260000e-35  1.660000e-34  
19081.909500  1.380000e-44  4.360000e-44  1.380000e-43  4.360000e-43  1.380000e-42  4.360000e-42  1.380000e-41  4.360000e-41  1.380000e-40  4.360000e-40  1.380000e-39  4.360000e-39  1.380000e-38  4.360000e-38  1.380000e-37  4.360000e-37  1.380000e-36  4.360000e-36  1.380000e-35  4.360000e-35  1.380000e-34  
