2.000000  1.000000e-50  1.000000e-50  1.000000e-50  1.000000e-50  1.000000e-50  1.000000e-50  1.000000e-50  1.000000e-50  1.000000e-50  1.000000e-50  1.000000e-50  1.000000e-50  1.000000e-50  1.000000e-50  1.000000e-50  1.000000e-50  1.000000e-50  1.000000e-50  1.000000e-50  1.000000e-50  1.000000e-50  
2.096226  1.000000e-50  1.000000e-50  1.000000e-50  1.000000e-50  1.000000e-50  1.000000e-50  1.000000e-50  1.000000e-50  1.000000e-50  1.000000e-50  1.000000e-50  1.000000e-50  1.000000e-50  1.000000e-50  1.000000e-50  1.000000e-50  1.000000e-50  1.000000e-50  1.000000e-50  1.000000e-50  1.000000e-50  
2.197082  1.000000e-50  1.000000e-50  1.000000e-50  1.000000e-50  1.000000e-50  1.000000e-50  1.000000e-50  1.000000e-50  1.000000e-50  1.000000e-50  1.000000e-50  1.000000e-50  1.000000e-50  1.000000e-50  1.000000e-50  1.000000e-50  1.000000e-50  1.000000e-50  1.000000e-50  1.000000e-50  1.000000e-50  
2.302791  1.000000e-50  1.000000e-50  1.000000e-50  1.000000e-50  1.000000e-50  1.000000e-50  1.000000e-50  1.000000e-50  1.000000e-50  1.000000e-50  1.000000e-50  1.000000e-50  1.000000e-50  1.000000e-50  1.000000e-50  1.000000e-50  1.000000e-50  1.000000e-50  1.000000e-50  1.000000e-50  1.000000e-50  
2.413585  1.000000e-50  1.000000e-50  1.000000e-50  1.000000e-50  1.000000e-50  1.000000e-50  1.000000e-50  1.000000e-50  1.000000e-50  1.000000e-50  1.000000e-50  1.000000e-50  1.000000e-50  1.000000e-50  1.000000e-50  1.000000e-50  1.000000e-50  1.000000e-50  1.000000e-50  1.000000e-50  1.000000e-50  
2.529710  1.000000e-50  1.000000e-50  1.000000e-50  1.000000e-50  1.000000e-50  1.000000e-50  1.000000e-50  1.000000e-50  1.000000e-50  1.000000e-50  1.000000e-50  1.000000e-50  1.000000e-50  1.000000e-50  1.000000e-50  1.000000e-50  1.000000e-50  1.000000e-50  1.000000e-50  1.000000e-50  1.000000e-50  
2.651423  1.000000e-50  1.000000e-50  1.000000e-50  1.000000e-50  1.000000e-50  1.000000e-50  1.000000e-50  1.000000e-50  1.000000e-50  1.000000e-50  1.000000e-50  1.000000e-50  1.000000e-50  1.000000e-50  1.000000e-50  1.000000e-50  1.000000e-50  1.000000e-50  1.000000e-50  1.000000e-50  1.000000e-50  
2.778991  1.000000e-50  1.000000e-50  1.000000e-50  1.000000e-50  1.000000e-50  1.000000e-50  1.000000e-50  1.000000e-50  1.000000e-50  1.000000e-50  1.000000e-50  1.000000e-50  1.000000e-50  1.000000e-50  1.000000e-50  1.000000e-50  1.000000e-50  1.000000e-50  1.000000e-50  1.000000e-50  1.000000e-50  
2.912697  1.000000e-50  1.000000e-50  1.000000e-50  1.000000e-50  1.000000e-50  1.000000e-50  1.000000e-50  1.000000e-50  1.000000e-50  1.000000e-50  1.000000e-50  1.000000e-50  1.000000e-50  1.000000e-50  1.000000e-50  1.000000e-50  1.000000e-50  1.000000e-50  1.000000e-50  1.000000e-50  1.000000e-50  
3.052836  1.000000e-50  1.000000e-50  1.000000e-50  1.000000e-50  1.000000e-50  1.000000e-50  1.000000e-50  1.000000e-50  1.000000e-50  1.000000e-50  1.000000e-50  1.000000e-50  1.000000e-50  1.000000e-50  1.000000e-50  1.000000e-50  1.000000e-50  1.000000e-50  1.000000e-50  1.000000e-50  1.000000e-50  
3.199717  1.000000e-50  1.000000e-50  1.000000e-50  1.000000e-50  1.000000e-50  1.000000e-50  1.000000e-50  1.000000e-50  1.000000e-50  1.000000e-50  1.000000e-50  1.000000e-50  1.000000e-50  1.000000e-50  1.000000e-50  1.000000e-50  1.000000e-50  1.000000e-50  1.000000e-50  1.000000e-50  1.000000e-50  
3.353666  1.000000e-50  1.000000e-50  1.000000e-50  1.000000e-50  1.000000e-50  1.000000e-50  1.000000e-50  1.000000e-50  1.000000e-50  1.000000e-50  1.000000e-50  1.000000e-50  1.000000e-50  1.000000e-50  1.000000e-50  1.000000e-50  1.000000e-50  1.000000e-50  1.000000e-50  1.000000e-50  1.000000e-50  
3.515021  1.000000e-50  1.000000e-50  1.000000e-50  1.000000e-50  1.000000e-50  1.000000e-50  1.000000e-50  1.000000e-50  1.000000e-50  1.000000e-50  1.000000e-50  1.000000e-50  1.000000e-50  1.000000e-50  1.000000e-50  1.000000e-50  1.000000e-50  1.000000e-50  1.000000e-50  1.000000e-50  1.000000e-50  
3.684140  1.000000e-50  1.000000e-50  1.000000e-50  1.000000e-50  1.000000e-50  1.000000e-50  1.000000e-50  1.000000e-50  1.000000e-50  1.000000e-50  1.000000e-50  1.000000e-50  1.000000e-50  1.000000e-50  1.000000e-50  1.000000e-50  1.000000e-50  1.000000e-50  1.000000e-50  1.000000e-50  1.000000e-50  
3.861395  1.000000e-50  1.000000e-50  1.000000e-50  1.000000e-50  1.000000e-50  1.000000e-50  1.000000e-50  1.000000e-50  1.000000e-50  1.000000e-50  1.000000e-50  1.000000e-50  1.000000e-50  1.000000e-50  1.000000e-50  1.000000e-50  1.000000e-50  1.000000e-50  1.000000e-50  1.000000e-50  1.000000e-50  
4.047179  1.000000e-50  1.000000e-50  1.000000e-50  1.000000e-50  1.000000e-50  1.000000e-50  1.000000e-50  1.000000e-50  1.000000e-50  1.000000e-50  1.000000e-50  1.000000e-50  1.000000e-50  1.000000e-50  1.000000e-50  1.000000e-50  1.000000e-50  1.000000e-50  1.000000e-50  1.000000e-50  1.000000e-50  
4.241902  1.000000e-50  1.000000e-50  1.000000e-50  1.000000e-50  1.000000e-50  1.000000e-50  1.000000e-50  1.000000e-50  1.000000e-50  1.000000e-50  1.000000e-50  1.000000e-50  1.000000e-50  1.000000e-50  1.000000e-50  1.000000e-50  1.000000e-50  1.000000e-50  1.000000e-50  1.000000e-50  1.000000e-50  
4.445993  1.000000e-50  1.000000e-50  1.000000e-50  1.000000e-50  1.000000e-50  1.000000e-50  1.000000e-50  1.000000e-50  1.000000e-50  1.000000e-50  1.000000e-50  1.000000e-50  1.000000e-50  1.000000e-50  1.000000e-50  1.000000e-50  1.000000e-50  1.000000e-50  1.000000e-50  1.000000e-50  1.000000e-50  
4.659904  1.000000e-50  1.000000e-50  1.000000e-50  1.000000e-50  1.000000e-50  1.000000e-50  1.000000e-50  1.000000e-50  1.000000e-50  1.000000e-50  1.000000e-50  1.000000e-50  1.000000e-50  1.000000e-50  1.000000e-50  1.000000e-50  1.000000e-50  1.000000e-50  1.000000e-50  1.000000e-50  1.000000e-50  
4.884106  3.140000e-35  9.770000e-35  3.140000e-34  9.810000e-34  3.100000e-33  9.900000e-33  3.100000e-32  9.950000e-32  3.100000e-31  9.870000e-31  3.050000e-30  9.830000e-30  3.110000e-29  9.870000e-29  3.160000e-28  9.790000e-28  3.090000e-27  9.490000e-27  2.710000e-26  3.950000e-26  1.950000e-26  
5.119096  9.500000e-35  3.010000e-34  9.470000e-34  3.010000e-33  9.540000e-33  3.000000e-32  9.520000e-32  3.000000e-31  9.460000e-31  3.010000e-30  9.590000e-30  3.020000e-29  9.580000e-29  2.990000e-28  9.540000e-28  3.020000e-27  9.530000e-27  2.930000e-26  8.280000e-26  1.210000e-25  5.970000e-26  
5.365392  1.680000e-34  5.350000e-34  1.700000e-33  5.330000e-33  1.700000e-32  5.330000e-32  1.700000e-31  5.370000e-31  1.690000e-30  5.340000e-30  1.690000e-29  5.330000e-29  1.690000e-28  5.380000e-28  1.700000e-27  5.330000e-27  1.700000e-26  5.220000e-26  1.480000e-25  2.150000e-25  1.060000e-25  
5.623537  2.460000e-34  7.890000e-34  2.480000e-33  7.850000e-33  2.460000e-32  7.840000e-32  2.470000e-31  7.820000e-31  2.460000e-30  7.810000e-30  2.480000e-29  7.810000e-29  2.470000e-28  7.810000e-28  2.480000e-27  7.780000e-27  2.480000e-26  7.700000e-26  2.160000e-25  3.140000e-25  1.550000e-25  
5.894103  3.250000e-34  1.030000e-33  3.250000e-33  1.030000e-32  3.240000e-32  1.030000e-31  3.260000e-31  1.030000e-30  3.250000e-30  1.040000e-29  3.270000e-29  1.020000e-28  3.240000e-28  1.030000e-27  3.260000e-27  1.030000e-26  3.230000e-26  1.020000e-25  2.830000e-25  4.120000e-25  2.030000e-25  
6.177687  3.980000e-34  1.270000e-33  3.980000e-33  1.260000e-32  3.990000e-32  1.270000e-31  3.960000e-31  1.270000e-30  4.010000e-30  1.270000e-29  3.980000e-29  1.270000e-28  4.020000e-28  1.270000e-27  4.000000e-27  1.270000e-26  3.980000e-26  1.250000e-25  3.480000e-25  5.060000e-25  2.500000e-25  
6.474915  4.720000e-34  1.490000e-33  4.710000e-33  1.490000e-32  4.720000e-32  1.490000e-31  4.710000e-31  1.490000e-30  4.680000e-30  1.490000e-29  4.710000e-29  1.490000e-28  4.690000e-28  1.490000e-27  4.690000e-27  1.500000e-26  4.690000e-26  1.470000e-25  4.100000e-25  5.960000e-25  2.950000e-25  
6.786444  5.380000e-34  1.690000e-33  5.360000e-33  1.710000e-32  5.370000e-32  1.700000e-31  5.370000e-31  1.700000e-30  5.390000e-30  1.700000e-29  5.350000e-29  1.700000e-28  5.350000e-28  1.710000e-27  5.380000e-27  1.700000e-26  5.380000e-26  1.680000e-25  4.680000e-25  6.800000e-25  3.360000e-25  
7.112961  6.020000e-34  1.900000e-33  5.990000e-33  1.910000e-32  6.010000e-32  1.900000e-31  5.990000e-31  1.900000e-30  5.990000e-30  1.890000e-29  6.010000e-29  1.890000e-28  5.990000e-28  1.900000e-27  5.990000e-27  1.900000e-26  5.980000e-26  1.880000e-25  5.220000e-25  7.580000e-25  3.740000e-25  
7.455187  6.590000e-34  2.080000e-33  6.570000e-33  2.090000e-32  6.590000e-32  2.070000e-31  6.570000e-31  2.080000e-30  6.580000e-30  2.080000e-29  6.570000e-29  2.070000e-28  6.570000e-28  2.090000e-27  6.570000e-27  2.080000e-26  6.570000e-26  2.040000e-25  5.720000e-25  8.310000e-25  4.100000e-25  
7.813880  7.110000e-34  2.240000e-33  7.100000e-33  2.240000e-32  7.120000e-32  2.250000e-31  7.120000e-31  2.260000e-30  7.110000e-30  2.250000e-29  7.100000e-29  2.260000e-28  7.110000e-28  2.240000e-27  7.090000e-27  2.260000e-26  7.120000e-26  2.210000e-25  6.180000e-25  8.970000e-25  4.420000e-25  
8.189830  7.570000e-34  2.400000e-33  7.600000e-33  2.400000e-32  7.590000e-32  2.400000e-31  7.580000e-31  2.410000e-30  7.590000e-30  2.390000e-29  7.590000e-29  2.400000e-28  7.600000e-28  2.390000e-27  7.600000e-27  2.410000e-26  7.610000e-26  2.370000e-25  6.600000e-25  9.570000e-25  4.720000e-25  
8.583869  8.050000e-34  2.540000e-33  8.030000e-33  2.540000e-32  8.020000e-32  2.550000e-31  8.020000e-31  2.540000e-30  8.060000e-30  2.540000e-29  8.040000e-29  2.540000e-28  8.030000e-28  2.530000e-27  8.040000e-27  2.540000e-26  8.020000e-26  2.500000e-25  6.980000e-25  1.010000e-24  4.980000e-25  
8.996865  8.470000e-34  2.670000e-33  8.440000e-33  2.670000e-32  8.430000e-32  2.670000e-31  8.470000e-31  2.670000e-30  8.420000e-30  2.660000e-29  8.450000e-29  2.670000e-28  8.450000e-28  2.670000e-27  8.420000e-27  2.680000e-26  8.410000e-26  2.630000e-25  7.330000e-25  1.060000e-24  5.230000e-25  
9.429733  8.810000e-34  2.790000e-33  8.810000e-33  2.780000e-32  8.810000e-32  2.780000e-31  8.790000e-31  2.780000e-30  8.840000e-30  2.780000e-29  8.790000e-29  2.790000e-28  8.830000e-28  2.790000e-27  8.810000e-27  2.780000e-26  8.780000e-26  2.760000e-25  7.650000e-25  1.110000e-24  5.440000e-25  
9.883427  9.150000e-34  2.890000e-33  9.140000e-33  2.890000e-32  9.140000e-32  2.890000e-31  9.110000e-31  2.890000e-30  9.140000e-30  2.900000e-29  9.160000e-29  2.890000e-28  9.150000e-28  2.890000e-27  9.130000e-27  2.890000e-26  9.150000e-26  2.840000e-25  7.930000e-25  1.150000e-24  5.640000e-25  
10.358949  9.440000e-34  2.990000e-33  9.440000e-33  2.990000e-32  9.450000e-32  2.990000e-31  9.450000e-31  2.980000e-30  9.450000e-30  2.990000e-29  9.450000e-29  2.990000e-28  9.470000e-28  2.980000e-27  9.420000e-27  3.000000e-26  9.420000e-26  2.940000e-25  8.200000e-25  1.180000e-24  5.810000e-25  
10.857351  9.730000e-34  3.070000e-33  9.710000e-33  3.080000e-32  9.700000e-32  3.070000e-31  9.730000e-31  3.080000e-30  9.730000e-30  3.080000e-29  9.720000e-29  3.070000e-28  9.740000e-28  3.070000e-27  9.700000e-27  3.080000e-26  9.720000e-26  3.030000e-25  8.440000e-25  1.220000e-24  5.970000e-25  
11.379732  1.000000e-33  3.150000e-33  9.970000e-33  3.160000e-32  9.980000e-32  3.150000e-31  9.980000e-31  3.160000e-30  9.970000e-30  3.150000e-29  9.970000e-29  3.160000e-28  1.000000e-27  3.150000e-27  9.980000e-27  3.150000e-26  9.970000e-26  3.110000e-25  8.660000e-25  1.250000e-24  6.110000e-25  
11.927247  1.020000e-33  3.230000e-33  1.020000e-32  3.230000e-32  1.020000e-31  3.240000e-31  1.020000e-30  3.230000e-30  1.020000e-29  3.240000e-29  1.020000e-28  3.230000e-28  1.020000e-27  3.230000e-27  1.020000e-26  3.240000e-26  1.020000e-25  3.180000e-25  8.860000e-25  1.270000e-24  6.240000e-25  
12.501104  1.040000e-33  3.300000e-33  1.050000e-32  3.300000e-32  1.040000e-31  3.300000e-31  1.040000e-30  3.300000e-30  1.040000e-29  3.300000e-29  1.050000e-28  3.310000e-28  1.040000e-27  3.300000e-27  1.050000e-26  3.310000e-26  1.040000e-25  3.240000e-25  9.040000e-25  1.300000e-24  6.350000e-25  
13.102571  1.060000e-33  3.370000e-33  1.060000e-32  3.360000e-32  1.070000e-31  3.370000e-31  1.060000e-30  3.370000e-30  1.070000e-29  3.370000e-29  1.070000e-28  3.370000e-28  1.060000e-27  3.370000e-27  1.070000e-26  3.370000e-26  1.060000e-25  3.320000e-25  9.220000e-25  1.320000e-24  6.450000e-25  
13.732977  1.090000e-33  3.440000e-33  1.090000e-32  3.430000e-32  1.090000e-31  3.430000e-31  1.090000e-30  3.440000e-30  1.080000e-29  3.430000e-29  1.090000e-28  3.430000e-28  1.090000e-27  3.440000e-27  1.090000e-26  3.430000e-26  1.080000e-25  3.390000e-25  9.390000e-25  1.340000e-24  6.540000e-25  
14.393714  1.110000e-33  3.490000e-33  1.110000e-32  3.490000e-32  1.100000e-31  3.490000e-31  1.100000e-30  3.490000e-30  1.100000e-29  3.490000e-29  1.100000e-28  3.500000e-28  1.110000e-27  3.490000e-27  1.100000e-26  3.490000e-26  1.100000e-25  3.440000e-25  9.550000e-25  1.360000e-24  6.620000e-25  
15.086240  1.120000e-33  3.560000e-33  1.120000e-32  3.550000e-32  1.130000e-31  3.540000e-31  1.120000e-30  3.550000e-30  1.130000e-29  3.550000e-29  1.120000e-28  3.550000e-28  1.120000e-27  3.550000e-27  1.120000e-26  3.560000e-26  1.120000e-25  3.500000e-25  9.700000e-25  1.380000e-24  6.700000e-25  
15.812086  1.140000e-33  3.610000e-33  1.140000e-32  3.620000e-32  1.140000e-31  3.610000e-31  1.140000e-30  3.610000e-30  1.140000e-29  3.610000e-29  1.140000e-28  3.610000e-28  1.140000e-27  3.610000e-27  1.140000e-26  3.610000e-26  1.140000e-25  3.560000e-25  9.860000e-25  1.400000e-24  6.780000e-25  
16.572855  1.160000e-33  3.670000e-33  1.160000e-32  3.670000e-32  1.160000e-31  3.660000e-31  1.160000e-30  3.680000e-30  1.160000e-29  3.670000e-29  1.160000e-28  3.670000e-28  1.160000e-27  3.660000e-27  1.160000e-26  3.670000e-26  1.160000e-25  3.620000e-25  1.000000e-24  1.410000e-24  6.850000e-25  
17.370227  1.180000e-33  3.730000e-33  1.180000e-32  3.730000e-32  1.180000e-31  3.740000e-31  1.180000e-30  3.730000e-30  1.180000e-29  3.730000e-29  1.180000e-28  3.730000e-28  1.180000e-27  3.730000e-27  1.180000e-26  3.730000e-26  1.180000e-25  3.680000e-25  1.020000e-24  1.430000e-24  6.910000e-25  
18.205964  1.200000e-33  3.800000e-33  1.200000e-32  3.800000e-32  1.200000e-31  3.800000e-31  1.200000e-30  3.800000e-30  1.200000e-29  3.800000e-29  1.200000e-28  3.800000e-28  1.200000e-27  3.800000e-27  1.200000e-26  3.800000e-26  1.200000e-25  3.730000e-25  1.030000e-24  1.450000e-24  6.980000e-25  
19.081909  1.220000e-33  3.870000e-33  1.220000e-32  3.870000e-32  1.220000e-31  3.870000e-31  1.220000e-30  3.870000e-30  1.220000e-29  3.870000e-29  1.220000e-28  3.880000e-28  1.220000e-27  3.870000e-27  1.220000e-26  3.870000e-26  1.220000e-25  3.800000e-25  1.050000e-24  1.470000e-24  7.050000e-25  
20.000000  1.250000e-33  3.950000e-33  1.250000e-32  3.940000e-32  1.250000e-31  3.950000e-31  1.250000e-30  3.950000e-30  1.250000e-29  3.940000e-29  1.250000e-28  3.950000e-28  1.250000e-27  3.950000e-27  1.250000e-26  3.950000e-26  1.250000e-25  3.890000e-25  1.070000e-24  1.490000e-24  7.120000e-25  
20.470620  1.260000e-33  3.990000e-33  1.260000e-32  3.980000e-32  1.260000e-31  3.990000e-31  1.260000e-30  3.980000e-30  1.260000e-29  3.980000e-29  1.260000e-28  3.990000e-28  1.260000e-27  3.990000e-27  1.260000e-26  3.990000e-26  1.260000e-25  3.920000e-25  1.080000e-24  1.500000e-24  7.150000e-25  
20.952315  1.270000e-33  4.040000e-33  1.280000e-32  4.040000e-32  1.270000e-31  4.030000e-31  1.270000e-30  4.030000e-30  1.270000e-29  4.030000e-29  1.270000e-28  4.030000e-28  1.270000e-27  4.030000e-27  1.270000e-26  4.030000e-26  1.270000e-25  3.960000e-25  1.090000e-24  1.510000e-24  7.190000e-25  
21.445344  1.290000e-33  4.080000e-33  1.290000e-32  4.070000e-32  1.290000e-31  4.080000e-31  1.290000e-30  4.080000e-30  1.290000e-29  4.070000e-29  1.290000e-28  4.070000e-28  1.290000e-27  4.070000e-27  1.290000e-26  4.070000e-26  1.290000e-25  4.000000e-25  1.100000e-24  1.520000e-24  7.230000e-25  
21.949975  1.300000e-33  4.120000e-33  1.300000e-32  4.120000e-32  1.300000e-31  4.120000e-31  1.300000e-30  4.120000e-30  1.310000e-29  4.120000e-29  1.300000e-28  4.120000e-28  1.300000e-27  4.120000e-27  1.300000e-26  4.130000e-26  1.300000e-25  4.050000e-25  1.110000e-24  1.530000e-24  7.270000e-25  
22.466481  1.320000e-33  4.170000e-33  1.320000e-32  4.180000e-32  1.320000e-31  4.180000e-31  1.320000e-30  4.170000e-30  1.320000e-29  4.170000e-29  1.320000e-28  4.160000e-28  1.320000e-27  4.170000e-27  1.320000e-26  4.170000e-26  1.320000e-25  4.100000e-25  1.130000e-24  1.540000e-24  7.310000e-25  
22.995140  1.340000e-33  4.220000e-33  1.330000e-32  4.220000e-32  1.340000e-31  4.230000e-31  1.330000e-30  4.220000e-30  1.340000e-29  4.230000e-29  1.340000e-28  4.230000e-28  1.330000e-27  4.220000e-27  1.340000e-26  4.220000e-26  1.330000e-25  4.140000e-25  1.140000e-24  1.550000e-24  7.350000e-25  
23.536239  1.350000e-33  4.280000e-33  1.350000e-32  4.280000e-32  1.350000e-31  4.290000e-31  1.350000e-30  4.280000e-30  1.350000e-29  4.290000e-29  1.350000e-28  4.280000e-28  1.350000e-27  4.280000e-27  1.350000e-26  4.280000e-26  1.350000e-25  4.210000e-25  1.150000e-24  1.570000e-24  7.400000e-25  
24.090071  1.370000e-33  4.350000e-33  1.370000e-32  4.340000e-32  1.370000e-31  4.350000e-31  1.370000e-30  4.330000e-30  1.370000e-29  4.340000e-29  1.370000e-28  4.340000e-28  1.370000e-27  4.350000e-27  1.370000e-26  4.350000e-26  1.370000e-25  4.260000e-25  1.170000e-24  1.580000e-24  7.450000e-25  
24.656935  1.390000e-33  4.400000e-33  1.390000e-32  4.410000e-32  1.390000e-31  4.400000e-31  1.390000e-30  4.410000e-30  1.390000e-29  4.410000e-29  1.390000e-28  4.400000e-28  1.390000e-27  4.400000e-27  1.390000e-26  4.410000e-26  1.390000e-25  4.330000e-25  1.180000e-24  1.600000e-24  7.500000e-25  
25.237138  1.420000e-33  4.480000e-33  1.410000e-32  4.470000e-32  1.410000e-31  4.480000e-31  1.420000e-30  4.480000e-30  1.410000e-29  4.480000e-29  1.420000e-28  4.470000e-28  1.420000e-27  4.470000e-27  1.410000e-26  4.480000e-26  1.410000e-25  4.390000e-25  1.200000e-24  1.610000e-24  7.550000e-25  
25.830993  1.440000e-33  4.550000e-33  1.440000e-32  4.550000e-32  1.440000e-31  4.550000e-31  1.440000e-30  4.550000e-30  1.440000e-29  4.560000e-29  1.440000e-28  4.550000e-28  1.440000e-27  4.540000e-27  1.440000e-26  4.550000e-26  1.440000e-25  4.480000e-25  1.220000e-24  1.630000e-24  7.610000e-25  
26.438823  1.460000e-33  4.640000e-33  1.470000e-32  4.630000e-32  1.470000e-31  4.640000e-31  1.460000e-30  4.640000e-30  1.470000e-29  4.630000e-29  1.470000e-28  4.630000e-28  1.460000e-27  4.630000e-27  1.460000e-26  4.630000e-26  1.460000e-25  4.550000e-25  1.240000e-24  1.650000e-24  7.680000e-25  
27.060955  1.490000e-33  4.710000e-33  1.490000e-32  4.720000e-32  1.490000e-31  4.720000e-31  1.490000e-30  4.710000e-30  1.490000e-29  4.720000e-29  1.490000e-28  4.720000e-28  1.490000e-27  4.710000e-27  1.490000e-26  4.720000e-26  1.490000e-25  4.620000e-25  1.260000e-24  1.670000e-24  7.740000e-25  
27.697727  1.520000e-33  4.800000e-33  1.520000e-32  4.810000e-32  1.520000e-31  4.800000e-31  1.520000e-30  4.800000e-30  1.520000e-29  4.820000e-29  1.520000e-28  4.810000e-28  1.520000e-27  4.810000e-27  1.520000e-26  4.820000e-26  1.520000e-25  4.720000e-25  1.280000e-24  1.690000e-24  7.820000e-25  
28.349483  1.560000e-33  4.920000e-33  1.550000e-32  4.900000e-32  1.550000e-31  4.910000e-31  1.550000e-30  4.910000e-30  1.550000e-29  4.910000e-29  1.550000e-28  4.900000e-28  1.550000e-27  4.910000e-27  1.550000e-26  4.920000e-26  1.550000e-25  4.820000e-25  1.310000e-24  1.710000e-24  7.890000e-25  
29.016576  1.590000e-33  5.020000e-33  1.590000e-32  5.020000e-32  1.590000e-31  5.030000e-31  1.590000e-30  5.030000e-30  1.590000e-29  5.030000e-29  1.590000e-28  5.030000e-28  1.590000e-27  5.020000e-27  1.590000e-26  5.030000e-26  1.590000e-25  4.930000e-25  1.340000e-24  1.740000e-24  7.980000e-25  
29.699365  1.630000e-33  5.140000e-33  1.630000e-32  5.150000e-32  1.630000e-31  5.160000e-31  1.620000e-30  5.150000e-30  1.630000e-29  5.140000e-29  1.630000e-28  5.150000e-28  1.630000e-27  5.150000e-27  1.630000e-26  5.150000e-26  1.630000e-25  5.050000e-25  1.360000e-24  1.760000e-24  8.070000e-25  
30.398222  1.670000e-33  5.280000e-33  1.670000e-32  5.280000e-32  1.670000e-31  5.280000e-31  1.670000e-30  5.280000e-30  1.670000e-29  5.280000e-29  1.670000e-28  5.280000e-28  1.670000e-27  5.270000e-27  1.670000e-26  5.270000e-26  1.670000e-25  5.180000e-25  1.400000e-24  1.790000e-24  8.170000e-25  
31.113523  1.710000e-33  5.420000e-33  1.710000e-32  5.420000e-32  1.720000e-31  5.430000e-31  1.710000e-30  5.420000e-30  1.720000e-29  5.410000e-29  1.710000e-28  5.430000e-28  1.710000e-27  5.410000e-27  1.720000e-26  5.440000e-26  1.710000e-25  5.320000e-25  1.430000e-24  1.820000e-24  8.270000e-25  
31.845656  1.770000e-33  5.580000e-33  1.760000e-32  5.580000e-32  1.760000e-31  5.580000e-31  1.760000e-30  5.580000e-30  1.770000e-29  5.570000e-29  1.770000e-28  5.560000e-28  1.770000e-27  5.580000e-27  1.760000e-26  5.580000e-26  1.760000e-25  5.470000e-25  1.470000e-24  1.860000e-24  8.390000e-25  
32.595017  1.820000e-33  5.750000e-33  1.820000e-32  5.760000e-32  1.820000e-31  5.740000e-31  1.820000e-30  5.760000e-30  1.820000e-29  5.760000e-29  1.820000e-28  5.760000e-28  1.820000e-27  5.750000e-27  1.820000e-26  5.750000e-26  1.820000e-25  5.640000e-25  1.510000e-24  1.890000e-24  8.510000e-25  
33.362011  1.880000e-33  5.960000e-33  1.880000e-32  5.950000e-32  1.880000e-31  5.950000e-31  1.880000e-30  5.960000e-30  1.880000e-29  5.940000e-29  1.880000e-28  5.940000e-28  1.880000e-27  5.940000e-27  1.880000e-26  5.940000e-26  1.880000e-25  5.830000e-25  1.560000e-24  1.930000e-24  8.650000e-25  
34.147053  1.950000e-33  6.160000e-33  1.950000e-32  6.160000e-32  1.950000e-31  6.160000e-31  1.950000e-30  6.160000e-30  1.950000e-29  6.160000e-29  1.950000e-28  6.160000e-28  1.950000e-27  6.150000e-27  1.950000e-26  6.160000e-26  1.950000e-25  6.030000e-25  1.610000e-24  1.980000e-24  8.790000e-25  
34.950568  2.020000e-33  6.400000e-33  2.020000e-32  6.410000e-32  2.020000e-31  6.400000e-31  2.020000e-30  6.390000e-30  2.030000e-29  6.400000e-29  2.020000e-28  6.410000e-28  2.030000e-27  6.410000e-27  2.020000e-26  6.400000e-26  2.020000e-25  6.260000e-25  1.660000e-24  2.030000e-24  8.960000e-25  
35.772991  2.100000e-33  6.670000e-33  2.110000e-32  6.660000e-32  2.110000e-31  6.660000e-31  2.110000e-30  6.690000e-30  2.110000e-29  6.660000e-29  2.110000e-28  6.660000e-28  2.110000e-27  6.680000e-27  2.110000e-26  6.670000e-26  2.100000e-25  6.520000e-25  1.730000e-24  2.080000e-24  9.140000e-25  
36.614766  2.200000e-33  6.950000e-33  2.200000e-32  6.950000e-32  2.200000e-31  6.960000e-31  2.210000e-30  6.960000e-30  2.200000e-29  6.970000e-29  2.200000e-28  6.960000e-28  2.210000e-27  6.980000e-27  2.200000e-26  6.960000e-26  2.200000e-25  6.810000e-25  1.800000e-24  2.140000e-24  9.340000e-25  
37.476349  2.310000e-33  7.310000e-33  2.310000e-32  7.290000e-32  2.310000e-31  7.310000e-31  2.310000e-30  7.290000e-30  2.310000e-29  7.300000e-29  2.310000e-28  7.320000e-28  2.310000e-27  7.310000e-27  2.310000e-26  7.300000e-26  2.300000e-25  7.130000e-25  1.870000e-24  2.200000e-24  9.550000e-25  
38.358205  2.430000e-33  7.680000e-33  2.430000e-32  7.680000e-32  2.430000e-31  7.670000e-31  2.430000e-30  7.690000e-30  2.430000e-29  7.680000e-29  2.430000e-28  7.690000e-28  2.430000e-27  7.690000e-27  2.420000e-26  7.680000e-26  2.420000e-25  7.500000e-25  1.960000e-24  2.270000e-24  9.800000e-25  
39.260813  2.570000e-33  8.110000e-33  2.570000e-32  8.110000e-32  2.570000e-31  8.130000e-31  2.560000e-30  8.120000e-30  2.570000e-29  8.130000e-29  2.570000e-28  8.130000e-28  2.570000e-27  8.120000e-27  2.570000e-26  8.130000e-26  2.560000e-25  7.930000e-25  2.060000e-24  2.350000e-24  1.010000e-24  
40.184660  2.730000e-33  8.620000e-33  2.730000e-32  8.630000e-32  2.720000e-31  8.630000e-31  2.720000e-30  8.620000e-30  2.730000e-29  8.630000e-29  2.730000e-28  8.610000e-28  2.730000e-27  8.620000e-27  2.730000e-26  8.610000e-26  2.720000e-25  8.410000e-25  2.180000e-24  2.440000e-24  1.040000e-24  
41.130246  2.910000e-33  9.210000e-33  2.900000e-32  9.190000e-32  2.910000e-31  9.200000e-31  2.910000e-30  9.190000e-30  2.910000e-29  9.180000e-29  2.910000e-28  9.220000e-28  2.910000e-27  9.210000e-27  2.910000e-26  9.210000e-26  2.900000e-25  8.970000e-25  2.310000e-24  2.540000e-24  1.070000e-24  
42.098083  3.130000e-33  9.890000e-33  3.120000e-32  9.870000e-32  3.130000e-31  9.870000e-31  3.120000e-30  9.880000e-30  3.120000e-29  9.880000e-29  3.130000e-28  9.900000e-28  3.120000e-27  9.870000e-27  3.120000e-26  9.870000e-26  3.120000e-25  9.620000e-25  2.460000e-24  2.660000e-24  1.110000e-24  
43.088694  3.380000e-33  1.060000e-32  3.380000e-32  1.070000e-31  3.380000e-31  1.070000e-30  3.380000e-30  1.070000e-29  3.380000e-29  1.070000e-28  3.370000e-28  1.070000e-27  3.370000e-27  1.070000e-26  3.370000e-26  1.070000e-25  3.370000e-25  1.040000e-24  2.630000e-24  2.790000e-24  1.150000e-24  
44.102615  3.670000e-33  1.160000e-32  3.680000e-32  1.160000e-31  3.680000e-31  1.160000e-30  3.670000e-30  1.160000e-29  3.680000e-29  1.160000e-28  3.670000e-28  1.160000e-27  3.680000e-27  1.160000e-26  3.680000e-26  1.160000e-25  3.660000e-25  1.130000e-24  2.840000e-24  2.940000e-24  1.200000e-24  
45.140394  4.030000e-33  1.270000e-32  4.030000e-32  1.280000e-31  4.040000e-31  1.280000e-30  4.030000e-30  1.280000e-29  4.030000e-29  1.280000e-28  4.030000e-28  1.270000e-27  4.040000e-27  1.270000e-26  4.030000e-26  1.280000e-25  4.010000e-25  1.240000e-24  3.080000e-24  3.110000e-24  1.260000e-24  
46.202594  4.480000e-33  1.410000e-32  4.470000e-32  1.410000e-31  4.470000e-31  1.410000e-30  4.470000e-30  1.420000e-29  4.470000e-29  1.410000e-28  4.480000e-28  1.410000e-27  4.480000e-27  1.410000e-26  4.480000e-26  1.410000e-25  4.460000e-25  1.370000e-24  3.370000e-24  3.310000e-24  1.330000e-24  
47.289788  5.020000e-33  1.580000e-32  5.020000e-32  1.590000e-31  5.030000e-31  1.590000e-30  5.020000e-30  1.590000e-29  5.010000e-29  1.580000e-28  5.020000e-28  1.580000e-27  5.020000e-27  1.590000e-26  5.020000e-26  1.590000e-25  5.010000e-25  1.530000e-24  3.720000e-24  3.550000e-24  1.400000e-24  
48.402565  5.710000e-33  1.810000e-32  5.710000e-32  1.810000e-31  5.700000e-31  1.800000e-30  5.700000e-30  1.800000e-29  5.700000e-29  1.800000e-28  5.700000e-28  1.810000e-27  5.710000e-27  1.810000e-26  5.700000e-26  1.810000e-25  5.690000e-25  1.740000e-24  4.160000e-24  3.830000e-24  1.500000e-24  
49.541527  6.610000e-33  2.080000e-32  6.590000e-32  2.090000e-31  6.590000e-31  2.080000e-30  6.600000e-30  2.090000e-29  6.590000e-29  2.090000e-28  6.580000e-28  2.090000e-27  6.580000e-27  2.080000e-26  6.590000e-26  2.080000e-25  6.560000e-25  2.000000e-24  4.710000e-24  4.180000e-24  1.610000e-24  
50.707290  7.770000e-33  2.450000e-32  7.780000e-32  2.450000e-31  7.780000e-31  2.450000e-30  7.760000e-30  2.460000e-29  7.770000e-29  2.450000e-28  7.760000e-28  2.460000e-27  7.780000e-27  2.450000e-26  7.760000e-26  2.460000e-25  7.730000e-25  2.350000e-24  5.420000e-24  4.600000e-24  1.750000e-24  
51.900484  9.380000e-33  2.970000e-32  9.390000e-32  2.970000e-31  9.360000e-31  2.970000e-30  9.400000e-30  2.970000e-29  9.380000e-29  2.970000e-28  9.400000e-28  2.960000e-27  9.380000e-27  2.970000e-26  9.370000e-26  2.970000e-25  9.350000e-25  2.830000e-24  6.350000e-24  5.130000e-24  1.920000e-24  
53.121756  1.170000e-32  3.700000e-32  1.170000e-31  3.700000e-31  1.170000e-30  3.690000e-30  1.170000e-29  3.690000e-29  1.170000e-28  3.700000e-28  1.170000e-27  3.690000e-27  1.170000e-26  3.700000e-26  1.170000e-25  3.700000e-25  1.160000e-24  3.510000e-24  7.620000e-24  5.830000e-24  2.150000e-24  
54.370000  1.520000e-32  4.810000e-32  1.520000e-31  4.810000e-31  1.520000e-30  4.800000e-30  1.520000e-29  4.800000e-29  1.520000e-28  4.810000e-28  1.520000e-27  4.800000e-27  1.520000e-26  4.790000e-26  1.520000e-25  4.800000e-25  1.510000e-24  4.520000e-24  9.430000e-24  6.760000e-24  2.450000e-24  
55.650000  2.080000e-32  6.590000e-32  2.080000e-31  6.600000e-31  2.090000e-30  6.600000e-30  2.090000e-29  6.590000e-29  2.080000e-28  6.600000e-28  2.080000e-27  6.580000e-27  2.090000e-26  6.590000e-26  2.090000e-25  6.590000e-25  2.070000e-24  6.150000e-24  1.210000e-23  8.070000e-24  2.870000e-24  
56.960000  3.110000e-32  9.820000e-32  3.100000e-31  9.830000e-31  3.110000e-30  9.820000e-30  3.100000e-29  9.820000e-29  3.100000e-28  9.820000e-28  3.100000e-27  9.820000e-27  3.110000e-26  9.830000e-26  3.110000e-25  9.860000e-25  3.090000e-24  9.030000e-24  1.660000e-23  1.010000e-23  3.510000e-24  
58.300000  5.260000e-32  1.670000e-31  5.270000e-31  1.660000e-30  5.270000e-30  1.670000e-29  5.270000e-29  1.670000e-28  5.270000e-28  1.670000e-27  5.270000e-27  1.670000e-26  5.260000e-26  1.660000e-25  5.270000e-25  1.670000e-24  5.210000e-24  1.490000e-23  2.460000e-23  1.340000e-23  4.570000e-24  
60.000000  1.440000e-31  4.550000e-31  1.440000e-30  4.540000e-30  1.440000e-29  4.550000e-29  1.440000e-28  4.560000e-28  1.440000e-27  4.560000e-27  1.440000e-26  4.540000e-26  1.440000e-25  4.560000e-25  1.430000e-24  4.540000e-24  1.410000e-23  3.830000e-23  4.970000e-23  2.280000e-23  7.560000e-24  
61.000000  3.920000e-31  1.240000e-30  3.920000e-30  1.240000e-29  3.920000e-29  1.240000e-28  3.920000e-28  1.240000e-27  3.920000e-27  1.240000e-26  3.920000e-26  1.240000e-25  3.930000e-25  1.240000e-24  3.930000e-24  1.240000e-23  3.800000e-23  9.440000e-23  9.500000e-23  3.840000e-23  1.250000e-23  
61.500000  8.760000e-31  2.760000e-30  8.750000e-30  2.770000e-29  8.740000e-29  2.760000e-28  8.750000e-28  2.760000e-27  8.750000e-27  2.770000e-26  8.750000e-26  2.770000e-25  8.760000e-25  2.770000e-24  8.740000e-24  2.750000e-23  8.350000e-23  1.880000e-22  1.540000e-22  5.790000e-23  1.870000e-23  
61.800000  1.780000e-30  5.610000e-30  1.770000e-29  5.620000e-29  1.780000e-28  5.610000e-28  1.780000e-27  5.620000e-27  1.780000e-26  5.620000e-26  1.780000e-25  5.620000e-25  1.770000e-24  5.610000e-24  1.780000e-23  5.580000e-23  1.660000e-22  3.360000e-22  2.310000e-22  8.300000e-23  2.660000e-23  
62.000000  3.460000e-30  1.100000e-29  3.470000e-29  1.100000e-28  3.460000e-28  1.100000e-27  3.470000e-27  1.100000e-26  3.460000e-26  1.100000e-25  3.460000e-25  1.090000e-24  3.470000e-24  1.090000e-23  3.470000e-23  1.080000e-22  3.170000e-22  5.660000e-22  3.360000e-22  1.160000e-22  3.720000e-23  
62.200000  9.580000e-30  3.040000e-29  9.630000e-29  3.040000e-28  9.580000e-28  3.040000e-27  9.580000e-27  3.040000e-26  9.570000e-26  3.040000e-25  9.600000e-25  3.030000e-24  9.610000e-24  3.040000e-23  9.570000e-23  2.980000e-22  8.290000e-22  1.190000e-21  5.800000e-22  1.940000e-22  6.190000e-23  
62.300000  2.160000e-29  6.820000e-29  2.160000e-28  6.800000e-28  2.160000e-27  6.830000e-27  2.150000e-26  6.800000e-26  2.150000e-25  6.820000e-25  2.160000e-24  6.810000e-24  2.150000e-23  6.830000e-23  2.150000e-22  6.650000e-22  1.740000e-21  2.040000e-21  8.880000e-22  2.920000e-22  9.270000e-23  
62.350000  3.820000e-29  1.210000e-28  3.820000e-28  1.210000e-27  3.830000e-27  1.210000e-26  3.820000e-26  1.210000e-25  3.830000e-25  1.210000e-24  3.830000e-24  1.210000e-23  3.820000e-23  1.210000e-22  3.820000e-22  1.170000e-21  2.910000e-21  2.940000e-21  1.190000e-21  3.890000e-22  1.240000e-22  
62.400000  8.610000e-29  2.730000e-28  8.610000e-28  2.720000e-27  8.610000e-27  2.720000e-26  8.600000e-26  2.710000e-25  8.580000e-25  2.730000e-24  8.630000e-24  2.730000e-23  8.610000e-23  2.710000e-22  8.560000e-22  2.590000e-21  5.820000e-21  4.790000e-21  1.810000e-21  5.840000e-22  1.850000e-22  
62.430000  1.760000e-28  5.550000e-28  1.760000e-27  5.560000e-27  1.760000e-26  5.550000e-26  1.760000e-25  5.560000e-25  1.760000e-24  5.560000e-24  1.760000e-23  5.560000e-23  1.750000e-22  5.550000e-22  1.740000e-21  5.170000e-21  1.040000e-20  7.200000e-21  2.600000e-21  8.350000e-22  2.650000e-22  
62.450000  3.450000e-28  1.090000e-27  3.440000e-27  1.090000e-26  3.450000e-26  1.090000e-25  3.440000e-25  1.090000e-24  3.440000e-24  1.090000e-23  3.440000e-23  1.090000e-22  3.440000e-22  1.090000e-21  3.400000e-21  9.840000e-21  1.750000e-20  1.050000e-20  3.650000e-21  1.170000e-21  3.700000e-22  
62.460000  5.380000e-28  1.700000e-27  5.380000e-27  1.700000e-26  5.380000e-26  1.700000e-25  5.370000e-25  1.700000e-24  5.390000e-24  1.700000e-23  5.370000e-23  1.700000e-22  5.370000e-22  1.690000e-21  5.290000e-21  1.500000e-20  2.430000e-20  1.330000e-20  4.570000e-21  1.460000e-21  4.630000e-22  
62.470000  9.550000e-28  3.020000e-27  9.550000e-27  3.020000e-26  9.550000e-26  3.030000e-25  9.570000e-25  3.010000e-24  9.540000e-24  3.020000e-23  9.540000e-23  3.010000e-22  9.490000e-22  3.010000e-21  9.320000e-21  2.550000e-20  3.630000e-20  1.800000e-20  6.100000e-21  1.950000e-21  6.170000e-22  
62.475000  1.370000e-27  4.340000e-27  1.370000e-26  4.360000e-26  1.370000e-25  4.350000e-25  1.370000e-24  4.350000e-24  1.370000e-23  4.350000e-23  1.370000e-22  4.360000e-22  1.370000e-21  4.320000e-21  1.330000e-20  3.560000e-20  4.630000e-20  2.180000e-20  7.320000e-21  2.340000e-21  7.400000e-22  
62.480000  2.140000e-27  6.790000e-27  2.140000e-26  6.790000e-26  2.140000e-25  6.800000e-25  2.150000e-24  6.770000e-24  2.150000e-23  6.800000e-23  2.140000e-22  6.780000e-22  2.150000e-21  6.740000e-21  2.070000e-20  5.300000e-20  6.180000e-20  2.750000e-20  9.160000e-21  2.920000e-21  9.250000e-22  
62.485000  3.820000e-27  1.210000e-26  3.810000e-26  1.210000e-25  3.810000e-25  1.210000e-24  3.810000e-24  1.210000e-23  3.800000e-23  1.210000e-22  3.800000e-22  1.210000e-21  3.810000e-21  1.190000e-20  3.610000e-20  8.700000e-20  8.810000e-20  3.690000e-20  1.220000e-20  3.890000e-21  1.230000e-21  
62.490000  8.540000e-27  2.700000e-26  8.540000e-26  2.700000e-25  8.540000e-25  2.700000e-24  8.540000e-24  2.700000e-23  8.540000e-23  2.700000e-22  8.530000e-22  2.700000e-21  8.500000e-21  2.650000e-20  7.830000e-20  1.690000e-19  1.410000e-19  5.570000e-20  1.830000e-20  5.830000e-21  1.850000e-21  
62.493000  1.730000e-26  5.460000e-26  1.730000e-25  5.460000e-25  1.730000e-24  5.460000e-24  1.730000e-23  5.460000e-23  1.730000e-22  5.460000e-22  1.730000e-21  5.450000e-21  1.710000e-20  5.300000e-20  1.520000e-19  2.890000e-19  2.090000e-19  7.950000e-20  2.610000e-20  8.330000e-21  2.640000e-21  
62.495000  3.330000e-26  1.050000e-25  3.330000e-25  1.050000e-24  3.330000e-24  1.050000e-23  3.330000e-23  1.050000e-22  3.330000e-22  1.050000e-21  3.320000e-21  1.050000e-20  3.280000e-20  1.000000e-19  2.750000e-19  4.600000e-19  2.970000e-19  1.110000e-19  3.650000e-20  1.170000e-20  3.700000e-21  
62.497000  8.660000e-26  2.740000e-25  8.660000e-25  2.740000e-24  8.660000e-24  2.740000e-23  8.660000e-23  2.740000e-22  8.660000e-22  2.740000e-21  8.660000e-21  2.730000e-20  8.430000e-20  2.510000e-19  6.270000e-19  8.640000e-19  4.950000e-19  1.840000e-19  6.060000e-20  1.940000e-20  6.160000e-21  
62.498000  1.730000e-25  5.480000e-25  1.730000e-24  5.480000e-24  1.730000e-23  5.480000e-23  1.730000e-22  5.480000e-22  1.730000e-21  5.480000e-21  1.730000e-20  5.420000e-20  1.660000e-19  4.790000e-19  1.090000e-18  1.320000e-18  7.320000e-19  2.730000e-19  9.060000e-20  2.910000e-20  9.240000e-21  
62.499000  4.280000e-25  1.350000e-24  4.280000e-24  1.350000e-23  4.280000e-23  1.350000e-22  4.280000e-22  1.350000e-21  4.280000e-21  1.350000e-20  4.280000e-20  1.320000e-19  3.970000e-19  1.080000e-18  2.230000e-18  2.460000e-18  1.380000e-18  5.330000e-19  1.800000e-19  5.800000e-20  1.850000e-20  
62.500000  8.170000e-25  2.580000e-24  8.170000e-24  2.580000e-23  8.170000e-23  2.580000e-22  8.170000e-22  2.580000e-21  8.170000e-21  2.580000e-20  8.170000e-20  2.580000e-19  8.170000e-19  2.580000e-18  8.170000e-18  2.580000e-17  8.170000e-17  2.580000e-16  8.170000e-16  2.580000e-15  8.170000e-15  
62.501000  4.090000e-25  1.290000e-24  4.090000e-24  1.290000e-23  4.090000e-23  1.290000e-22  4.090000e-22  1.290000e-21  4.090000e-21  1.290000e-20  4.090000e-20  1.290000e-19  4.090000e-19  1.290000e-18  4.090000e-18  1.290000e-17  4.090000e-17  1.290000e-16  4.090000e-16  1.290000e-15  4.090000e-15  
62.502000  1.670000e-25  5.280000e-25  1.670000e-24  5.280000e-24  1.670000e-23  5.280000e-23  1.670000e-22  5.280000e-22  1.670000e-21  5.280000e-21  1.670000e-20  5.280000e-20  1.670000e-19  5.280000e-19  1.670000e-18  5.280000e-18  1.670000e-17  5.280000e-17  1.670000e-16  5.280000e-16  1.670000e-15  
62.503000  8.420000e-26  2.660000e-25  8.420000e-25  2.660000e-24  8.420000e-24  2.660000e-23  8.420000e-23  2.660000e-22  8.420000e-22  2.660000e-21  8.420000e-21  2.660000e-20  8.420000e-20  2.660000e-19  8.420000e-19  2.660000e-18  8.420000e-18  2.660000e-17  8.420000e-17  2.660000e-16  8.420000e-16  
62.505000  3.270000e-26  1.030000e-25  3.270000e-25  1.030000e-24  3.270000e-24  1.030000e-23  3.270000e-23  1.030000e-22  3.270000e-22  1.030000e-21  3.270000e-21  1.030000e-20  3.270000e-20  1.030000e-19  3.270000e-19  1.030000e-18  3.270000e-18  1.030000e-17  3.270000e-17  1.030000e-16  3.270000e-16  
62.507000  1.700000e-26  5.390000e-26  1.700000e-25  5.390000e-25  1.700000e-24  5.390000e-24  1.700000e-23  5.390000e-23  1.700000e-22  5.390000e-22  1.700000e-21  5.390000e-21  1.700000e-20  5.390000e-20  1.700000e-19  5.390000e-19  1.700000e-18  5.390000e-18  1.700000e-17  5.390000e-17  1.700000e-16  
62.510000  8.460000e-27  2.670000e-26  8.460000e-26  2.670000e-25  8.460000e-25  2.670000e-24  8.460000e-24  2.670000e-23  8.460000e-23  2.670000e-22  8.460000e-22  2.670000e-21  8.460000e-21  2.670000e-20  8.460000e-20  2.670000e-19  8.460000e-19  2.670000e-18  8.460000e-18  2.670000e-17  8.460000e-17  
62.515000  3.790000e-27  1.200000e-26  3.790000e-26  1.200000e-25  3.790000e-25  1.200000e-24  3.790000e-24  1.200000e-23  3.790000e-23  1.200000e-22  3.790000e-22  1.200000e-21  3.790000e-21  1.200000e-20  3.790000e-20  1.200000e-19  3.790000e-19  1.200000e-18  3.790000e-18  1.200000e-17  3.790000e-17  
62.520000  2.140000e-27  6.750000e-27  2.140000e-26  6.750000e-26  2.140000e-25  6.750000e-25  2.140000e-24  6.750000e-24  2.140000e-23  6.750000e-23  2.140000e-22  6.750000e-22  2.140000e-21  6.750000e-21  2.140000e-20  6.750000e-20  2.140000e-19  6.750000e-19  2.140000e-18  6.750000e-18  2.140000e-17  
62.525000  1.370000e-27  4.330000e-27  1.370000e-26  4.330000e-26  1.370000e-25  4.330000e-25  1.370000e-24  4.330000e-24  1.370000e-23  4.330000e-23  1.370000e-22  4.330000e-22  1.370000e-21  4.330000e-21  1.370000e-20  4.330000e-20  1.370000e-19  4.330000e-19  1.370000e-18  4.330000e-18  1.370000e-17  
62.530000  9.510000e-28  3.010000e-27  9.510000e-27  3.010000e-26  9.510000e-26  3.010000e-25  9.510000e-25  3.010000e-24  9.510000e-24  3.010000e-23  9.510000e-23  3.010000e-22  9.510000e-22  3.010000e-21  9.510000e-21  3.010000e-20  9.510000e-20  3.010000e-19  9.510000e-19  3.010000e-18  9.510000e-18  
62.540000  5.350000e-28  1.690000e-27  5.350000e-27  1.690000e-26  5.350000e-26  1.690000e-25  5.350000e-25  1.690000e-24  5.350000e-24  1.690000e-23  5.350000e-23  1.690000e-22  5.350000e-22  1.690000e-21  5.350000e-21  1.690000e-20  5.350000e-20  1.690000e-19  5.350000e-19  1.690000e-18  5.350000e-18  
62.550000  3.430000e-28  1.080000e-27  3.430000e-27  1.080000e-26  3.430000e-26  1.080000e-25  3.430000e-25  1.080000e-24  3.430000e-24  1.080000e-23  3.430000e-23  1.080000e-22  3.430000e-22  1.080000e-21  3.430000e-21  1.080000e-20  3.430000e-20  1.080000e-19  3.430000e-19  1.080000e-18  3.430000e-18  
62.570000  1.750000e-28  5.530000e-28  1.750000e-27  5.530000e-27  1.750000e-26  5.530000e-26  1.750000e-25  5.530000e-25  1.750000e-24  5.530000e-24  1.750000e-23  5.530000e-23  1.750000e-22  5.530000e-22  1.750000e-21  5.530000e-21  1.750000e-20  5.530000e-20  1.750000e-19  5.530000e-19  1.750000e-18  
62.600000  8.570000e-29  2.710000e-28  8.570000e-28  2.710000e-27  8.570000e-27  2.710000e-26  8.570000e-26  2.710000e-25  8.570000e-25  2.710000e-24  8.570000e-24  2.710000e-23  8.570000e-23  2.710000e-22  8.570000e-22  2.710000e-21  8.570000e-21  2.710000e-20  8.570000e-20  2.710000e-19  8.570000e-19  
62.650000  3.810000e-29  1.200000e-28  3.810000e-28  1.200000e-27  3.810000e-27  1.200000e-26  3.810000e-26  1.200000e-25  3.810000e-25  1.200000e-24  3.810000e-24  1.200000e-23  3.810000e-23  1.200000e-22  3.810000e-22  1.200000e-21  3.810000e-21  1.200000e-20  3.810000e-20  1.200000e-19  3.810000e-19  
62.700000  2.140000e-29  6.760000e-29  2.140000e-28  6.760000e-28  2.140000e-27  6.760000e-27  2.140000e-26  6.760000e-26  2.140000e-25  6.760000e-25  2.140000e-24  6.760000e-24  2.140000e-23  6.760000e-23  2.140000e-22  6.760000e-22  2.140000e-21  6.760000e-21  2.140000e-20  6.760000e-20  2.140000e-19  
62.800000  9.490000e-30  3.000000e-29  9.490000e-29  3.000000e-28  9.490000e-28  3.000000e-27  9.490000e-27  3.000000e-26  9.490000e-26  3.000000e-25  9.490000e-25  3.000000e-24  9.490000e-24  3.000000e-23  9.490000e-23  3.000000e-22  9.490000e-22  3.000000e-21  9.490000e-21  3.000000e-20  9.490000e-20  
63.000000  3.400000e-30  1.080000e-29  3.400000e-29  1.080000e-28  3.400000e-28  1.080000e-27  3.400000e-27  1.080000e-26  3.400000e-26  1.080000e-25  3.400000e-25  1.080000e-24  3.400000e-24  1.080000e-23  3.400000e-23  1.080000e-22  3.400000e-22  1.080000e-21  3.400000e-21  1.080000e-20  3.400000e-20  
63.200000  1.730000e-30  5.470000e-30  1.730000e-29  5.470000e-29  1.730000e-28  5.470000e-28  1.730000e-27  5.470000e-27  1.730000e-26  5.470000e-26  1.730000e-25  5.470000e-25  1.730000e-24  5.470000e-24  1.730000e-23  5.470000e-23  1.730000e-22  5.470000e-22  1.730000e-21  5.470000e-21  1.730000e-20  
63.600000  6.960000e-31  2.200000e-30  6.950000e-30  2.200000e-29  6.960000e-29  2.200000e-28  6.950000e-28  2.200000e-27  6.960000e-27  2.200000e-26  6.950000e-26  2.200000e-25  6.960000e-25  2.200000e-24  6.950000e-24  2.200000e-23  6.960000e-23  2.200000e-22  6.950000e-22  2.200000e-21  6.960000e-21  
64.200000  2.880000e-31  9.110000e-31  2.880000e-30  9.110000e-30  2.880000e-29  9.110000e-29  2.880000e-28  9.110000e-28  2.880000e-27  9.110000e-27  2.880000e-26  9.110000e-26  2.880000e-25  9.110000e-25  2.880000e-24  9.110000e-24  2.880000e-23  9.110000e-23  2.880000e-22  9.110000e-22  2.880000e-21  
65.500000  9.030000e-32  2.860000e-31  9.030000e-31  2.860000e-30  9.030000e-30  2.860000e-29  9.030000e-29  2.860000e-28  9.030000e-28  2.860000e-27  9.030000e-27  2.860000e-26  9.030000e-26  2.860000e-25  9.030000e-25  2.860000e-24  9.030000e-24  2.860000e-23  9.030000e-23  2.860000e-22  9.030000e-22  
67.030000  3.860000e-32  1.220000e-31  3.860000e-31  1.220000e-30  3.860000e-30  1.220000e-29  3.860000e-29  1.220000e-28  3.860000e-28  1.220000e-27  3.860000e-27  1.220000e-26  3.860000e-26  1.220000e-25  3.860000e-25  1.220000e-24  3.860000e-24  1.220000e-23  3.860000e-23  1.220000e-22  3.860000e-22  
68.610000  2.060000e-32  6.520000e-32  2.060000e-31  6.520000e-31  2.060000e-30  6.520000e-30  2.060000e-29  6.520000e-29  2.060000e-28  6.520000e-28  2.060000e-27  6.520000e-27  2.060000e-26  6.520000e-26  2.060000e-25  6.520000e-25  2.060000e-24  6.520000e-24  2.060000e-23  6.520000e-23  2.060000e-22  
70.220000  1.260000e-32  3.970000e-32  1.260000e-31  3.970000e-31  1.260000e-30  3.970000e-30  1.260000e-29  3.970000e-29  1.260000e-28  3.970000e-28  1.260000e-27  3.970000e-27  1.260000e-26  3.970000e-26  1.260000e-25  3.970000e-25  1.260000e-24  3.970000e-24  1.260000e-23  3.970000e-23  1.260000e-22  
71.880000  8.270000e-33  2.610000e-32  8.270000e-32  2.610000e-31  8.270000e-31  2.610000e-30  8.270000e-30  2.610000e-29  8.270000e-29  2.610000e-28  8.270000e-28  2.610000e-27  8.270000e-27  2.610000e-26  8.270000e-26  2.610000e-25  8.270000e-25  2.610000e-24  8.270000e-24  2.610000e-23  8.270000e-23  
73.567595  5.770000e-33  1.830000e-32  5.770000e-32  1.830000e-31  5.770000e-31  1.830000e-30  5.770000e-30  1.830000e-29  5.770000e-29  1.830000e-28  5.770000e-28  1.830000e-27  5.770000e-27  1.830000e-26  5.770000e-26  1.830000e-25  5.770000e-25  1.830000e-24  5.770000e-24  1.830000e-23  5.770000e-23  
75.298716  4.190000e-33  1.330000e-32  4.190000e-32  1.330000e-31  4.190000e-31  1.330000e-30  4.190000e-30  1.330000e-29  4.190000e-29  1.330000e-28  4.190000e-28  1.330000e-27  4.190000e-27  1.330000e-26  4.190000e-26  1.330000e-25  4.190000e-25  1.330000e-24  4.190000e-24  1.330000e-23  4.190000e-23  
77.070572  3.140000e-33  9.930000e-33  3.140000e-32  9.940000e-32  3.140000e-31  9.930000e-31  3.140000e-30  9.940000e-30  3.140000e-29  9.930000e-29  3.140000e-28  9.940000e-28  3.140000e-27  9.930000e-27  3.140000e-26  9.940000e-26  3.140000e-25  9.930000e-25  3.140000e-24  9.940000e-24  3.140000e-23  
78.884121  2.410000e-33  7.630000e-33  2.410000e-32  7.630000e-32  2.410000e-31  7.630000e-31  2.410000e-30  7.630000e-30  2.410000e-29  7.630000e-29  2.410000e-28  7.630000e-28  2.410000e-27  7.630000e-27  2.410000e-26  7.630000e-26  2.410000e-25  7.630000e-25  2.410000e-24  7.630000e-24  2.410000e-23  
80.740345  1.890000e-33  5.980000e-33  1.890000e-32  5.980000e-32  1.890000e-31  5.980000e-31  1.890000e-30  5.980000e-30  1.890000e-29  5.980000e-29  1.890000e-28  5.980000e-28  1.890000e-27  5.980000e-27  1.890000e-26  5.980000e-26  1.890000e-25  5.980000e-25  1.890000e-24  5.980000e-24  1.890000e-23  
82.640248  1.510000e-33  4.760000e-33  1.510000e-32  4.760000e-32  1.510000e-31  4.760000e-31  1.510000e-30  4.760000e-30  1.510000e-29  4.760000e-29  1.510000e-28  4.760000e-28  1.510000e-27  4.760000e-27  1.510000e-26  4.760000e-26  1.510000e-25  4.760000e-25  1.510000e-24  4.760000e-24  1.510000e-23  
84.584857  1.220000e-33  3.840000e-33  1.210000e-32  3.840000e-32  1.220000e-31  3.840000e-31  1.210000e-30  3.840000e-30  1.220000e-29  3.840000e-29  1.210000e-28  3.840000e-28  1.220000e-27  3.840000e-27  1.210000e-26  3.840000e-26  1.220000e-25  3.840000e-25  1.210000e-24  3.840000e-24  1.220000e-23  
86.575226  9.910000e-34  3.130000e-33  9.910000e-33  3.130000e-32  9.910000e-32  3.130000e-31  9.910000e-31  3.130000e-30  9.910000e-30  3.130000e-29  9.910000e-29  3.130000e-28  9.910000e-28  3.130000e-27  9.910000e-27  3.130000e-26  9.910000e-26  3.130000e-25  9.910000e-25  3.130000e-24  9.910000e-24  
88.612429  8.170000e-34  2.580000e-33  8.170000e-33  2.580000e-32  8.170000e-32  2.580000e-31  8.170000e-31  2.580000e-30  8.170000e-30  2.580000e-29  8.170000e-29  2.580000e-28  8.170000e-28  2.580000e-27  8.170000e-27  2.580000e-26  8.170000e-26  2.580000e-25  8.170000e-25  2.580000e-24  8.170000e-24  
90.697570  6.790000e-34  2.150000e-33  6.790000e-33  2.150000e-32  6.790000e-32  2.150000e-31  6.790000e-31  2.150000e-30  6.790000e-30  2.150000e-29  6.790000e-29  2.150000e-28  6.790000e-28  2.150000e-27  6.790000e-27  2.150000e-26  6.790000e-26  2.150000e-25  6.790000e-25  2.150000e-24  6.790000e-24  
92.831777  5.690000e-34  1.800000e-33  5.690000e-33  1.800000e-32  5.690000e-32  1.800000e-31  5.690000e-31  1.800000e-30  5.690000e-30  1.800000e-29  5.690000e-29  1.800000e-28  5.690000e-28  1.800000e-27  5.690000e-27  1.800000e-26  5.690000e-26  1.800000e-25  5.690000e-25  1.800000e-24  5.690000e-24  
95.016203  4.800000e-34  1.520000e-33  4.800000e-33  1.520000e-32  4.800000e-32  1.520000e-31  4.800000e-31  1.520000e-30  4.800000e-30  1.520000e-29  4.800000e-29  1.520000e-28  4.800000e-28  1.520000e-27  4.800000e-27  1.520000e-26  4.800000e-26  1.520000e-25  4.800000e-25  1.520000e-24  4.800000e-24  
97.252032  4.070000e-34  1.290000e-33  4.070000e-33  1.290000e-32  4.070000e-32  1.290000e-31  4.070000e-31  1.290000e-30  4.070000e-30  1.290000e-29  4.070000e-29  1.290000e-28  4.070000e-28  1.290000e-27  4.070000e-27  1.290000e-26  4.070000e-26  1.290000e-25  4.070000e-25  1.290000e-24  4.070000e-24  
99.540471  3.470000e-34  1.100000e-33  3.470000e-33  1.100000e-32  3.470000e-32  1.100000e-31  3.470000e-31  1.100000e-30  3.470000e-30  1.100000e-29  3.470000e-29  1.100000e-28  3.470000e-28  1.100000e-27  3.470000e-27  1.100000e-26  3.470000e-26  1.100000e-25  3.470000e-25  1.100000e-24  3.470000e-24  
101.882760  2.970000e-34  9.400000e-34  2.970000e-33  9.400000e-33  2.970000e-32  9.400000e-32  2.970000e-31  9.400000e-31  2.970000e-30  9.400000e-30  2.970000e-29  9.400000e-29  2.970000e-28  9.400000e-28  2.970000e-27  9.400000e-27  2.970000e-26  9.400000e-26  2.970000e-25  9.400000e-25  2.970000e-24  
104.280166  2.560000e-34  8.090000e-34  2.560000e-33  8.090000e-33  2.560000e-32  8.090000e-32  2.560000e-31  8.090000e-31  2.560000e-30  8.090000e-30  2.560000e-29  8.090000e-29  2.560000e-28  8.090000e-28  2.560000e-27  8.090000e-27  2.560000e-26  8.090000e-26  2.560000e-25  8.090000e-25  2.560000e-24  
106.733985  2.210000e-34  6.980000e-34  2.210000e-33  6.980000e-33  2.210000e-32  6.980000e-32  2.210000e-31  6.980000e-31  2.210000e-30  6.980000e-30  2.210000e-29  6.980000e-29  2.210000e-28  6.980000e-28  2.210000e-27  6.980000e-27  2.210000e-26  6.980000e-26  2.210000e-25  6.980000e-25  2.210000e-24  
109.245544  1.910000e-34  6.050000e-34  1.910000e-33  6.050000e-33  1.910000e-32  6.050000e-32  1.910000e-31  6.050000e-31  1.910000e-30  6.050000e-30  1.910000e-29  6.050000e-29  1.910000e-28  6.050000e-28  1.910000e-27  6.050000e-27  1.910000e-26  6.050000e-26  1.910000e-25  6.050000e-25  1.910000e-24  
111.816204  1.660000e-34  5.260000e-34  1.660000e-33  5.260000e-33  1.660000e-32  5.260000e-32  1.660000e-31  5.260000e-31  1.660000e-30  5.260000e-30  1.660000e-29  5.260000e-29  1.660000e-28  5.260000e-28  1.660000e-27  5.260000e-27  1.660000e-26  5.260000e-26  1.660000e-25  5.260000e-25  1.660000e-24  
114.447353  1.450000e-34  4.580000e-34  1.450000e-33  4.580000e-33  1.450000e-32  4.580000e-32  1.450000e-31  4.580000e-31  1.450000e-30  4.580000e-30  1.450000e-29  4.580000e-29  1.450000e-28  4.580000e-28  1.450000e-27  4.580000e-27  1.450000e-26  4.580000e-26  1.450000e-25  4.580000e-25  1.450000e-24  
117.140416  1.270000e-34  4.010000e-34  1.270000e-33  4.010000e-33  1.270000e-32  4.010000e-32  1.270000e-31  4.010000e-31  1.270000e-30  4.010000e-30  1.270000e-29  4.010000e-29  1.270000e-28  4.010000e-28  1.270000e-27  4.010000e-27  1.270000e-26  4.010000e-26  1.270000e-25  4.010000e-25  1.270000e-24  
119.896850  1.110000e-34  3.510000e-34  1.110000e-33  3.510000e-33  1.110000e-32  3.510000e-32  1.110000e-31  3.510000e-31  1.110000e-30  3.510000e-30  1.110000e-29  3.510000e-29  1.110000e-28  3.510000e-28  1.110000e-27  3.510000e-27  1.110000e-26  3.510000e-26  1.110000e-25  3.510000e-25  1.110000e-24  
122.718145  9.740000e-35  3.080000e-34  9.740000e-34  3.080000e-33  9.740000e-33  3.080000e-32  9.740000e-32  3.080000e-31  9.740000e-31  3.080000e-30  9.740000e-30  3.080000e-29  9.740000e-29  3.080000e-28  9.740000e-28  3.080000e-27  9.740000e-27  3.080000e-26  9.740000e-26  3.080000e-25  9.740000e-25  
125.605829  8.570000e-35  2.710000e-34  8.570000e-34  2.710000e-33  8.570000e-33  2.710000e-32  8.570000e-32  2.710000e-31  8.570000e-31  2.710000e-30  8.570000e-30  2.710000e-29  8.570000e-29  2.710000e-28  8.570000e-28  2.710000e-27  8.570000e-27  2.710000e-26  8.570000e-26  2.710000e-25  8.570000e-25  
128.561462  7.560000e-35  2.390000e-34  7.550000e-34  2.390000e-33  7.560000e-33  2.390000e-32  7.550000e-32  2.390000e-31  7.560000e-31  2.390000e-30  7.550000e-30  2.390000e-29  7.560000e-29  2.390000e-28  7.550000e-28  2.390000e-27  7.560000e-27  2.390000e-26  7.550000e-26  2.390000e-25  7.560000e-25  
131.586645  6.670000e-35  2.110000e-34  6.670000e-34  2.110000e-33  6.670000e-33  2.110000e-32  6.670000e-32  2.110000e-31  6.670000e-31  2.110000e-30  6.670000e-30  2.110000e-29  6.670000e-29  2.110000e-28  6.670000e-28  2.110000e-27  6.670000e-27  2.110000e-26  6.670000e-26  2.110000e-25  6.670000e-25  
134.683013  5.900000e-35  1.870000e-34  5.900000e-34  1.870000e-33  5.900000e-33  1.870000e-32  5.900000e-32  1.870000e-31  5.900000e-31  1.870000e-30  5.900000e-30  1.870000e-29  5.900000e-29  1.870000e-28  5.900000e-28  1.870000e-27  5.900000e-27  1.870000e-26  5.900000e-26  1.870000e-25  5.900000e-25  
137.852242  5.230000e-35  1.650000e-34  5.230000e-34  1.650000e-33  5.230000e-33  1.650000e-32  5.230000e-32  1.650000e-31  5.230000e-31  1.650000e-30  5.230000e-30  1.650000e-29  5.230000e-29  1.650000e-28  5.230000e-28  1.650000e-27  5.230000e-27  1.650000e-26  5.230000e-26  1.650000e-25  5.230000e-25  
141.096046  4.640000e-35  1.470000e-34  4.630000e-34  1.470000e-33  4.640000e-33  1.470000e-32  4.630000e-32  1.470000e-31  4.640000e-31  1.470000e-30  4.630000e-30  1.470000e-29  4.640000e-29  1.470000e-28  4.630000e-28  1.470000e-27  4.640000e-27  1.470000e-26  4.630000e-26  1.470000e-25  4.640000e-25  
144.416180  4.120000e-35  1.300000e-34  4.120000e-34  1.300000e-33  4.120000e-33  1.300000e-32  4.120000e-32  1.300000e-31  4.120000e-31  1.300000e-30  4.120000e-30  1.300000e-29  4.120000e-29  1.300000e-28  4.120000e-28  1.300000e-27  4.120000e-27  1.300000e-26  4.120000e-26  1.300000e-25  4.120000e-25  
147.814441  3.660000e-35  1.160000e-34  3.660000e-34  1.160000e-33  3.660000e-33  1.160000e-32  3.660000e-32  1.160000e-31  3.660000e-31  1.160000e-30  3.660000e-30  1.160000e-29  3.660000e-29  1.160000e-28  3.660000e-28  1.160000e-27  3.660000e-27  1.160000e-26  3.660000e-26  1.160000e-25  3.660000e-25  
151.292666  3.260000e-35  1.030000e-34  3.260000e-34  1.030000e-33  3.260000e-33  1.030000e-32  3.260000e-32  1.030000e-31  3.260000e-31  1.030000e-30  3.260000e-30  1.030000e-29  3.260000e-29  1.030000e-28  3.260000e-28  1.030000e-27  3.260000e-27  1.030000e-26  3.260000e-26  1.030000e-25  3.260000e-25  
154.852737  2.910000e-35  9.190000e-35  2.910000e-34  9.190000e-34  2.910000e-33  9.190000e-33  2.910000e-32  9.190000e-32  2.910000e-31  9.190000e-31  2.910000e-30  9.190000e-30  2.910000e-29  9.190000e-29  2.910000e-28  9.190000e-28  2.910000e-27  9.190000e-27  2.910000e-26  9.190000e-26  2.910000e-25  
158.496580  2.590000e-35  8.200000e-35  2.590000e-34  8.200000e-34  2.590000e-33  8.200000e-33  2.590000e-32  8.200000e-32  2.590000e-31  8.200000e-31  2.590000e-30  8.200000e-30  2.590000e-29  8.200000e-29  2.590000e-28  8.200000e-28  2.590000e-27  8.200000e-27  2.590000e-26  8.200000e-26  2.590000e-25  
162.226166  2.320000e-35  7.320000e-35  2.320000e-34  7.320000e-34  2.320000e-33  7.320000e-33  2.320000e-32  7.320000e-32  2.320000e-31  7.320000e-31  2.320000e-30  7.320000e-30  2.320000e-29  7.320000e-29  2.320000e-28  7.320000e-28  2.320000e-27  7.320000e-27  2.320000e-26  7.320000e-26  2.320000e-25  
166.043514  2.070000e-35  6.550000e-35  2.070000e-34  6.550000e-34  2.070000e-33  6.550000e-33  2.070000e-32  6.550000e-32  2.070000e-31  6.550000e-31  2.070000e-30  6.550000e-30  2.070000e-29  6.550000e-29  2.070000e-28  6.550000e-28  2.070000e-27  6.550000e-27  2.070000e-26  6.550000e-26  2.070000e-25  
169.950687  1.850000e-35  5.860000e-35  1.850000e-34  5.860000e-34  1.850000e-33  5.860000e-33  1.850000e-32  5.860000e-32  1.850000e-31  5.860000e-31  1.850000e-30  5.860000e-30  1.850000e-29  5.860000e-29  1.850000e-28  5.860000e-28  1.850000e-27  5.860000e-27  1.850000e-26  5.860000e-26  1.850000e-25  
173.949801  1.660000e-35  5.240000e-35  1.660000e-34  5.240000e-34  1.660000e-33  5.240000e-33  1.660000e-32  5.240000e-32  1.660000e-31  5.240000e-31  1.660000e-30  5.240000e-30  1.660000e-29  5.240000e-29  1.660000e-28  5.240000e-28  1.660000e-27  5.240000e-27  1.660000e-26  5.240000e-26  1.660000e-25  
178.043017  1.490000e-35  4.700000e-35  1.490000e-34  4.700000e-34  1.490000e-33  4.700000e-33  1.490000e-32  4.700000e-32  1.490000e-31  4.700000e-31  1.490000e-30  4.700000e-30  1.490000e-29  4.700000e-29  1.490000e-28  4.700000e-28  1.490000e-27  4.700000e-27  1.490000e-26  4.700000e-26  1.490000e-25  
182.232551  1.330000e-35  4.210000e-35  1.330000e-34  4.210000e-34  1.330000e-33  4.210000e-33  1.330000e-32  4.210000e-32  1.330000e-31  4.210000e-31  1.330000e-30  4.210000e-30  1.330000e-29  4.210000e-29  1.330000e-28  4.210000e-28  1.330000e-27  4.210000e-27  1.330000e-26  4.210000e-26  1.330000e-25  
186.520669  1.200000e-35  3.780000e-35  1.200000e-34  3.780000e-34  1.200000e-33  3.780000e-33  1.200000e-32  3.780000e-32  1.200000e-31  3.780000e-31  1.200000e-30  3.780000e-30  1.200000e-29  3.780000e-29  1.200000e-28  3.780000e-28  1.200000e-27  3.780000e-27  1.200000e-26  3.780000e-26  1.200000e-25  
190.909691  1.070000e-35  3.390000e-35  1.070000e-34  3.390000e-34  1.070000e-33  3.390000e-33  1.070000e-32  3.390000e-32  1.070000e-31  3.390000e-31  1.070000e-30  3.390000e-30  1.070000e-29  3.390000e-29  1.070000e-28  3.390000e-28  1.070000e-27  3.390000e-27  1.070000e-26  3.390000e-26  1.070000e-25  
195.401991  9.640000e-36  3.050000e-35  9.640000e-35  3.050000e-34  9.640000e-34  3.050000e-33  9.640000e-33  3.050000e-32  9.640000e-32  3.050000e-31  9.640000e-31  3.050000e-30  9.640000e-30  3.050000e-29  9.640000e-29  3.050000e-28  9.640000e-28  3.050000e-27  9.640000e-27  3.050000e-26  9.640000e-26  
200.000000  8.660000e-36  2.740000e-35  8.660000e-35  2.740000e-34  8.660000e-34  2.740000e-33  8.660000e-33  2.740000e-32  8.660000e-32  2.740000e-31  8.660000e-31  2.740000e-30  8.660000e-30  2.740000e-29  8.660000e-29  2.740000e-28  8.660000e-28  2.740000e-27  8.660000e-27  2.740000e-26  8.660000e-26  
209.622627  7.000000e-36  2.210000e-35  7.000000e-35  2.210000e-34  7.000000e-34  2.210000e-33  7.000000e-33  2.210000e-32  7.000000e-32  2.210000e-31  7.000000e-31  2.210000e-30  7.000000e-30  2.210000e-29  7.000000e-29  2.210000e-28  7.000000e-28  2.210000e-27  7.000000e-27  2.210000e-26  7.000000e-26  
219.708228  5.660000e-36  1.790000e-35  5.660000e-35  1.790000e-34  5.660000e-34  1.790000e-33  5.660000e-33  1.790000e-32  5.660000e-32  1.790000e-31  5.660000e-31  1.790000e-30  5.660000e-30  1.790000e-29  5.660000e-29  1.790000e-28  5.660000e-28  1.790000e-27  5.660000e-27  1.790000e-26  5.660000e-26  
230.279080  4.590000e-36  1.450000e-35  4.590000e-35  1.450000e-34  4.590000e-34  1.450000e-33  4.590000e-33  1.450000e-32  4.590000e-32  1.450000e-31  4.590000e-31  1.450000e-30  4.590000e-30  1.450000e-29  4.590000e-29  1.450000e-28  4.590000e-28  1.450000e-27  4.590000e-27  1.450000e-26  4.590000e-26  
241.358528  3.720000e-36  1.180000e-35  3.720000e-35  1.180000e-34  3.720000e-34  1.180000e-33  3.720000e-33  1.180000e-32  3.720000e-32  1.180000e-31  3.720000e-31  1.180000e-30  3.720000e-30  1.180000e-29  3.720000e-29  1.180000e-28  3.720000e-28  1.180000e-27  3.720000e-27  1.180000e-26  3.720000e-26  
252.971043  3.030000e-36  9.570000e-36  3.030000e-35  9.570000e-35  3.030000e-34  9.570000e-34  3.030000e-33  9.570000e-33  3.030000e-32  9.570000e-32  3.030000e-31  9.570000e-31  3.030000e-30  9.570000e-30  3.030000e-29  9.570000e-29  3.030000e-28  9.570000e-28  3.030000e-27  9.570000e-27  3.030000e-26  
265.142273  2.460000e-36  7.790000e-36  2.460000e-35  7.790000e-35  2.460000e-34  7.790000e-34  2.460000e-33  7.790000e-33  2.460000e-32  7.790000e-32  2.460000e-31  7.790000e-31  2.460000e-30  7.790000e-30  2.460000e-29  7.790000e-29  2.460000e-28  7.790000e-28  2.460000e-27  7.790000e-27  2.460000e-26  
277.899099  2.010000e-36  6.350000e-36  2.010000e-35  6.350000e-35  2.010000e-34  6.350000e-34  2.010000e-33  6.350000e-33  2.010000e-32  6.350000e-32  2.010000e-31  6.350000e-31  2.010000e-30  6.350000e-30  2.010000e-29  6.350000e-29  2.010000e-28  6.350000e-28  2.010000e-27  6.350000e-27  2.010000e-26  
291.269696  1.640000e-36  5.180000e-36  1.640000e-35  5.180000e-35  1.640000e-34  5.180000e-34  1.640000e-33  5.180000e-33  1.640000e-32  5.180000e-32  1.640000e-31  5.180000e-31  1.640000e-30  5.180000e-30  1.640000e-29  5.180000e-29  1.640000e-28  5.180000e-28  1.640000e-27  5.180000e-27  1.640000e-26  
305.283593  1.340000e-36  4.220000e-36  1.340000e-35  4.230000e-35  1.340000e-34  4.220000e-34  1.340000e-33  4.230000e-33  1.340000e-32  4.220000e-32  1.340000e-31  4.230000e-31  1.340000e-30  4.220000e-30  1.340000e-29  4.230000e-29  1.340000e-28  4.220000e-28  1.340000e-27  4.230000e-27  1.340000e-26  
319.971744  1.090000e-36  3.450000e-36  1.090000e-35  3.450000e-35  1.090000e-34  3.450000e-34  1.090000e-33  3.450000e-33  1.090000e-32  3.450000e-32  1.090000e-31  3.450000e-31  1.090000e-30  3.450000e-30  1.090000e-29  3.450000e-29  1.090000e-28  3.450000e-28  1.090000e-27  3.450000e-27  1.090000e-26  
335.366587  8.920000e-37  2.820000e-36  8.920000e-36  2.820000e-35  8.920000e-35  2.820000e-34  8.920000e-34  2.820000e-33  8.920000e-33  2.820000e-32  8.920000e-32  2.820000e-31  8.920000e-31  2.820000e-30  8.920000e-30  2.820000e-29  8.920000e-29  2.820000e-28  8.920000e-28  2.820000e-27  8.920000e-27  
351.502125  7.310000e-37  2.310000e-36  7.300000e-36  2.310000e-35  7.310000e-35  2.310000e-34  7.300000e-34  2.310000e-33  7.310000e-33  2.310000e-32  7.300000e-32  2.310000e-31  7.310000e-31  2.310000e-30  7.300000e-30  2.310000e-29  7.310000e-29  2.310000e-28  7.300000e-28  2.310000e-27  7.310000e-27  
368.413994  5.980000e-37  1.890000e-36  5.980000e-36  1.890000e-35  5.980000e-35  1.890000e-34  5.980000e-34  1.890000e-33  5.980000e-33  1.890000e-32  5.980000e-32  1.890000e-31  5.980000e-31  1.890000e-30  5.980000e-30  1.890000e-29  5.980000e-29  1.890000e-28  5.980000e-28  1.890000e-27  5.980000e-27  
386.139546  4.900000e-37  1.550000e-36  4.900000e-36  1.550000e-35  4.900000e-35  1.550000e-34  4.900000e-34  1.550000e-33  4.900000e-33  1.550000e-32  4.900000e-32  1.550000e-31  4.900000e-31  1.550000e-30  4.900000e-30  1.550000e-29  4.900000e-29  1.550000e-28  4.900000e-28  1.550000e-27  4.900000e-27  
404.717930  4.010000e-37  1.270000e-36  4.010000e-36  1.270000e-35  4.010000e-35  1.270000e-34  4.010000e-34  1.270000e-33  4.010000e-33  1.270000e-32  4.010000e-32  1.270000e-31  4.010000e-31  1.270000e-30  4.010000e-30  1.270000e-29  4.010000e-29  1.270000e-28  4.010000e-28  1.270000e-27  4.010000e-27  
424.190178  3.290000e-37  1.040000e-36  3.290000e-36  1.040000e-35  3.290000e-35  1.040000e-34  3.290000e-34  1.040000e-33  3.290000e-33  1.040000e-32  3.290000e-32  1.040000e-31  3.290000e-31  1.040000e-30  3.290000e-30  1.040000e-29  3.290000e-29  1.040000e-28  3.290000e-28  1.040000e-27  3.290000e-27  
444.599297  2.700000e-37  8.540000e-37  2.700000e-36  8.550000e-36  2.700000e-35  8.540000e-35  2.700000e-34  8.550000e-34  2.700000e-33  8.540000e-33  2.700000e-32  8.550000e-32  2.700000e-31  8.540000e-31  2.700000e-30  8.550000e-30  2.700000e-29  8.540000e-29  2.700000e-28  8.550000e-28  2.700000e-27  
465.990362  2.220000e-37  7.010000e-37  2.220000e-36  7.010000e-36  2.220000e-35  7.010000e-35  2.220000e-34  7.010000e-34  2.220000e-33  7.010000e-33  2.220000e-32  7.010000e-32  2.220000e-31  7.010000e-31  2.220000e-30  7.010000e-30  2.220000e-29  7.010000e-29  2.220000e-28  7.010000e-28  2.220000e-27  
488.410619  1.820000e-37  5.750000e-37  1.820000e-36  5.760000e-36  1.820000e-35  5.750000e-35  1.820000e-34  5.760000e-34  1.820000e-33  5.750000e-33  1.820000e-32  5.760000e-32  1.820000e-31  5.750000e-31  1.820000e-30  5.760000e-30  1.820000e-29  5.750000e-29  1.820000e-28  5.760000e-28  1.820000e-27  
511.909585  1.500000e-37  4.730000e-37  1.490000e-36  4.730000e-36  1.500000e-35  4.730000e-35  1.490000e-34  4.730000e-34  1.500000e-33  4.730000e-33  1.490000e-32  4.730000e-32  1.500000e-31  4.730000e-31  1.490000e-30  4.730000e-30  1.500000e-29  4.730000e-29  1.490000e-28  4.730000e-28  1.500000e-27  
536.539159  1.230000e-37  3.880000e-37  1.230000e-36  3.880000e-36  1.230000e-35  3.880000e-35  1.230000e-34  3.880000e-34  1.230000e-33  3.880000e-33  1.230000e-32  3.880000e-32  1.230000e-31  3.880000e-31  1.230000e-30  3.880000e-30  1.230000e-29  3.880000e-29  1.230000e-28  3.880000e-28  1.230000e-27  
562.353740  1.010000e-37  3.190000e-37  1.010000e-36  3.190000e-36  1.010000e-35  3.190000e-35  1.010000e-34  3.190000e-34  1.010000e-33  3.190000e-33  1.010000e-32  3.190000e-32  1.010000e-31  3.190000e-31  1.010000e-30  3.190000e-30  1.010000e-29  3.190000e-29  1.010000e-28  3.190000e-28  1.010000e-27  
589.410341  8.300000e-38  2.620000e-37  8.300000e-37  2.620000e-36  8.300000e-36  2.620000e-35  8.300000e-35  2.620000e-34  8.300000e-34  2.620000e-33  8.300000e-33  2.620000e-32  8.300000e-32  2.620000e-31  8.300000e-31  2.620000e-30  8.300000e-30  2.620000e-29  8.300000e-29  2.620000e-28  8.300000e-28  
617.768719  6.820000e-38  2.160000e-37  6.820000e-37  2.160000e-36  6.820000e-36  2.160000e-35  6.820000e-35  2.160000e-34  6.820000e-34  2.160000e-33  6.820000e-33  2.160000e-32  6.820000e-32  2.160000e-31  6.820000e-31  2.160000e-30  6.820000e-30  2.160000e-29  6.820000e-29  2.160000e-28  6.820000e-28  
647.491509  5.610000e-38  1.770000e-37  5.610000e-37  1.770000e-36  5.610000e-36  1.770000e-35  5.610000e-35  1.770000e-34  5.610000e-34  1.770000e-33  5.610000e-33  1.770000e-32  5.610000e-32  1.770000e-31  5.610000e-31  1.770000e-30  5.610000e-30  1.770000e-29  5.610000e-29  1.770000e-28  5.610000e-28  
678.644354  4.620000e-38  1.460000e-37  4.620000e-37  1.460000e-36  4.620000e-36  1.460000e-35  4.620000e-35  1.460000e-34  4.620000e-34  1.460000e-33  4.620000e-33  1.460000e-32  4.620000e-32  1.460000e-31  4.620000e-31  1.460000e-30  4.620000e-30  1.460000e-29  4.620000e-29  1.460000e-28  4.620000e-28  
711.296061  3.800000e-38  1.200000e-37  3.800000e-37  1.200000e-36  3.800000e-36  1.200000e-35  3.800000e-35  1.200000e-34  3.800000e-34  1.200000e-33  3.800000e-33  1.200000e-32  3.800000e-32  1.200000e-31  3.800000e-31  1.200000e-30  3.800000e-30  1.200000e-29  3.800000e-29  1.200000e-28  3.800000e-28  
745.518744  3.130000e-38  9.880000e-38  3.120000e-37  9.880000e-37  3.130000e-36  9.880000e-36  3.120000e-35  9.880000e-35  3.130000e-34  9.880000e-34  3.120000e-33  9.880000e-33  3.130000e-32  9.880000e-32  3.120000e-31  9.880000e-31  3.130000e-30  9.880000e-30  3.120000e-29  9.880000e-29  3.130000e-28  
781.387987  2.570000e-38  8.130000e-38  2.570000e-37  8.130000e-37  2.570000e-36  8.130000e-36  2.570000e-35  8.130000e-35  2.570000e-34  8.130000e-34  2.570000e-33  8.130000e-33  2.570000e-32  8.130000e-32  2.570000e-31  8.130000e-31  2.570000e-30  8.130000e-30  2.570000e-29  8.130000e-29  2.570000e-28  
818.983012  2.120000e-38  6.690000e-38  2.120000e-37  6.690000e-37  2.120000e-36  6.690000e-36  2.120000e-35  6.690000e-35  2.120000e-34  6.690000e-34  2.120000e-33  6.690000e-33  2.120000e-32  6.690000e-32  2.120000e-31  6.690000e-31  2.120000e-30  6.690000e-30  2.120000e-29  6.690000e-29  2.120000e-28  
858.386852  1.740000e-38  5.510000e-38  1.740000e-37  5.510000e-37  1.740000e-36  5.510000e-36  1.740000e-35  5.510000e-35  1.740000e-34  5.510000e-34  1.740000e-33  5.510000e-33  1.740000e-32  5.510000e-32  1.740000e-31  5.510000e-31  1.740000e-30  5.510000e-30  1.740000e-29  5.510000e-29  1.740000e-28  
899.686534  1.430000e-38  4.540000e-38  1.430000e-37  4.540000e-37  1.430000e-36  4.540000e-36  1.430000e-35  4.540000e-35  1.430000e-34  4.540000e-34  1.430000e-33  4.540000e-33  1.430000e-32  4.540000e-32  1.430000e-31  4.540000e-31  1.430000e-30  4.540000e-30  1.430000e-29  4.540000e-29  1.430000e-28  
942.973273  1.180000e-38  3.740000e-38  1.180000e-37  3.740000e-37  1.180000e-36  3.740000e-36  1.180000e-35  3.740000e-35  1.180000e-34  3.740000e-34  1.180000e-33  3.740000e-33  1.180000e-32  3.740000e-32  1.180000e-31  3.740000e-31  1.180000e-30  3.740000e-30  1.180000e-29  3.740000e-29  1.180000e-28  
988.342672  9.730000e-39  3.080000e-38  9.730000e-38  3.080000e-37  9.730000e-37  3.080000e-36  9.730000e-36  3.080000e-35  9.730000e-35  3.080000e-34  9.730000e-34  3.080000e-33  9.730000e-33  3.080000e-32  9.730000e-32  3.080000e-31  9.730000e-31  3.080000e-30  9.730000e-30  3.080000e-29  9.730000e-29  
1035.894940  8.020000e-39  2.530000e-38  8.020000e-38  2.530000e-37  8.020000e-37  2.530000e-36  8.020000e-36  2.530000e-35  8.020000e-35  2.530000e-34  8.020000e-34  2.530000e-33  8.020000e-33  2.530000e-32  8.020000e-32  2.530000e-31  8.020000e-31  2.530000e-30  8.020000e-30  2.530000e-29  8.020000e-29  
1085.735090  6.610000e-39  2.090000e-38  6.600000e-38  2.090000e-37  6.610000e-37  2.090000e-36  6.600000e-36  2.090000e-35  6.610000e-35  2.090000e-34  6.600000e-34  2.090000e-33  6.610000e-33  2.090000e-32  6.600000e-32  2.090000e-31  6.610000e-31  2.090000e-30  6.600000e-30  2.090000e-29  6.610000e-29  
1137.973210  5.440000e-39  1.720000e-38  5.440000e-38  1.720000e-37  5.440000e-37  1.720000e-36  5.440000e-36  1.720000e-35  5.440000e-35  1.720000e-34  5.440000e-34  1.720000e-33  5.440000e-33  1.720000e-32  5.440000e-32  1.720000e-31  5.440000e-31  1.720000e-30  5.440000e-30  1.720000e-29  5.440000e-29  
1192.724660  4.480000e-39  1.420000e-38  4.480000e-38  1.420000e-37  4.480000e-37  1.420000e-36  4.480000e-36  1.420000e-35  4.480000e-35  1.420000e-34  4.480000e-34  1.420000e-33  4.480000e-33  1.420000e-32  4.480000e-32  1.420000e-31  4.480000e-31  1.420000e-30  4.480000e-30  1.420000e-29  4.480000e-29  
1250.110390  3.690000e-39  1.170000e-38  3.690000e-38  1.170000e-37  3.690000e-37  1.170000e-36  3.690000e-36  1.170000e-35  3.690000e-35  1.170000e-34  3.690000e-34  1.170000e-33  3.690000e-33  1.170000e-32  3.690000e-32  1.170000e-31  3.690000e-31  1.170000e-30  3.690000e-30  1.170000e-29  3.690000e-29  
1310.257110  3.040000e-39  9.620000e-39  3.040000e-38  9.620000e-38  3.040000e-37  9.620000e-37  3.040000e-36  9.620000e-36  3.040000e-35  9.620000e-35  3.040000e-34  9.620000e-34  3.040000e-33  9.620000e-33  3.040000e-32  9.620000e-32  3.040000e-31  9.620000e-31  3.040000e-30  9.620000e-30  3.040000e-29  
1373.297690  2.510000e-39  7.930000e-39  2.510000e-38  7.930000e-38  2.510000e-37  7.930000e-37  2.510000e-36  7.930000e-36  2.510000e-35  7.930000e-35  2.510000e-34  7.930000e-34  2.510000e-33  7.930000e-33  2.510000e-32  7.930000e-32  2.510000e-31  7.930000e-31  2.510000e-30  7.930000e-30  2.510000e-29  
1439.371350  2.070000e-39  6.530000e-39  2.070000e-38  6.530000e-38  2.070000e-37  6.530000e-37  2.070000e-36  6.530000e-36  2.070000e-35  6.530000e-35  2.070000e-34  6.530000e-34  2.070000e-33  6.530000e-33  2.070000e-32  6.530000e-32  2.070000e-31  6.530000e-31  2.070000e-30  6.530000e-30  2.070000e-29  
1508.624010  1.700000e-39  5.390000e-39  1.700000e-38  5.390000e-38  1.700000e-37  5.390000e-37  1.700000e-36  5.390000e-36  1.700000e-35  5.390000e-35  1.700000e-34  5.390000e-34  1.700000e-33  5.390000e-33  1.700000e-32  5.390000e-32  1.700000e-31  5.390000e-31  1.700000e-30  5.390000e-30  1.700000e-29  
1581.208640  1.400000e-39  4.440000e-39  1.400000e-38  4.440000e-38  1.400000e-37  4.440000e-37  1.400000e-36  4.440000e-36  1.400000e-35  4.440000e-35  1.400000e-34  4.440000e-34  1.400000e-33  4.440000e-33  1.400000e-32  4.440000e-32  1.400000e-31  4.440000e-31  1.400000e-30  4.440000e-30  1.400000e-29  
1657.285550  1.160000e-39  3.660000e-39  1.160000e-38  3.660000e-38  1.160000e-37  3.660000e-37  1.160000e-36  3.660000e-36  1.160000e-35  3.660000e-35  1.160000e-34  3.660000e-34  1.160000e-33  3.660000e-33  1.160000e-32  3.660000e-32  1.160000e-31  3.660000e-31  1.160000e-30  3.660000e-30  1.160000e-29  
1737.022750  9.540000e-40  3.020000e-39  9.540000e-39  3.020000e-38  9.540000e-38  3.020000e-37  9.540000e-37  3.020000e-36  9.540000e-36  3.020000e-35  9.540000e-35  3.020000e-34  9.540000e-34  3.020000e-33  9.540000e-33  3.020000e-32  9.540000e-32  3.020000e-31  9.540000e-31  3.020000e-30  9.540000e-30  
1820.596360  7.860000e-40  2.480000e-39  7.860000e-39  2.490000e-38  7.860000e-38  2.480000e-37  7.860000e-37  2.490000e-36  7.860000e-36  2.480000e-35  7.860000e-35  2.490000e-34  7.860000e-34  2.480000e-33  7.860000e-33  2.490000e-32  7.860000e-32  2.480000e-31  7.860000e-31  2.490000e-30  7.860000e-30  
1908.190950  6.480000e-40  2.050000e-39  6.480000e-39  2.050000e-38  6.480000e-38  2.050000e-37  6.480000e-37  2.050000e-36  6.480000e-36  2.050000e-35  6.480000e-35  2.050000e-34  6.480000e-34  2.050000e-33  6.480000e-33  2.050000e-32  6.480000e-32  2.050000e-31  6.480000e-31  2.050000e-30  6.480000e-30  
2000.000000  5.350000e-40  1.690000e-39  5.350000e-39  1.690000e-38  5.350000e-38  1.690000e-37  5.350000e-37  1.690000e-36  5.350000e-36  1.690000e-35  5.350000e-35  1.690000e-34  5.350000e-34  1.690000e-33  5.350000e-33  1.690000e-32  5.350000e-32  1.690000e-31  5.350000e-31  1.690000e-30  5.350000e-30  
2096.226270  4.410000e-40  1.390000e-39  4.410000e-39  1.390000e-38  4.410000e-38  1.390000e-37  4.410000e-37  1.390000e-36  4.410000e-36  1.390000e-35  4.410000e-35  1.390000e-34  4.410000e-34  1.390000e-33  4.410000e-33  1.390000e-32  4.410000e-32  1.390000e-31  4.410000e-31  1.390000e-30  4.410000e-30  
2197.082280  3.630000e-40  1.150000e-39  3.630000e-39  1.150000e-38  3.630000e-38  1.150000e-37  3.630000e-37  1.150000e-36  3.630000e-36  1.150000e-35  3.630000e-35  1.150000e-34  3.630000e-34  1.150000e-33  3.630000e-33  1.150000e-32  3.630000e-32  1.150000e-31  3.630000e-31  1.150000e-30  3.630000e-30  
2302.790800  3.000000e-40  9.470000e-40  3.000000e-39  9.480000e-39  3.000000e-38  9.470000e-38  3.000000e-37  9.480000e-37  3.000000e-36  9.470000e-36  3.000000e-35  9.480000e-35  3.000000e-34  9.470000e-34  3.000000e-33  9.480000e-33  3.000000e-32  9.470000e-32  3.000000e-31  9.480000e-31  3.000000e-30  
2413.585280  2.470000e-40  7.810000e-40  2.470000e-39  7.820000e-39  2.470000e-38  7.810000e-38  2.470000e-37  7.820000e-37  2.470000e-36  7.810000e-36  2.470000e-35  7.820000e-35  2.470000e-34  7.810000e-34  2.470000e-33  7.820000e-33  2.470000e-32  7.810000e-32  2.470000e-31  7.820000e-31  2.470000e-30  
2529.710430  2.040000e-40  6.440000e-40  2.040000e-39  6.440000e-39  2.040000e-38  6.440000e-38  2.040000e-37  6.440000e-37  2.040000e-36  6.440000e-36  2.040000e-35  6.440000e-35  2.040000e-34  6.440000e-34  2.040000e-33  6.440000e-33  2.040000e-32  6.440000e-32  2.040000e-31  6.440000e-31  2.040000e-30  
2651.422730  1.680000e-40  5.310000e-40  1.680000e-39  5.310000e-39  1.680000e-38  5.310000e-38  1.680000e-37  5.310000e-37  1.680000e-36  5.310000e-36  1.680000e-35  5.310000e-35  1.680000e-34  5.310000e-34  1.680000e-33  5.310000e-33  1.680000e-32  5.310000e-32  1.680000e-31  5.310000e-31  1.680000e-30  
2778.990990  1.390000e-40  4.380000e-40  1.390000e-39  4.380000e-39  1.390000e-38  4.380000e-38  1.390000e-37  4.380000e-37  1.390000e-36  4.380000e-36  1.390000e-35  4.380000e-35  1.390000e-34  4.380000e-34  1.390000e-33  4.380000e-33  1.390000e-32  4.380000e-32  1.390000e-31  4.380000e-31  1.390000e-30  
2912.696950  1.140000e-40  3.610000e-40  1.140000e-39  3.610000e-39  1.140000e-38  3.610000e-38  1.140000e-37  3.610000e-37  1.140000e-36  3.610000e-36  1.140000e-35  3.610000e-35  1.140000e-34  3.610000e-34  1.140000e-33  3.610000e-33  1.140000e-32  3.610000e-32  1.140000e-31  3.610000e-31  1.140000e-30  
3052.835930  9.430000e-41  2.980000e-40  9.420000e-40  2.980000e-39  9.430000e-39  2.980000e-38  9.420000e-38  2.980000e-37  9.430000e-37  2.980000e-36  9.420000e-36  2.980000e-35  9.430000e-35  2.980000e-34  9.420000e-34  2.980000e-33  9.430000e-33  2.980000e-32  9.420000e-32  2.980000e-31  9.430000e-31  
3199.717440  7.770000e-41  2.460000e-40  7.770000e-40  2.460000e-39  7.770000e-39  2.460000e-38  7.770000e-38  2.460000e-37  7.770000e-37  2.460000e-36  7.770000e-36  2.460000e-35  7.770000e-35  2.460000e-34  7.770000e-34  2.460000e-33  7.770000e-33  2.460000e-32  7.770000e-32  2.460000e-31  7.770000e-31  
3353.665870  6.420000e-41  2.030000e-40  6.420000e-40  2.030000e-39  6.420000e-39  2.030000e-38  6.420000e-38  2.030000e-37  6.420000e-37  2.030000e-36  6.420000e-36  2.030000e-35  6.420000e-35  2.030000e-34  6.420000e-34  2.030000e-33  6.420000e-33  2.030000e-32  6.420000e-32  2.030000e-31  6.420000e-31  
3515.021250  5.290000e-41  1.670000e-40  5.290000e-40  1.670000e-39  5.290000e-39  1.670000e-38  5.290000e-38  1.670000e-37  5.290000e-37  1.670000e-36  5.290000e-36  1.670000e-35  5.290000e-35  1.670000e-34  5.290000e-34  1.670000e-33  5.290000e-33  1.670000e-32  5.290000e-32  1.670000e-31  5.290000e-31  
3684.139940  4.370000e-41  1.380000e-40  4.360000e-40  1.380000e-39  4.370000e-39  1.380000e-38  4.360000e-38  1.380000e-37  4.370000e-37  1.380000e-36  4.360000e-36  1.380000e-35  4.370000e-35  1.380000e-34  4.360000e-34  1.380000e-33  4.370000e-33  1.380000e-32  4.360000e-32  1.380000e-31  4.370000e-31  
3861.395460  3.600000e-41  1.140000e-40  3.600000e-40  1.140000e-39  3.600000e-39  1.140000e-38  3.600000e-38  1.140000e-37  3.600000e-37  1.140000e-36  3.600000e-36  1.140000e-35  3.600000e-35  1.140000e-34  3.600000e-34  1.140000e-33  3.600000e-33  1.140000e-32  3.600000e-32  1.140000e-31  3.600000e-31  
4047.179300  2.970000e-41  9.400000e-41  2.970000e-40  9.400000e-40  2.970000e-39  9.400000e-39  2.970000e-38  9.400000e-38  2.970000e-37  9.400000e-37  2.970000e-36  9.400000e-36  2.970000e-35  9.400000e-35  2.970000e-34  9.400000e-34  2.970000e-33  9.400000e-33  2.970000e-32  9.400000e-32  2.970000e-31  
4241.901780  2.450000e-41  7.750000e-41  2.450000e-40  7.750000e-40  2.450000e-39  7.750000e-39  2.450000e-38  7.750000e-38  2.450000e-37  7.750000e-37  2.450000e-36  7.750000e-36  2.450000e-35  7.750000e-35  2.450000e-34  7.750000e-34  2.450000e-33  7.750000e-33  2.450000e-32  7.750000e-32  2.450000e-31  
4445.992970  2.020000e-41  6.390000e-41  2.020000e-40  6.390000e-40  2.020000e-39  6.390000e-39  2.020000e-38  6.390000e-38  2.020000e-37  6.390000e-37  2.020000e-36  6.390000e-36  2.020000e-35  6.390000e-35  2.020000e-34  6.390000e-34  2.020000e-33  6.390000e-33  2.020000e-32  6.390000e-32  2.020000e-31  
4659.903620  1.670000e-41  5.280000e-41  1.670000e-40  5.280000e-40  1.670000e-39  5.280000e-39  1.670000e-38  5.280000e-38  1.670000e-37  5.280000e-37  1.670000e-36  5.280000e-36  1.670000e-35  5.280000e-35  1.670000e-34  5.280000e-34  1.670000e-33  5.280000e-33  1.670000e-32  5.280000e-32  1.670000e-31  
4884.106190  1.380000e-41  4.350000e-41  1.380000e-40  4.350000e-40  1.380000e-39  4.350000e-39  1.380000e-38  4.350000e-38  1.380000e-37  4.350000e-37  1.380000e-36  4.350000e-36  1.380000e-35  4.350000e-35  1.380000e-34  4.350000e-34  1.380000e-33  4.350000e-33  1.380000e-32  4.350000e-32  1.380000e-31  
5119.095850  1.140000e-41  3.590000e-41  1.140000e-40  3.590000e-40  1.140000e-39  3.590000e-39  1.140000e-38  3.590000e-38  1.140000e-37  3.590000e-37  1.140000e-36  3.590000e-36  1.140000e-35  3.590000e-35  1.140000e-34  3.590000e-34  1.140000e-33  3.590000e-33  1.140000e-32  3.590000e-32  1.140000e-31  
5365.391590  9.370000e-42  2.960000e-41  9.370000e-41  2.960000e-40  9.370000e-40  2.960000e-39  9.370000e-39  2.960000e-38  9.370000e-38  2.960000e-37  9.370000e-37  2.960000e-36  9.370000e-36  2.960000e-35  9.370000e-35  2.960000e-34  9.370000e-34  2.960000e-33  9.370000e-33  2.960000e-32  9.370000e-32  
5623.537400  7.740000e-42  2.450000e-41  7.730000e-41  2.450000e-40  7.740000e-40  2.450000e-39  7.730000e-39  2.450000e-38  7.740000e-38  2.450000e-37  7.730000e-37  2.450000e-36  7.740000e-36  2.450000e-35  7.730000e-35  2.450000e-34  7.740000e-34  2.450000e-33  7.730000e-33  2.450000e-32  7.740000e-32  
5894.103410  6.390000e-42  2.020000e-41  6.380000e-41  2.020000e-40  6.390000e-40  2.020000e-39  6.380000e-39  2.020000e-38  6.390000e-38  2.020000e-37  6.380000e-37  2.020000e-36  6.390000e-36  2.020000e-35  6.380000e-35  2.020000e-34  6.390000e-34  2.020000e-33  6.380000e-33  2.020000e-32  6.390000e-32  
6177.687190  5.270000e-42  1.660000e-41  5.260000e-41  1.660000e-40  5.270000e-40  1.660000e-39  5.260000e-39  1.660000e-38  5.270000e-38  1.660000e-37  5.260000e-37  1.660000e-36  5.270000e-36  1.660000e-35  5.260000e-35  1.660000e-34  5.270000e-34  1.660000e-33  5.260000e-33  1.660000e-32  5.270000e-32  
6474.915090  4.350000e-42  1.370000e-41  4.350000e-41  1.370000e-40  4.350000e-40  1.370000e-39  4.350000e-39  1.370000e-38  4.350000e-38  1.370000e-37  4.350000e-37  1.370000e-36  4.350000e-36  1.370000e-35  4.350000e-35  1.370000e-34  4.350000e-34  1.370000e-33  4.350000e-33  1.370000e-32  4.350000e-32  
6786.443540  3.590000e-42  1.130000e-41  3.590000e-41  1.130000e-40  3.590000e-40  1.130000e-39  3.590000e-39  1.130000e-38  3.590000e-38  1.130000e-37  3.590000e-37  1.130000e-36  3.590000e-36  1.130000e-35  3.590000e-35  1.130000e-34  3.590000e-34  1.130000e-33  3.590000e-33  1.130000e-32  3.590000e-32  
7112.960610  2.960000e-42  9.360000e-42  2.960000e-41  9.360000e-41  2.960000e-40  9.360000e-40  2.960000e-39  9.360000e-39  2.960000e-38  9.360000e-38  2.960000e-37  9.360000e-37  2.960000e-36  9.360000e-36  2.960000e-35  9.360000e-35  2.960000e-34  9.360000e-34  2.960000e-33  9.360000e-33  2.960000e-32  
7455.187440  2.440000e-42  7.730000e-42  2.440000e-41  7.730000e-41  2.440000e-40  7.730000e-40  2.440000e-39  7.730000e-39  2.440000e-38  7.730000e-38  2.440000e-37  7.730000e-37  2.440000e-36  7.730000e-36  2.440000e-35  7.730000e-35  2.440000e-34  7.730000e-34  2.440000e-33  7.730000e-33  2.440000e-32  
7813.879870  2.020000e-42  6.370000e-42  2.020000e-41  6.380000e-41  2.020000e-40  6.370000e-40  2.020000e-39  6.380000e-39  2.020000e-38  6.370000e-38  2.020000e-37  6.380000e-37  2.020000e-36  6.370000e-36  2.020000e-35  6.380000e-35  2.020000e-34  6.370000e-34  2.020000e-33  6.380000e-33  2.020000e-32  
8189.830120  1.660000e-42  5.260000e-42  1.660000e-41  5.260000e-41  1.660000e-40  5.260000e-40  1.660000e-39  5.260000e-39  1.660000e-38  5.260000e-38  1.660000e-37  5.260000e-37  1.660000e-36  5.260000e-36  1.660000e-35  5.260000e-35  1.660000e-34  5.260000e-34  1.660000e-33  5.260000e-33  1.660000e-32  
8583.868520  1.370000e-42  4.340000e-42  1.370000e-41  4.340000e-41  1.370000e-40  4.340000e-40  1.370000e-39  4.340000e-39  1.370000e-38  4.340000e-38  1.370000e-37  4.340000e-37  1.370000e-36  4.340000e-36  1.370000e-35  4.340000e-35  1.370000e-34  4.340000e-34  1.370000e-33  4.340000e-33  1.370000e-32  
8996.865340  1.130000e-42  3.580000e-42  1.130000e-41  3.590000e-41  1.130000e-40  3.580000e-40  1.130000e-39  3.590000e-39  1.130000e-38  3.580000e-38  1.130000e-37  3.590000e-37  1.130000e-36  3.580000e-36  1.130000e-35  3.590000e-35  1.130000e-34  3.580000e-34  1.130000e-33  3.590000e-33  1.130000e-32  
9429.732730  9.360000e-43  2.960000e-42  9.360000e-42  2.960000e-41  9.360000e-41  2.960000e-40  9.360000e-40  2.960000e-39  9.360000e-39  2.960000e-38  9.360000e-38  2.960000e-37  9.360000e-37  2.960000e-36  9.360000e-36  2.960000e-35  9.360000e-35  2.960000e-34  9.360000e-34  2.960000e-33  9.360000e-33  
9883.426720  7.730000e-43  2.440000e-42  7.730000e-42  2.450000e-41  7.730000e-41  2.440000e-40  7.730000e-40  2.450000e-39  7.730000e-39  2.440000e-38  7.730000e-38  2.450000e-37  7.730000e-37  2.440000e-36  7.730000e-36  2.450000e-35  7.730000e-35  2.440000e-34  7.730000e-34  2.450000e-33  7.730000e-33  
10358.949400  6.380000e-43  2.020000e-42  6.380000e-42  2.020000e-41  6.380000e-41  2.020000e-40  6.380000e-40  2.020000e-39  6.380000e-39  2.020000e-38  6.380000e-38  2.020000e-37  6.380000e-37  2.020000e-36  6.380000e-36  2.020000e-35  6.380000e-35  2.020000e-34  6.380000e-34  2.020000e-33  6.380000e-33  
10857.350900  5.270000e-43  1.670000e-42  5.270000e-42  1.670000e-41  5.270000e-41  1.670000e-40  5.270000e-40  1.670000e-39  5.270000e-39  1.670000e-38  5.270000e-38  1.670000e-37  5.270000e-37  1.670000e-36  5.270000e-36  1.670000e-35  5.270000e-35  1.670000e-34  5.270000e-34  1.670000e-33  5.270000e-33  
11379.732100  4.350000e-43  1.370000e-42  4.350000e-42  1.380000e-41  4.350000e-41  1.370000e-40  4.350000e-40  1.380000e-39  4.350000e-39  1.370000e-38  4.350000e-38  1.380000e-37  4.350000e-37  1.370000e-36  4.350000e-36  1.380000e-35  4.350000e-35  1.370000e-34  4.350000e-34  1.380000e-33  4.350000e-33  
11927.246600  3.590000e-43  1.130000e-42  3.590000e-42  1.140000e-41  3.590000e-41  1.130000e-40  3.590000e-40  1.140000e-39  3.590000e-39  1.130000e-38  3.590000e-38  1.140000e-37  3.590000e-37  1.130000e-36  3.590000e-36  1.140000e-35  3.590000e-35  1.130000e-34  3.590000e-34  1.140000e-33  3.590000e-33  
12501.103900  2.960000e-43  9.370000e-43  2.960000e-42  9.370000e-42  2.960000e-41  9.370000e-41  2.960000e-40  9.370000e-40  2.960000e-39  9.370000e-39  2.960000e-38  9.370000e-38  2.960000e-37  9.370000e-37  2.960000e-36  9.370000e-36  2.960000e-35  9.370000e-35  2.960000e-34  9.370000e-34  2.960000e-33  
13102.571100  2.450000e-43  7.740000e-43  2.450000e-42  7.740000e-42  2.450000e-41  7.740000e-41  2.450000e-40  7.740000e-40  2.450000e-39  7.740000e-39  2.450000e-38  7.740000e-38  2.450000e-37  7.740000e-37  2.450000e-36  7.740000e-36  2.450000e-35  7.740000e-35  2.450000e-34  7.740000e-34  2.450000e-33  
13732.976900  2.020000e-43  6.390000e-43  2.020000e-42  6.390000e-42  2.020000e-41  6.390000e-41  2.020000e-40  6.390000e-40  2.020000e-39  6.390000e-39  2.020000e-38  6.390000e-38  2.020000e-37  6.390000e-37  2.020000e-36  6.390000e-36  2.020000e-35  6.390000e-35  2.020000e-34  6.390000e-34  2.020000e-33  
14393.713500  1.670000e-43  5.270000e-43  1.670000e-42  5.270000e-42  1.670000e-41  5.270000e-41  1.670000e-40  5.270000e-40  1.670000e-39  5.270000e-39  1.670000e-38  5.270000e-38  1.670000e-37  5.270000e-37  1.670000e-36  5.270000e-36  1.670000e-35  5.270000e-35  1.670000e-34  5.270000e-34  1.670000e-33  
15086.240100  1.380000e-43  4.360000e-43  1.380000e-42  4.360000e-42  1.380000e-41  4.360000e-41  1.380000e-40  4.360000e-40  1.380000e-39  4.360000e-39  1.380000e-38  4.360000e-38  1.380000e-37  4.360000e-37  1.380000e-36  4.360000e-36  1.380000e-35  4.360000e-35  1.380000e-34  4.360000e-34  1.380000e-33  
15812.086400  1.140000e-43  3.600000e-43  1.140000e-42  3.600000e-42  1.140000e-41  3.600000e-41  1.140000e-40  3.600000e-40  1.140000e-39  3.600000e-39  1.140000e-38  3.600000e-38  1.140000e-37  3.600000e-37  1.140000e-36  3.600000e-36  1.140000e-35  3.600000e-35  1.140000e-34  3.600000e-34  1.140000e-33  
16572.855500  9.400000e-44  2.970000e-43  9.390000e-43  2.970000e-42  9.400000e-42  2.970000e-41  9.390000e-41  2.970000e-40  9.400000e-40  2.970000e-39  9.390000e-39  2.970000e-38  9.400000e-38  2.970000e-37  9.390000e-37  2.970000e-36  9.400000e-36  2.970000e-35  9.390000e-35  2.970000e-34  9.400000e-34  
17370.227500  7.760000e-44  2.450000e-43  7.750000e-43  2.450000e-42  7.760000e-42  2.450000e-41  7.750000e-41  2.450000e-40  7.760000e-40  2.450000e-39  7.750000e-39  2.450000e-38  7.760000e-38  2.450000e-37  7.750000e-37  2.450000e-36  7.760000e-36  2.450000e-35  7.750000e-35  2.450000e-34  7.760000e-34  
18205.963600  6.410000e-44  2.030000e-43  6.410000e-43  2.030000e-42  6.410000e-42  2.030000e-41  6.410000e-41  2.030000e-40  6.410000e-40  2.030000e-39  6.410000e-39  2.030000e-38  6.410000e-38  2.030000e-37  6.410000e-37  2.030000e-36  6.410000e-36  2.030000e-35  6.410000e-35  2.030000e-34  6.410000e-34  
19081.909500  5.290000e-44  1.670000e-43  5.290000e-43  1.670000e-42  5.290000e-42  1.670000e-41  5.290000e-41  1.670000e-40  5.290000e-40  1.670000e-39  5.290000e-39  1.670000e-38  5.290000e-38  1.670000e-37  5.290000e-37  1.670000e-36  5.290000e-36  1.670000e-35  5.290000e-35  1.670000e-34  5.290000e-34  
