2.000000  6.580000e-35  2.080000e-34  6.580000e-34  2.080000e-33  6.580000e-33  2.080000e-32  6.570000e-32  2.080000e-31  6.570000e-31  2.070000e-30  6.600000e-30  2.080000e-29  6.570000e-29  2.070000e-28  6.600000e-28  2.080000e-27  6.600000e-27  2.050000e-26  5.730000e-26  8.370000e-26  4.150000e-26  
2.096226  7.580000e-35  2.400000e-34  7.600000e-34  2.390000e-33  7.610000e-33  2.400000e-32  7.580000e-32  2.400000e-31  7.570000e-31  2.400000e-30  7.560000e-30  2.390000e-29  7.580000e-29  2.400000e-28  7.580000e-28  2.400000e-27  7.590000e-27  2.360000e-26  6.600000e-26  9.640000e-26  4.780000e-26  
2.197082  8.550000e-35  2.710000e-34  8.550000e-34  2.710000e-33  8.580000e-33  2.710000e-32  8.570000e-32  2.710000e-31  8.550000e-31  2.700000e-30  8.580000e-30  2.720000e-29  8.570000e-29  2.710000e-28  8.580000e-28  2.700000e-27  8.570000e-27  2.670000e-26  7.460000e-26  1.090000e-25  5.400000e-26  
2.302791  9.520000e-35  3.010000e-34  9.460000e-34  3.020000e-33  9.500000e-33  3.000000e-32  9.510000e-32  3.010000e-31  9.530000e-31  3.010000e-30  9.540000e-30  3.000000e-29  9.500000e-29  3.010000e-28  9.520000e-28  3.020000e-27  9.560000e-27  2.970000e-26  8.290000e-26  1.210000e-25  6.000000e-26  
2.413585  1.040000e-34  3.300000e-34  1.050000e-33  3.300000e-33  1.050000e-32  3.300000e-32  1.040000e-31  3.300000e-31  1.050000e-30  3.290000e-30  1.040000e-29  3.300000e-29  1.040000e-28  3.310000e-28  1.040000e-27  3.290000e-27  1.040000e-26  3.250000e-26  9.090000e-26  1.330000e-25  6.580000e-26  
2.529710  1.130000e-34  3.560000e-34  1.130000e-33  3.550000e-33  1.120000e-32  3.570000e-32  1.130000e-31  3.560000e-31  1.130000e-30  3.560000e-30  1.130000e-29  3.560000e-29  1.130000e-28  3.550000e-28  1.130000e-27  3.570000e-27  1.130000e-26  3.500000e-26  9.820000e-26  1.430000e-25  7.110000e-26  
2.651423  1.200000e-34  3.800000e-34  1.210000e-33  3.820000e-33  1.210000e-32  3.830000e-32  1.210000e-31  3.800000e-31  1.210000e-30  3.810000e-30  1.200000e-29  3.810000e-29  1.210000e-28  3.800000e-28  1.210000e-27  3.810000e-27  1.210000e-26  3.750000e-26  1.050000e-25  1.530000e-25  7.610000e-26  
2.778991  1.290000e-34  4.050000e-34  1.280000e-33  4.050000e-33  1.280000e-32  4.050000e-32  1.280000e-31  4.060000e-31  1.280000e-30  4.040000e-30  1.280000e-29  4.060000e-29  1.280000e-28  4.050000e-28  1.280000e-27  4.040000e-27  1.280000e-26  3.990000e-26  1.120000e-25  1.630000e-25  8.080000e-26  
2.912697  1.350000e-34  4.250000e-34  1.350000e-33  4.260000e-33  1.350000e-32  4.260000e-32  1.350000e-31  4.270000e-31  1.350000e-30  4.260000e-30  1.350000e-29  4.260000e-29  1.350000e-28  4.260000e-28  1.350000e-27  4.260000e-27  1.350000e-26  4.190000e-26  1.170000e-25  1.710000e-25  8.500000e-26  
3.052836  1.410000e-34  4.470000e-34  1.410000e-33  4.480000e-33  1.410000e-32  4.460000e-32  1.410000e-31  4.460000e-31  1.410000e-30  4.460000e-30  1.410000e-29  4.460000e-29  1.410000e-28  4.460000e-28  1.410000e-27  4.460000e-27  1.410000e-26  4.400000e-26  1.230000e-25  1.800000e-25  8.900000e-26  
3.199717  1.470000e-34  4.650000e-34  1.470000e-33  4.640000e-33  1.470000e-32  4.650000e-32  1.470000e-31  4.650000e-31  1.470000e-30  4.640000e-30  1.470000e-29  4.650000e-29  1.470000e-28  4.640000e-28  1.470000e-27  4.650000e-27  1.470000e-26  4.580000e-26  1.280000e-25  1.870000e-25  9.260000e-26  
3.353666  1.530000e-34  4.810000e-34  1.520000e-33  4.810000e-33  1.520000e-32  4.810000e-32  1.520000e-31  4.810000e-31  1.520000e-30  4.820000e-30  1.520000e-29  4.810000e-29  1.520000e-28  4.810000e-28  1.520000e-27  4.810000e-27  1.520000e-26  4.750000e-26  1.330000e-25  1.940000e-25  9.590000e-26  
3.515021  1.580000e-34  4.980000e-34  1.580000e-33  4.980000e-33  1.580000e-32  4.980000e-32  1.570000e-31  4.970000e-31  1.570000e-30  4.980000e-30  1.580000e-29  4.980000e-29  1.570000e-28  4.980000e-28  1.570000e-27  4.970000e-27  1.570000e-26  4.900000e-26  1.370000e-25  2.000000e-25  9.900000e-26  
3.684140  1.620000e-34  5.110000e-34  1.620000e-33  5.110000e-33  1.620000e-32  5.120000e-32  1.620000e-31  5.120000e-31  1.620000e-30  5.120000e-30  1.610000e-29  5.120000e-29  1.610000e-28  5.120000e-28  1.620000e-27  5.120000e-27  1.620000e-26  5.030000e-26  1.410000e-25  2.060000e-25  1.020000e-25  
3.861395  1.660000e-34  5.250000e-34  1.660000e-33  5.230000e-33  1.660000e-32  5.230000e-32  1.660000e-31  5.240000e-31  1.660000e-30  5.260000e-30  1.660000e-29  5.250000e-29  1.660000e-28  5.250000e-28  1.660000e-27  5.240000e-27  1.660000e-26  5.170000e-26  1.440000e-25  2.110000e-25  1.040000e-25  
4.047179  1.700000e-34  5.380000e-34  1.700000e-33  5.360000e-33  1.700000e-32  5.380000e-32  1.700000e-31  5.370000e-31  1.690000e-30  5.360000e-30  1.700000e-29  5.370000e-29  1.700000e-28  5.370000e-28  1.700000e-27  5.370000e-27  1.700000e-26  5.300000e-26  1.480000e-25  2.160000e-25  1.070000e-25  
4.241902  1.740000e-34  5.480000e-34  1.740000e-33  5.490000e-33  1.730000e-32  5.490000e-32  1.730000e-31  5.490000e-31  1.740000e-30  5.480000e-30  1.730000e-29  5.490000e-29  1.740000e-28  5.490000e-28  1.740000e-27  5.490000e-27  1.730000e-26  5.410000e-26  1.510000e-25  2.200000e-25  1.090000e-25  
4.445993  1.770000e-34  5.590000e-34  1.770000e-33  5.590000e-33  1.770000e-32  5.590000e-32  1.770000e-31  5.600000e-31  1.770000e-30  5.590000e-30  1.770000e-29  5.590000e-29  1.770000e-28  5.590000e-28  1.770000e-27  5.600000e-27  1.770000e-26  5.520000e-26  1.540000e-25  2.250000e-25  1.110000e-25  
4.659904  1.800000e-34  5.700000e-34  1.800000e-33  5.700000e-33  1.800000e-32  5.700000e-32  1.800000e-31  5.700000e-31  1.810000e-30  5.710000e-30  1.800000e-29  5.700000e-29  1.800000e-28  5.700000e-28  1.800000e-27  5.700000e-27  1.800000e-26  5.620000e-26  1.570000e-25  2.290000e-25  1.130000e-25  
4.884106  2.160000e-34  6.810000e-34  2.150000e-33  6.800000e-33  2.150000e-32  6.810000e-32  2.150000e-31  6.810000e-31  2.150000e-30  6.800000e-30  2.140000e-29  6.800000e-29  2.150000e-28  6.800000e-28  2.160000e-27  6.800000e-27  2.150000e-26  6.690000e-26  1.870000e-25  2.730000e-25  1.350000e-25  
5.119096  2.830000e-34  8.940000e-34  2.820000e-33  8.950000e-33  2.830000e-32  8.920000e-32  2.830000e-31  8.940000e-31  2.820000e-30  8.940000e-30  2.830000e-29  8.930000e-29  2.830000e-28  8.910000e-28  2.830000e-27  8.950000e-27  2.820000e-26  8.770000e-26  2.460000e-25  3.580000e-25  1.770000e-25  
5.365392  3.580000e-34  1.140000e-33  3.610000e-33  1.130000e-32  3.600000e-32  1.130000e-31  3.600000e-31  1.140000e-30  3.590000e-30  1.140000e-29  3.600000e-29  1.130000e-28  3.600000e-28  1.140000e-27  3.600000e-27  1.130000e-26  3.600000e-26  1.110000e-25  3.130000e-25  4.560000e-25  2.260000e-25  
5.623537  4.390000e-34  1.400000e-33  4.400000e-33  1.390000e-32  4.390000e-32  1.390000e-31  4.390000e-31  1.390000e-30  4.380000e-30  1.390000e-29  4.410000e-29  1.390000e-28  4.390000e-28  1.390000e-27  4.410000e-27  1.390000e-26  4.410000e-26  1.370000e-25  3.830000e-25  5.580000e-25  2.760000e-25  
5.894103  5.200000e-34  1.640000e-33  5.210000e-33  1.640000e-32  5.190000e-32  1.650000e-31  5.210000e-31  1.640000e-30  5.200000e-30  1.650000e-29  5.220000e-29  1.640000e-28  5.190000e-28  1.640000e-27  5.210000e-27  1.650000e-26  5.180000e-26  1.620000e-25  4.520000e-25  6.580000e-25  3.260000e-25  
6.177687  5.950000e-34  1.890000e-33  5.940000e-33  1.890000e-32  5.960000e-32  1.890000e-31  5.920000e-31  1.890000e-30  5.970000e-30  1.890000e-29  5.950000e-29  1.890000e-28  5.990000e-28  1.900000e-27  5.960000e-27  1.890000e-26  5.940000e-26  1.860000e-25  5.190000e-25  7.550000e-25  3.730000e-25  
6.474915  6.700000e-34  2.120000e-33  6.690000e-33  2.120000e-32  6.710000e-32  2.110000e-31  6.700000e-31  2.120000e-30  6.660000e-30  2.120000e-29  6.690000e-29  2.120000e-28  6.670000e-28  2.120000e-27  6.670000e-27  2.120000e-26  6.670000e-26  2.090000e-25  5.820000e-25  8.470000e-25  4.190000e-25  
6.786444  7.380000e-34  2.330000e-33  7.360000e-33  2.340000e-32  7.370000e-32  2.330000e-31  7.360000e-31  2.330000e-30  7.390000e-30  2.330000e-29  7.350000e-29  2.340000e-28  7.340000e-28  2.340000e-27  7.380000e-27  2.330000e-26  7.380000e-26  2.300000e-25  6.410000e-25  9.320000e-25  4.610000e-25  
7.112961  8.030000e-34  2.540000e-33  8.000000e-33  2.540000e-32  8.020000e-32  2.530000e-31  8.000000e-31  2.530000e-30  8.010000e-30  2.530000e-29  8.020000e-29  2.530000e-28  8.010000e-28  2.530000e-27  8.000000e-27  2.530000e-26  7.990000e-26  2.500000e-25  6.970000e-25  1.010000e-24  5.000000e-25  
7.455187  8.620000e-34  2.720000e-33  8.590000e-33  2.720000e-32  8.610000e-32  2.710000e-31  8.590000e-31  2.720000e-30  8.600000e-30  2.720000e-29  8.590000e-29  2.710000e-28  8.610000e-28  2.720000e-27  8.590000e-27  2.720000e-26  8.590000e-26  2.670000e-25  7.480000e-25  1.090000e-24  5.360000e-25  
7.813880  9.140000e-34  2.880000e-33  9.140000e-33  2.880000e-32  9.160000e-32  2.890000e-31  9.150000e-31  2.900000e-30  9.150000e-30  2.890000e-29  9.130000e-29  2.900000e-28  9.150000e-28  2.890000e-27  9.120000e-27  2.900000e-26  9.150000e-26  2.850000e-25  7.950000e-25  1.150000e-24  5.690000e-25  
8.189830  9.620000e-34  3.050000e-33  9.650000e-33  3.050000e-32  9.630000e-32  3.050000e-31  9.620000e-31  3.060000e-30  9.630000e-30  3.040000e-29  9.630000e-29  3.040000e-28  9.630000e-28  3.030000e-27  9.640000e-27  3.050000e-26  9.650000e-26  3.010000e-25  8.370000e-25  1.210000e-24  5.990000e-25  
8.583869  1.010000e-33  3.190000e-33  1.010000e-32  3.190000e-32  1.010000e-31  3.190000e-31  1.010000e-30  3.180000e-30  1.010000e-29  3.190000e-29  1.010000e-28  3.190000e-28  1.010000e-27  3.180000e-27  1.010000e-26  3.190000e-26  1.010000e-25  3.140000e-25  8.760000e-25  1.270000e-24  6.250000e-25  
8.996865  1.050000e-33  3.320000e-33  1.050000e-32  3.320000e-32  1.050000e-31  3.320000e-31  1.050000e-30  3.320000e-30  1.050000e-29  3.310000e-29  1.050000e-28  3.330000e-28  1.050000e-27  3.320000e-27  1.050000e-26  3.330000e-26  1.050000e-25  3.280000e-25  9.120000e-25  1.320000e-24  6.500000e-25  
9.429733  1.090000e-33  3.440000e-33  1.090000e-32  3.440000e-32  1.090000e-31  3.440000e-31  1.090000e-30  3.440000e-30  1.090000e-29  3.440000e-29  1.090000e-28  3.440000e-28  1.090000e-27  3.440000e-27  1.090000e-26  3.440000e-26  1.080000e-25  3.400000e-25  9.440000e-25  1.370000e-24  6.720000e-25  
9.883427  1.120000e-33  3.550000e-33  1.120000e-32  3.540000e-32  1.120000e-31  3.540000e-31  1.120000e-30  3.540000e-30  1.120000e-29  3.550000e-29  1.120000e-28  3.540000e-28  1.120000e-27  3.540000e-27  1.120000e-26  3.550000e-26  1.120000e-25  3.480000e-25  9.730000e-25  1.410000e-24  6.920000e-25  
10.358949  1.150000e-33  3.650000e-33  1.150000e-32  3.650000e-32  1.150000e-31  3.640000e-31  1.150000e-30  3.640000e-30  1.150000e-29  3.650000e-29  1.150000e-28  3.650000e-28  1.160000e-27  3.640000e-27  1.150000e-26  3.660000e-26  1.150000e-25  3.590000e-25  1.000000e-24  1.440000e-24  7.090000e-25  
10.857351  1.180000e-33  3.740000e-33  1.180000e-32  3.740000e-32  1.180000e-31  3.740000e-31  1.180000e-30  3.740000e-30  1.180000e-29  3.740000e-29  1.180000e-28  3.740000e-28  1.180000e-27  3.730000e-27  1.180000e-26  3.740000e-26  1.180000e-25  3.690000e-25  1.030000e-24  1.480000e-24  7.260000e-25  
11.379732  1.210000e-33  3.820000e-33  1.210000e-32  3.830000e-32  1.210000e-31  3.820000e-31  1.210000e-30  3.820000e-30  1.210000e-29  3.820000e-29  1.210000e-28  3.830000e-28  1.210000e-27  3.820000e-27  1.210000e-26  3.820000e-26  1.210000e-25  3.770000e-25  1.050000e-24  1.510000e-24  7.400000e-25  
11.927247  1.230000e-33  3.900000e-33  1.240000e-32  3.890000e-32  1.240000e-31  3.910000e-31  1.230000e-30  3.900000e-30  1.240000e-29  3.910000e-29  1.230000e-28  3.910000e-28  1.230000e-27  3.900000e-27  1.240000e-26  3.910000e-26  1.230000e-25  3.840000e-25  1.070000e-24  1.540000e-24  7.530000e-25  
12.501104  1.260000e-33  3.970000e-33  1.260000e-32  3.980000e-32  1.260000e-31  3.980000e-31  1.260000e-30  3.980000e-30  1.260000e-29  3.980000e-29  1.260000e-28  3.980000e-28  1.260000e-27  3.980000e-27  1.260000e-26  3.980000e-26  1.250000e-25  3.910000e-25  1.090000e-24  1.560000e-24  7.640000e-25  
13.102571  1.280000e-33  4.050000e-33  1.280000e-32  4.040000e-32  1.280000e-31  4.050000e-31  1.280000e-30  4.050000e-30  1.280000e-29  4.050000e-29  1.280000e-28  4.050000e-28  1.280000e-27  4.050000e-27  1.280000e-26  4.050000e-26  1.280000e-25  3.990000e-25  1.110000e-24  1.590000e-24  7.750000e-25  
13.732977  1.300000e-33  4.120000e-33  1.300000e-32  4.120000e-32  1.300000e-31  4.120000e-31  1.300000e-30  4.130000e-30  1.300000e-29  4.110000e-29  1.300000e-28  4.120000e-28  1.300000e-27  4.120000e-27  1.300000e-26  4.110000e-26  1.300000e-25  4.060000e-25  1.130000e-24  1.610000e-24  7.850000e-25  
14.393714  1.320000e-33  4.180000e-33  1.330000e-32  4.190000e-32  1.320000e-31  4.190000e-31  1.320000e-30  4.180000e-30  1.320000e-29  4.180000e-29  1.320000e-28  4.190000e-28  1.330000e-27  4.180000e-27  1.320000e-26  4.190000e-26  1.320000e-25  4.120000e-25  1.140000e-24  1.630000e-24  7.940000e-25  
15.086240  1.350000e-33  4.260000e-33  1.340000e-32  4.250000e-32  1.350000e-31  4.240000e-31  1.340000e-30  4.250000e-30  1.350000e-29  4.250000e-29  1.340000e-28  4.250000e-28  1.350000e-27  4.250000e-27  1.350000e-26  4.260000e-26  1.340000e-25  4.190000e-25  1.160000e-24  1.650000e-24  8.030000e-25  
15.812086  1.370000e-33  4.320000e-33  1.370000e-32  4.330000e-32  1.370000e-31  4.320000e-31  1.370000e-30  4.320000e-30  1.370000e-29  4.320000e-29  1.370000e-28  4.320000e-28  1.370000e-27  4.320000e-27  1.360000e-26  4.320000e-26  1.360000e-25  4.260000e-25  1.180000e-24  1.670000e-24  8.110000e-25  
16.572855  1.390000e-33  4.390000e-33  1.390000e-32  4.390000e-32  1.390000e-31  4.380000e-31  1.390000e-30  4.400000e-30  1.390000e-29  4.390000e-29  1.390000e-28  4.390000e-28  1.390000e-27  4.380000e-27  1.390000e-26  4.390000e-26  1.390000e-25  4.330000e-25  1.200000e-24  1.690000e-24  8.190000e-25  
17.370227  1.410000e-33  4.470000e-33  1.410000e-32  4.460000e-32  1.410000e-31  4.470000e-31  1.410000e-30  4.460000e-30  1.410000e-29  4.460000e-29  1.410000e-28  4.460000e-28  1.410000e-27  4.460000e-27  1.410000e-26  4.460000e-26  1.410000e-25  4.390000e-25  1.220000e-24  1.710000e-24  8.270000e-25  
18.205964  1.440000e-33  4.540000e-33  1.440000e-32  4.540000e-32  1.440000e-31  4.540000e-31  1.440000e-30  4.540000e-30  1.440000e-29  4.540000e-29  1.440000e-28  4.540000e-28  1.440000e-27  4.550000e-27  1.440000e-26  4.540000e-26  1.430000e-25  4.460000e-25  1.240000e-24  1.730000e-24  8.350000e-25  
19.081909  1.460000e-33  4.630000e-33  1.460000e-32  4.620000e-32  1.460000e-31  4.630000e-31  1.460000e-30  4.630000e-30  1.460000e-29  4.630000e-29  1.460000e-28  4.640000e-28  1.460000e-27  4.620000e-27  1.460000e-26  4.630000e-26  1.460000e-25  4.550000e-25  1.260000e-24  1.760000e-24  8.430000e-25  
20.000000  1.490000e-33  4.730000e-33  1.490000e-32  4.720000e-32  1.490000e-31  4.720000e-31  1.490000e-30  4.720000e-30  1.490000e-29  4.710000e-29  1.500000e-28  4.720000e-28  1.490000e-27  4.720000e-27  1.490000e-26  4.720000e-26  1.490000e-25  4.650000e-25  1.280000e-24  1.780000e-24  8.520000e-25  
20.470620  1.510000e-33  4.780000e-33  1.510000e-32  4.760000e-32  1.510000e-31  4.770000e-31  1.510000e-30  4.770000e-30  1.510000e-29  4.770000e-29  1.510000e-28  4.770000e-28  1.510000e-27  4.770000e-27  1.510000e-26  4.770000e-26  1.510000e-25  4.700000e-25  1.290000e-24  1.790000e-24  8.560000e-25  
20.952315  1.520000e-33  4.830000e-33  1.530000e-32  4.830000e-32  1.520000e-31  4.830000e-31  1.530000e-30  4.830000e-30  1.530000e-29  4.820000e-29  1.520000e-28  4.830000e-28  1.530000e-27  4.820000e-27  1.520000e-26  4.820000e-26  1.520000e-25  4.740000e-25  1.310000e-24  1.810000e-24  8.610000e-25  
21.445344  1.550000e-33  4.880000e-33  1.540000e-32  4.880000e-32  1.540000e-31  4.880000e-31  1.540000e-30  4.890000e-30  1.540000e-29  4.880000e-29  1.540000e-28  4.880000e-28  1.540000e-27  4.880000e-27  1.540000e-26  4.870000e-26  1.540000e-25  4.800000e-25  1.320000e-24  1.820000e-24  8.660000e-25  
21.949975  1.560000e-33  4.930000e-33  1.560000e-32  4.930000e-32  1.560000e-31  4.940000e-31  1.560000e-30  4.940000e-30  1.560000e-29  4.940000e-29  1.560000e-28  4.940000e-28  1.560000e-27  4.940000e-27  1.560000e-26  4.940000e-26  1.560000e-25  4.860000e-25  1.330000e-24  1.830000e-24  8.710000e-25  
22.466481  1.580000e-33  5.000000e-33  1.580000e-32  5.010000e-32  1.580000e-31  5.010000e-31  1.580000e-30  4.990000e-30  1.580000e-29  4.990000e-29  1.580000e-28  4.990000e-28  1.580000e-27  5.000000e-27  1.580000e-26  5.000000e-26  1.580000e-25  4.920000e-25  1.350000e-24  1.850000e-24  8.760000e-25  
22.995140  1.600000e-33  5.060000e-33  1.600000e-32  5.070000e-32  1.600000e-31  5.070000e-31  1.600000e-30  5.070000e-30  1.600000e-29  5.070000e-29  1.600000e-28  5.070000e-28  1.600000e-27  5.060000e-27  1.610000e-26  5.060000e-26  1.600000e-25  4.970000e-25  1.370000e-24  1.860000e-24  8.820000e-25  
23.536239  1.620000e-33  5.130000e-33  1.630000e-32  5.140000e-32  1.620000e-31  5.140000e-31  1.620000e-30  5.140000e-30  1.620000e-29  5.140000e-29  1.620000e-28  5.140000e-28  1.630000e-27  5.140000e-27  1.630000e-26  5.140000e-26  1.620000e-25  5.050000e-25  1.380000e-24  1.880000e-24  8.880000e-25  
24.090071  1.650000e-33  5.220000e-33  1.650000e-32  5.210000e-32  1.650000e-31  5.220000e-31  1.650000e-30  5.210000e-30  1.650000e-29  5.210000e-29  1.650000e-28  5.210000e-28  1.650000e-27  5.220000e-27  1.650000e-26  5.220000e-26  1.650000e-25  5.120000e-25  1.400000e-24  1.900000e-24  8.940000e-25  
24.656935  1.670000e-33  5.290000e-33  1.670000e-32  5.300000e-32  1.670000e-31  5.300000e-31  1.670000e-30  5.300000e-30  1.670000e-29  5.300000e-29  1.670000e-28  5.290000e-28  1.680000e-27  5.280000e-27  1.670000e-26  5.290000e-26  1.670000e-25  5.200000e-25  1.420000e-24  1.920000e-24  9.010000e-25  
25.237138  1.700000e-33  5.390000e-33  1.700000e-32  5.380000e-32  1.700000e-31  5.380000e-31  1.700000e-30  5.380000e-30  1.700000e-29  5.390000e-29  1.700000e-28  5.370000e-28  1.700000e-27  5.380000e-27  1.700000e-26  5.380000e-26  1.700000e-25  5.290000e-25  1.450000e-24  1.940000e-24  9.080000e-25  
25.830993  1.730000e-33  5.480000e-33  1.730000e-32  5.470000e-32  1.730000e-31  5.470000e-31  1.730000e-30  5.470000e-30  1.730000e-29  5.480000e-29  1.730000e-28  5.480000e-28  1.730000e-27  5.460000e-27  1.730000e-26  5.470000e-26  1.730000e-25  5.380000e-25  1.470000e-24  1.960000e-24  9.160000e-25  
26.438823  1.760000e-33  5.590000e-33  1.770000e-32  5.580000e-32  1.770000e-31  5.580000e-31  1.760000e-30  5.590000e-30  1.770000e-29  5.580000e-29  1.770000e-28  5.570000e-28  1.760000e-27  5.580000e-27  1.760000e-26  5.580000e-26  1.760000e-25  5.480000e-25  1.490000e-24  1.990000e-24  9.250000e-25  
27.060955  1.800000e-33  5.680000e-33  1.800000e-32  5.690000e-32  1.800000e-31  5.690000e-31  1.800000e-30  5.680000e-30  1.800000e-29  5.690000e-29  1.800000e-28  5.690000e-28  1.800000e-27  5.680000e-27  1.790000e-26  5.690000e-26  1.800000e-25  5.570000e-25  1.520000e-24  2.010000e-24  9.340000e-25  
27.697727  1.840000e-33  5.800000e-33  1.830000e-32  5.810000e-32  1.830000e-31  5.790000e-31  1.830000e-30  5.800000e-30  1.840000e-29  5.810000e-29  1.830000e-28  5.800000e-28  1.840000e-27  5.800000e-27  1.830000e-26  5.810000e-26  1.840000e-25  5.700000e-25  1.550000e-24  2.040000e-24  9.430000e-25  
28.349483  1.880000e-33  5.940000e-33  1.880000e-32  5.920000e-32  1.870000e-31  5.940000e-31  1.870000e-30  5.940000e-30  1.870000e-29  5.930000e-29  1.880000e-28  5.930000e-28  1.880000e-27  5.930000e-27  1.870000e-26  5.940000e-26  1.870000e-25  5.820000e-25  1.580000e-24  2.070000e-24  9.530000e-25  
29.016576  1.920000e-33  6.070000e-33  1.920000e-32  6.070000e-32  1.920000e-31  6.080000e-31  1.920000e-30  6.070000e-30  1.920000e-29  6.080000e-29  1.920000e-28  6.080000e-28  1.920000e-27  6.070000e-27  1.920000e-26  6.070000e-26  1.920000e-25  5.960000e-25  1.620000e-24  2.100000e-24  9.640000e-25  
29.699365  1.970000e-33  6.220000e-33  1.970000e-32  6.230000e-32  1.970000e-31  6.240000e-31  1.960000e-30  6.230000e-30  1.970000e-29  6.220000e-29  1.970000e-28  6.230000e-28  1.970000e-27  6.230000e-27  1.970000e-26  6.230000e-26  1.970000e-25  6.110000e-25  1.650000e-24  2.130000e-24  9.760000e-25  
30.398222  2.020000e-33  6.390000e-33  2.020000e-32  6.390000e-32  2.020000e-31  6.390000e-31  2.020000e-30  6.400000e-30  2.020000e-29  6.390000e-29  2.020000e-28  6.390000e-28  2.020000e-27  6.380000e-27  2.020000e-26  6.390000e-26  2.020000e-25  6.270000e-25  1.690000e-24  2.170000e-24  9.890000e-25  
31.113523  2.080000e-33  6.570000e-33  2.080000e-32  6.570000e-32  2.080000e-31  6.580000e-31  2.080000e-30  6.570000e-30  2.080000e-29  6.570000e-29  2.080000e-28  6.590000e-28  2.080000e-27  6.560000e-27  2.080000e-26  6.590000e-26  2.070000e-25  6.450000e-25  1.740000e-24  2.210000e-24  1.000000e-24  
31.845656  2.150000e-33  6.780000e-33  2.140000e-32  6.780000e-32  2.140000e-31  6.780000e-31  2.140000e-30  6.770000e-30  2.140000e-29  6.770000e-29  2.150000e-28  6.760000e-28  2.150000e-27  6.780000e-27  2.140000e-26  6.770000e-26  2.140000e-25  6.640000e-25  1.790000e-24  2.260000e-24  1.020000e-24  
32.595017  2.210000e-33  6.990000e-33  2.210000e-32  7.000000e-32  2.210000e-31  6.980000e-31  2.210000e-30  7.000000e-30  2.210000e-29  7.010000e-29  2.210000e-28  7.010000e-28  2.210000e-27  6.990000e-27  2.210000e-26  6.990000e-26  2.210000e-25  6.850000e-25  1.840000e-24  2.300000e-24  1.030000e-24  
33.362011  2.290000e-33  7.250000e-33  2.290000e-32  7.250000e-32  2.290000e-31  7.240000e-31  2.290000e-30  7.250000e-30  2.290000e-29  7.230000e-29  2.290000e-28  7.230000e-28  2.290000e-27  7.240000e-27  2.290000e-26  7.240000e-26  2.290000e-25  7.090000e-25  1.900000e-24  2.350000e-24  1.050000e-24  
34.147053  2.380000e-33  7.500000e-33  2.380000e-32  7.520000e-32  2.380000e-31  7.500000e-31  2.380000e-30  7.500000e-30  2.380000e-29  7.510000e-29  2.380000e-28  7.510000e-28  2.370000e-27  7.510000e-27  2.370000e-26  7.500000e-26  2.370000e-25  7.350000e-25  1.960000e-24  2.410000e-24  1.070000e-24  
34.950568  2.470000e-33  7.810000e-33  2.470000e-32  7.820000e-32  2.470000e-31  7.810000e-31  2.470000e-30  7.800000e-30  2.480000e-29  7.810000e-29  2.470000e-28  7.820000e-28  2.470000e-27  7.820000e-27  2.470000e-26  7.800000e-26  2.470000e-25  7.650000e-25  2.030000e-24  2.470000e-24  1.090000e-24  
35.772991  2.570000e-33  8.150000e-33  2.570000e-32  8.140000e-32  2.580000e-31  8.140000e-31  2.580000e-30  8.170000e-30  2.580000e-29  8.150000e-29  2.580000e-28  8.140000e-28  2.580000e-27  8.160000e-27  2.580000e-26  8.150000e-26  2.570000e-25  7.980000e-25  2.110000e-24  2.540000e-24  1.120000e-24  
36.614766  2.700000e-33  8.520000e-33  2.700000e-32  8.520000e-32  2.690000e-31  8.520000e-31  2.700000e-30  8.530000e-30  2.700000e-29  8.550000e-29  2.700000e-28  8.520000e-28  2.700000e-27  8.550000e-27  2.690000e-26  8.520000e-26  2.700000e-25  8.340000e-25  2.200000e-24  2.620000e-24  1.140000e-24  
37.476349  2.830000e-33  8.970000e-33  2.840000e-32  8.950000e-32  2.830000e-31  8.960000e-31  2.830000e-30  8.950000e-30  2.840000e-29  8.950000e-29  2.830000e-28  8.970000e-28  2.830000e-27  8.970000e-27  2.840000e-26  8.950000e-26  2.820000e-25  8.750000e-25  2.300000e-24  2.700000e-24  1.170000e-24  
38.358205  2.990000e-33  9.440000e-33  2.990000e-32  9.440000e-32  2.980000e-31  9.430000e-31  2.990000e-30  9.450000e-30  2.990000e-29  9.440000e-29  2.990000e-28  9.460000e-28  2.980000e-27  9.450000e-27  2.980000e-26  9.440000e-26  2.980000e-25  9.220000e-25  2.410000e-24  2.790000e-24  1.200000e-24  
39.260813  3.160000e-33  9.990000e-33  3.160000e-32  9.990000e-32  3.160000e-31  1.000000e-30  3.160000e-30  1.000000e-29  3.160000e-29  1.000000e-28  3.160000e-28  1.000000e-27  3.160000e-27  9.990000e-27  3.160000e-26  1.000000e-25  3.160000e-25  9.760000e-25  2.540000e-24  2.900000e-24  1.240000e-24  
40.184660  3.360000e-33  1.060000e-32  3.360000e-32  1.060000e-31  3.360000e-31  1.060000e-30  3.360000e-30  1.060000e-29  3.360000e-29  1.060000e-28  3.360000e-28  1.060000e-27  3.360000e-27  1.060000e-26  3.370000e-26  1.060000e-25  3.360000e-25  1.040000e-24  2.680000e-24  3.010000e-24  1.280000e-24  
41.130246  3.600000e-33  1.140000e-32  3.590000e-32  1.140000e-31  3.600000e-31  1.140000e-30  3.600000e-30  1.140000e-29  3.600000e-29  1.140000e-28  3.600000e-28  1.140000e-27  3.590000e-27  1.140000e-26  3.590000e-26  1.140000e-25  3.590000e-25  1.110000e-24  2.850000e-24  3.140000e-24  1.320000e-24  
42.098083  3.870000e-33  1.220000e-32  3.870000e-32  1.220000e-31  3.870000e-31  1.220000e-30  3.870000e-30  1.220000e-29  3.870000e-29  1.220000e-28  3.870000e-28  1.230000e-27  3.870000e-27  1.220000e-26  3.860000e-26  1.220000e-25  3.860000e-25  1.190000e-24  3.040000e-24  3.290000e-24  1.370000e-24  
43.088694  4.190000e-33  1.320000e-32  4.190000e-32  1.330000e-31  4.190000e-31  1.320000e-30  4.190000e-30  1.320000e-29  4.190000e-29  1.320000e-28  4.190000e-28  1.320000e-27  4.190000e-27  1.330000e-26  4.190000e-26  1.320000e-25  4.180000e-25  1.290000e-24  3.270000e-24  3.460000e-24  1.430000e-24  
44.102615  4.570000e-33  1.450000e-32  4.580000e-32  1.450000e-31  4.580000e-31  1.450000e-30  4.570000e-30  1.450000e-29  4.570000e-29  1.450000e-28  4.570000e-28  1.450000e-27  4.580000e-27  1.450000e-26  4.580000e-26  1.450000e-25  4.560000e-25  1.400000e-24  3.530000e-24  3.660000e-24  1.500000e-24  
45.140394  5.040000e-33  1.590000e-32  5.030000e-32  1.590000e-31  5.050000e-31  1.590000e-30  5.040000e-30  1.590000e-29  5.040000e-29  1.590000e-28  5.030000e-28  1.590000e-27  5.040000e-27  1.590000e-26  5.040000e-26  1.590000e-25  5.010000e-25  1.540000e-24  3.840000e-24  3.880000e-24  1.570000e-24  
46.202594  5.610000e-33  1.770000e-32  5.600000e-32  1.770000e-31  5.600000e-31  1.770000e-30  5.600000e-30  1.770000e-29  5.610000e-29  1.770000e-28  5.610000e-28  1.770000e-27  5.610000e-27  1.770000e-26  5.610000e-26  1.770000e-25  5.590000e-25  1.720000e-24  4.220000e-24  4.150000e-24  1.660000e-24  
47.289788  6.310000e-33  1.990000e-32  6.310000e-32  1.990000e-31  6.320000e-31  2.000000e-30  6.310000e-30  2.000000e-29  6.310000e-29  1.990000e-28  6.310000e-28  1.990000e-27  6.310000e-27  2.000000e-26  6.310000e-26  1.990000e-25  6.300000e-25  1.930000e-24  4.680000e-24  4.460000e-24  1.770000e-24  
48.402565  7.220000e-33  2.280000e-32  7.210000e-32  2.280000e-31  7.210000e-31  2.280000e-30  7.210000e-30  2.280000e-29  7.210000e-29  2.280000e-28  7.210000e-28  2.280000e-27  7.220000e-27  2.290000e-26  7.210000e-26  2.280000e-25  7.190000e-25  2.200000e-24  5.260000e-24  4.840000e-24  1.890000e-24  
49.541527  8.400000e-33  2.650000e-32  8.390000e-32  2.660000e-31  8.380000e-31  2.650000e-30  8.390000e-30  2.660000e-29  8.390000e-29  2.650000e-28  8.380000e-28  2.650000e-27  8.380000e-27  2.650000e-26  8.390000e-26  2.650000e-25  8.350000e-25  2.550000e-24  6.000000e-24  5.310000e-24  2.050000e-24  
50.707290  9.970000e-33  3.150000e-32  9.980000e-32  3.150000e-31  9.980000e-31  3.150000e-30  9.960000e-30  3.160000e-29  9.970000e-29  3.150000e-28  9.960000e-28  3.150000e-27  9.970000e-27  3.150000e-26  9.960000e-26  3.150000e-25  9.920000e-25  3.020000e-24  6.950000e-24  5.900000e-24  2.240000e-24  
51.900484  1.220000e-32  3.850000e-32  1.220000e-31  3.850000e-31  1.210000e-30  3.850000e-30  1.220000e-29  3.850000e-29  1.220000e-28  3.850000e-28  1.220000e-27  3.840000e-27  1.220000e-26  3.850000e-26  1.220000e-25  3.850000e-25  1.210000e-24  3.670000e-24  8.240000e-24  6.660000e-24  2.500000e-24  
53.121756  1.540000e-32  4.870000e-32  1.540000e-31  4.870000e-31  1.540000e-30  4.860000e-30  1.540000e-29  4.860000e-29  1.540000e-28  4.870000e-28  1.540000e-27  4.860000e-27  1.540000e-26  4.860000e-26  1.540000e-25  4.870000e-25  1.530000e-24  4.620000e-24  1.000000e-23  7.670000e-24  2.830000e-24  
54.370000  2.040000e-32  6.440000e-32  2.030000e-31  6.440000e-31  2.030000e-30  6.430000e-30  2.040000e-29  6.440000e-29  2.030000e-28  6.440000e-28  2.040000e-27  6.430000e-27  2.030000e-26  6.430000e-26  2.040000e-25  6.430000e-25  2.020000e-24  6.070000e-24  1.260000e-23  9.070000e-24  3.280000e-24  
55.650000  2.870000e-32  9.060000e-32  2.860000e-31  9.060000e-31  2.870000e-30  9.060000e-30  2.870000e-29  9.060000e-29  2.860000e-28  9.060000e-28  2.860000e-27  9.050000e-27  2.860000e-26  9.050000e-26  2.860000e-25  9.040000e-25  2.840000e-24  8.450000e-24  1.670000e-23  1.110000e-23  3.940000e-24  
56.960000  4.410000e-32  1.390000e-31  4.400000e-31  1.390000e-30  4.410000e-30  1.390000e-29  4.400000e-29  1.390000e-28  4.400000e-28  1.390000e-27  4.400000e-27  1.390000e-26  4.400000e-26  1.390000e-25  4.400000e-25  1.390000e-24  4.380000e-24  1.280000e-23  2.350000e-23  1.430000e-23  4.970000e-24  
58.300000  7.760000e-32  2.460000e-31  7.780000e-31  2.450000e-30  7.780000e-30  2.460000e-29  7.770000e-29  2.450000e-28  7.770000e-28  2.460000e-27  7.770000e-27  2.460000e-26  7.750000e-26  2.450000e-25  7.770000e-25  2.460000e-24  7.690000e-24  2.210000e-23  3.630000e-23  1.980000e-23  6.750000e-24  
60.000000  2.260000e-31  7.170000e-31  2.260000e-30  7.150000e-30  2.260000e-29  7.160000e-29  2.260000e-28  7.170000e-28  2.260000e-27  7.160000e-27  2.270000e-26  7.140000e-26  2.260000e-25  7.150000e-25  2.260000e-24  7.150000e-24  2.230000e-23  6.020000e-23  7.830000e-23  3.600000e-23  1.190000e-23  
61.000000  6.450000e-31  2.040000e-30  6.440000e-30  2.040000e-29  6.450000e-29  2.040000e-28  6.460000e-28  2.040000e-27  6.450000e-27  2.040000e-26  6.450000e-26  2.040000e-25  6.480000e-25  2.040000e-24  6.450000e-24  2.040000e-23  6.270000e-23  1.560000e-22  1.570000e-22  6.330000e-23  2.060000e-23  
61.500000  1.480000e-30  4.660000e-30  1.480000e-29  4.680000e-29  1.480000e-28  4.660000e-28  1.470000e-27  4.660000e-27  1.470000e-26  4.670000e-26  1.470000e-25  4.660000e-25  1.480000e-24  4.670000e-24  1.480000e-23  4.630000e-23  1.410000e-22  3.180000e-22  2.600000e-22  9.780000e-23  3.160000e-23  
61.800000  3.040000e-30  9.630000e-30  3.050000e-29  9.610000e-29  3.050000e-28  9.610000e-28  3.050000e-27  9.610000e-27  3.050000e-26  9.650000e-26  3.050000e-25  9.630000e-25  3.040000e-24  9.630000e-24  3.050000e-23  9.560000e-23  2.850000e-22  5.780000e-22  3.970000e-22  1.420000e-22  4.570000e-23  
62.000000  6.020000e-30  1.900000e-29  6.000000e-29  1.900000e-28  5.990000e-28  1.900000e-27  6.000000e-27  1.900000e-26  6.000000e-26  1.900000e-25  6.000000e-25  1.900000e-24  6.020000e-24  1.890000e-23  6.010000e-23  1.880000e-22  5.510000e-22  9.830000e-22  5.830000e-22  2.030000e-22  6.450000e-23  
62.200000  1.680000e-29  5.320000e-29  1.690000e-28  5.320000e-28  1.680000e-27  5.330000e-27  1.680000e-26  5.330000e-26  1.680000e-25  5.310000e-25  1.680000e-24  5.310000e-24  1.680000e-23  5.310000e-23  1.680000e-22  5.240000e-22  1.460000e-21  2.080000e-21  1.020000e-21  3.410000e-22  1.080000e-22  
62.300000  3.800000e-29  1.200000e-28  3.800000e-28  1.200000e-27  3.790000e-27  1.200000e-26  3.790000e-26  1.200000e-25  3.800000e-25  1.200000e-24  3.800000e-24  1.200000e-23  3.790000e-23  1.200000e-22  3.800000e-22  1.170000e-21  3.080000e-21  3.600000e-21  1.570000e-21  5.150000e-22  1.640000e-22  
62.350000  6.750000e-29  2.140000e-28  6.760000e-28  2.130000e-27  6.770000e-27  2.130000e-26  6.760000e-26  2.140000e-25  6.770000e-25  2.140000e-24  6.760000e-24  2.140000e-23  6.740000e-23  2.140000e-22  6.750000e-22  2.080000e-21  5.150000e-21  5.200000e-21  2.120000e-21  6.900000e-22  2.190000e-22  
62.400000  1.530000e-28  4.820000e-28  1.530000e-27  4.820000e-27  1.520000e-26  4.830000e-26  1.530000e-25  4.820000e-25  1.530000e-24  4.830000e-24  1.520000e-23  4.830000e-23  1.520000e-22  4.810000e-22  1.520000e-21  4.600000e-21  1.030000e-20  8.500000e-21  3.210000e-21  1.040000e-21  3.290000e-22  
62.430000  3.120000e-28  9.840000e-28  3.120000e-27  9.860000e-27  3.110000e-26  9.900000e-26  3.130000e-25  9.860000e-25  3.120000e-24  9.880000e-24  3.130000e-23  9.860000e-23  3.110000e-22  9.850000e-22  3.090000e-21  9.210000e-21  1.850000e-20  1.280000e-20  4.620000e-21  1.490000e-21  4.710000e-22  
62.450000  6.130000e-28  1.930000e-27  6.120000e-27  1.930000e-26  6.140000e-26  1.930000e-25  6.120000e-25  1.940000e-24  6.110000e-24  1.930000e-23  6.120000e-23  1.940000e-22  6.120000e-22  1.930000e-21  6.040000e-21  1.760000e-20  3.120000e-20  1.860000e-20  6.510000e-21  2.090000e-21  6.590000e-22  
62.460000  9.560000e-28  3.020000e-27  9.550000e-27  3.020000e-26  9.590000e-26  3.020000e-25  9.550000e-25  3.030000e-24  9.580000e-24  3.030000e-23  9.520000e-23  3.020000e-22  9.560000e-22  3.000000e-21  9.400000e-21  2.670000e-20  4.320000e-20  2.370000e-20  8.130000e-21  2.610000e-21  8.250000e-22  
62.470000  1.700000e-27  5.380000e-27  1.700000e-26  5.380000e-26  1.700000e-25  5.360000e-25  1.700000e-24  5.370000e-24  1.700000e-23  5.390000e-23  1.700000e-22  5.380000e-22  1.690000e-21  5.350000e-21  1.660000e-20  4.560000e-20  6.480000e-20  3.220000e-20  1.090000e-20  3.470000e-21  1.100000e-21  
62.475000  2.450000e-27  7.730000e-27  2.440000e-26  7.780000e-26  2.450000e-25  7.750000e-25  2.450000e-24  7.750000e-24  2.450000e-23  7.750000e-23  2.450000e-22  7.740000e-22  2.450000e-21  7.700000e-21  2.380000e-20  6.350000e-20  8.270000e-20  3.890000e-20  1.310000e-20  4.170000e-21  1.320000e-21  
62.480000  3.820000e-27  1.210000e-26  3.820000e-26  1.210000e-25  3.830000e-25  1.210000e-24  3.820000e-24  1.210000e-23  3.820000e-23  1.210000e-22  3.820000e-22  1.210000e-21  3.820000e-21  1.200000e-20  3.690000e-20  9.470000e-20  1.100000e-19  4.910000e-20  1.640000e-20  5.210000e-21  1.650000e-21  
62.485000  6.800000e-27  2.150000e-26  6.770000e-26  2.150000e-25  6.790000e-25  2.150000e-24  6.800000e-24  2.150000e-23  6.790000e-23  2.150000e-22  6.770000e-22  2.150000e-21  6.780000e-21  2.130000e-20  6.450000e-20  1.560000e-19  1.570000e-19  6.590000e-20  2.180000e-20  6.960000e-21  2.200000e-21  
62.490000  1.520000e-26  4.830000e-26  1.530000e-25  4.820000e-25  1.530000e-24  4.810000e-24  1.520000e-23  4.830000e-23  1.520000e-22  4.820000e-22  1.520000e-21  4.820000e-21  1.520000e-20  4.740000e-20  1.400000e-19  3.020000e-19  2.520000e-19  9.940000e-20  3.270000e-20  1.040000e-20  3.310000e-21  
62.493000  3.090000e-26  9.750000e-26  3.090000e-25  9.730000e-25  3.080000e-24  9.750000e-24  3.090000e-23  9.770000e-23  3.080000e-22  9.760000e-22  3.080000e-21  9.730000e-21  3.060000e-20  9.480000e-20  2.710000e-19  5.160000e-19  3.730000e-19  1.420000e-19  4.660000e-20  1.490000e-20  4.730000e-21  
62.495000  5.940000e-26  1.880000e-25  5.940000e-25  1.880000e-24  5.940000e-24  1.880000e-23  5.940000e-23  1.880000e-22  5.950000e-22  1.880000e-21  5.940000e-21  1.870000e-20  5.870000e-20  1.800000e-19  4.910000e-19  8.230000e-19  5.320000e-19  1.980000e-19  6.520000e-20  2.080000e-20  6.610000e-21  
62.497000  1.550000e-25  4.890000e-25  1.550000e-24  4.900000e-24  1.550000e-23  4.890000e-23  1.550000e-22  4.890000e-22  1.550000e-21  4.890000e-21  1.550000e-20  4.870000e-20  1.510000e-19  4.480000e-19  1.120000e-18  1.550000e-18  8.870000e-19  3.280000e-19  1.080000e-19  3.460000e-20  1.100000e-20  
62.498000  3.100000e-25  9.790000e-25  3.090000e-24  9.780000e-24  3.090000e-23  9.790000e-23  3.100000e-22  9.790000e-22  3.100000e-21  9.790000e-21  3.090000e-20  9.690000e-20  2.960000e-19  8.570000e-19  1.940000e-18  2.370000e-18  1.310000e-18  4.880000e-19  1.620000e-19  5.200000e-20  1.650000e-20  
62.499000  7.660000e-25  2.420000e-24  7.650000e-24  2.420000e-23  7.660000e-23  2.420000e-22  7.660000e-22  2.420000e-21  7.660000e-21  2.420000e-20  7.650000e-20  2.360000e-19  7.100000e-19  1.930000e-18  3.990000e-18  4.390000e-18  2.470000e-18  9.530000e-19  3.210000e-19  1.040000e-19  3.300000e-20  
62.500000  1.460000e-24  4.620000e-24  1.460000e-23  4.610000e-23  1.460000e-22  4.620000e-22  1.460000e-21  4.620000e-21  1.460000e-20  4.610000e-20  1.460000e-19  4.620000e-19  1.460000e-18  4.620000e-18  1.460000e-17  4.610000e-17  1.460000e-16  4.620000e-16  1.460000e-15  4.620000e-15  1.460000e-14  
62.501000  7.300000e-25  2.310000e-24  7.310000e-24  2.310000e-23  7.320000e-23  2.320000e-22  7.320000e-22  2.310000e-21  7.310000e-21  2.310000e-20  7.290000e-20  2.310000e-19  7.310000e-19  2.310000e-18  7.320000e-18  2.310000e-17  7.320000e-17  2.320000e-16  7.310000e-16  2.310000e-15  7.320000e-15  
62.502000  2.980000e-25  9.430000e-25  2.980000e-24  9.430000e-24  2.990000e-23  9.440000e-23  2.980000e-22  9.440000e-22  2.980000e-21  9.430000e-21  2.990000e-20  9.440000e-20  2.990000e-19  9.440000e-19  2.990000e-18  9.430000e-18  2.980000e-17  9.430000e-17  2.980000e-16  9.430000e-16  2.980000e-15  
62.503000  1.500000e-25  4.760000e-25  1.510000e-24  4.760000e-24  1.500000e-23  4.760000e-23  1.510000e-22  4.760000e-22  1.510000e-21  4.760000e-21  1.500000e-20  4.760000e-20  1.510000e-19  4.760000e-19  1.510000e-18  4.760000e-18  1.500000e-17  4.760000e-17  1.500000e-16  4.760000e-16  1.510000e-15  
62.505000  5.840000e-26  1.850000e-25  5.840000e-25  1.840000e-24  5.830000e-24  1.850000e-23  5.830000e-23  1.840000e-22  5.840000e-22  1.850000e-21  5.840000e-21  1.850000e-20  5.840000e-20  1.850000e-19  5.840000e-19  1.850000e-18  5.830000e-18  1.850000e-17  5.840000e-17  1.850000e-16  5.840000e-16  
62.507000  3.040000e-26  9.620000e-26  3.050000e-25  9.650000e-25  3.050000e-24  9.630000e-24  3.050000e-23  9.640000e-23  3.040000e-22  9.640000e-22  3.050000e-21  9.630000e-21  3.040000e-20  9.650000e-20  3.050000e-19  9.640000e-19  3.040000e-18  9.640000e-18  3.050000e-17  9.620000e-17  3.050000e-16  
62.510000  1.510000e-26  4.770000e-26  1.510000e-25  4.780000e-25  1.510000e-24  4.780000e-24  1.510000e-23  4.780000e-23  1.510000e-22  4.780000e-22  1.510000e-21  4.780000e-21  1.510000e-20  4.790000e-20  1.510000e-19  4.780000e-19  1.510000e-18  4.790000e-18  1.510000e-17  4.790000e-17  1.510000e-16  
62.515000  6.750000e-27  2.130000e-26  6.750000e-26  2.140000e-25  6.760000e-25  2.130000e-24  6.770000e-24  2.140000e-23  6.770000e-23  2.140000e-22  6.770000e-22  2.130000e-21  6.770000e-21  2.130000e-20  6.740000e-20  2.140000e-19  6.750000e-19  2.140000e-18  6.760000e-18  2.140000e-17  6.750000e-17  
62.520000  3.810000e-27  1.200000e-26  3.810000e-26  1.210000e-25  3.810000e-25  1.210000e-24  3.810000e-24  1.200000e-23  3.810000e-23  1.200000e-22  3.810000e-22  1.210000e-21  3.810000e-21  1.210000e-20  3.810000e-20  1.210000e-19  3.820000e-19  1.200000e-18  3.810000e-18  1.210000e-17  3.810000e-17  
62.525000  2.440000e-27  7.730000e-27  2.440000e-26  7.720000e-26  2.450000e-25  7.720000e-25  2.440000e-24  7.720000e-24  2.450000e-23  7.710000e-23  2.450000e-22  7.730000e-22  2.450000e-21  7.720000e-21  2.440000e-20  7.730000e-20  2.440000e-19  7.720000e-19  2.440000e-18  7.740000e-18  2.440000e-17  
62.530000  1.700000e-27  5.380000e-27  1.700000e-26  5.380000e-26  1.700000e-25  5.360000e-25  1.700000e-24  5.360000e-24  1.700000e-23  5.360000e-23  1.700000e-22  5.370000e-22  1.700000e-21  5.370000e-21  1.700000e-20  5.370000e-20  1.700000e-19  5.370000e-19  1.700000e-18  5.370000e-18  1.700000e-17  
62.540000  9.570000e-28  3.020000e-27  9.560000e-27  3.030000e-26  9.560000e-26  3.020000e-25  9.560000e-25  3.030000e-24  9.550000e-24  3.030000e-23  9.580000e-23  3.020000e-22  9.550000e-22  3.030000e-21  9.570000e-21  3.030000e-20  9.540000e-20  3.030000e-19  9.580000e-19  3.030000e-18  9.570000e-18  
62.550000  6.130000e-28  1.940000e-27  6.120000e-27  1.930000e-26  6.130000e-26  1.940000e-25  6.130000e-25  1.940000e-24  6.120000e-24  1.930000e-23  6.130000e-23  1.940000e-22  6.130000e-22  1.940000e-21  6.130000e-21  1.940000e-20  6.120000e-20  1.940000e-19  6.120000e-19  1.940000e-18  6.120000e-18  
62.570000  3.130000e-28  9.930000e-28  3.140000e-27  9.910000e-27  3.130000e-26  9.880000e-26  3.120000e-25  9.890000e-25  3.140000e-24  9.890000e-24  3.130000e-23  9.920000e-23  3.130000e-22  9.900000e-22  3.130000e-21  9.920000e-21  3.130000e-20  9.890000e-20  3.120000e-19  9.890000e-19  3.130000e-18  
62.600000  1.540000e-28  4.860000e-28  1.540000e-27  4.860000e-27  1.540000e-26  4.870000e-26  1.540000e-25  4.860000e-25  1.540000e-24  4.860000e-24  1.540000e-23  4.860000e-23  1.540000e-22  4.860000e-22  1.540000e-21  4.850000e-21  1.540000e-20  4.860000e-20  1.540000e-19  4.860000e-19  1.540000e-18  
62.650000  6.850000e-29  2.160000e-28  6.870000e-28  2.160000e-27  6.850000e-27  2.170000e-26  6.850000e-26  2.170000e-25  6.860000e-25  2.170000e-24  6.850000e-24  2.160000e-23  6.840000e-23  2.160000e-22  6.860000e-22  2.170000e-21  6.840000e-21  2.170000e-20  6.840000e-20  2.160000e-19  6.840000e-19  
62.700000  3.860000e-29  1.220000e-28  3.860000e-28  1.220000e-27  3.850000e-27  1.220000e-26  3.860000e-26  1.220000e-25  3.870000e-25  1.220000e-24  3.870000e-24  1.220000e-23  3.870000e-23  1.220000e-22  3.860000e-22  1.220000e-21  3.860000e-21  1.220000e-20  3.850000e-20  1.220000e-19  3.850000e-19  
62.800000  1.720000e-29  5.440000e-29  1.720000e-28  5.450000e-28  1.720000e-27  5.450000e-27  1.720000e-26  5.460000e-26  1.720000e-25  5.440000e-25  1.720000e-24  5.460000e-24  1.720000e-23  5.440000e-23  1.720000e-22  5.460000e-22  1.720000e-21  5.430000e-21  1.730000e-20  5.440000e-20  1.720000e-19  
63.000000  6.260000e-30  1.970000e-29  6.250000e-29  1.980000e-28  6.250000e-28  1.980000e-27  6.260000e-27  1.970000e-26  6.240000e-26  1.980000e-25  6.250000e-25  1.970000e-24  6.250000e-24  1.980000e-23  6.260000e-23  1.970000e-22  6.250000e-22  1.980000e-21  6.270000e-21  1.980000e-20  6.260000e-20  
63.200000  3.230000e-30  1.020000e-29  3.210000e-29  1.020000e-28  3.220000e-28  1.020000e-27  3.220000e-27  1.020000e-26  3.220000e-26  1.020000e-25  3.220000e-25  1.020000e-24  3.220000e-24  1.020000e-23  3.220000e-23  1.020000e-22  3.220000e-22  1.020000e-21  3.220000e-21  1.020000e-20  3.230000e-20  
63.600000  1.330000e-30  4.200000e-30  1.330000e-29  4.210000e-29  1.330000e-28  4.200000e-28  1.330000e-27  4.190000e-27  1.330000e-26  4.200000e-26  1.330000e-25  4.200000e-25  1.330000e-24  4.200000e-24  1.330000e-23  4.200000e-23  1.330000e-22  4.190000e-22  1.330000e-21  4.200000e-21  1.330000e-20  
64.200000  5.720000e-31  1.810000e-30  5.730000e-30  1.810000e-29  5.720000e-29  1.810000e-28  5.720000e-28  1.810000e-27  5.720000e-27  1.810000e-26  5.740000e-26  1.820000e-25  5.750000e-25  1.820000e-24  5.750000e-24  1.810000e-23  5.720000e-23  1.810000e-22  5.730000e-22  1.810000e-21  5.740000e-21  
65.500000  1.980000e-31  6.290000e-31  1.980000e-30  6.260000e-30  1.990000e-29  6.280000e-29  1.980000e-28  6.270000e-28  1.980000e-27  6.260000e-27  1.980000e-26  6.280000e-26  1.990000e-25  6.260000e-25  1.980000e-24  6.260000e-24  1.990000e-23  6.270000e-23  1.990000e-22  6.290000e-22  1.990000e-21  
67.030000  9.660000e-32  3.050000e-31  9.660000e-31  3.050000e-30  9.680000e-30  3.050000e-29  9.640000e-29  3.060000e-28  9.700000e-28  3.050000e-27  9.670000e-27  3.060000e-26  9.650000e-26  3.050000e-25  9.640000e-25  3.050000e-24  9.660000e-24  3.060000e-23  9.670000e-23  3.060000e-22  9.670000e-22  
68.610000  6.060000e-32  1.910000e-31  6.030000e-31  1.920000e-30  6.040000e-30  1.910000e-29  6.040000e-29  1.910000e-28  6.040000e-28  1.910000e-27  6.060000e-27  1.910000e-26  6.050000e-26  1.910000e-25  6.060000e-25  1.920000e-24  6.040000e-24  1.910000e-23  6.040000e-23  1.920000e-22  6.040000e-22  
70.220000  4.410000e-32  1.400000e-31  4.420000e-31  1.390000e-30  4.420000e-30  1.400000e-29  4.430000e-29  1.390000e-28  4.420000e-28  1.400000e-27  4.410000e-27  1.400000e-26  4.410000e-26  1.400000e-25  4.400000e-25  1.400000e-24  4.420000e-24  1.400000e-23  4.430000e-23  1.400000e-22  4.410000e-22  
71.880000  3.600000e-32  1.140000e-31  3.600000e-31  1.140000e-30  3.610000e-30  1.140000e-29  3.600000e-29  1.140000e-28  3.610000e-28  1.140000e-27  3.600000e-27  1.140000e-26  3.620000e-26  1.140000e-25  3.610000e-25  1.140000e-24  3.610000e-24  1.140000e-23  3.590000e-23  1.140000e-22  3.600000e-22  
73.567595  3.240000e-32  1.030000e-31  3.250000e-31  1.020000e-30  3.260000e-30  1.030000e-29  3.240000e-29  1.020000e-28  3.240000e-28  1.020000e-27  3.240000e-27  1.030000e-26  3.270000e-26  1.030000e-25  3.240000e-25  1.030000e-24  3.250000e-24  1.030000e-23  3.230000e-23  1.020000e-22  3.250000e-22  
75.298716  3.210000e-32  1.010000e-31  3.220000e-31  1.020000e-30  3.200000e-30  1.020000e-29  3.200000e-29  1.020000e-28  3.220000e-28  1.010000e-27  3.210000e-27  1.010000e-26  3.210000e-26  1.010000e-25  3.210000e-25  1.010000e-24  3.190000e-24  1.020000e-23  3.220000e-23  1.010000e-22  3.200000e-22  
77.070572  3.620000e-32  1.140000e-31  3.610000e-31  1.140000e-30  3.620000e-30  1.150000e-29  3.620000e-29  1.140000e-28  3.630000e-28  1.150000e-27  3.630000e-27  1.140000e-26  3.630000e-26  1.140000e-25  3.630000e-25  1.150000e-24  3.630000e-24  1.150000e-23  3.620000e-23  1.140000e-22  3.620000e-22  
78.884121  5.290000e-32  1.680000e-31  5.320000e-31  1.670000e-30  5.300000e-30  1.680000e-29  5.310000e-29  1.680000e-28  5.320000e-28  1.680000e-27  5.300000e-27  1.690000e-26  5.320000e-26  1.690000e-25  5.300000e-25  1.690000e-24  5.350000e-24  1.680000e-23  5.290000e-23  1.680000e-22  5.310000e-22  
80.740345  1.110000e-31  3.520000e-31  1.120000e-30  3.540000e-30  1.120000e-29  3.510000e-29  1.120000e-28  3.530000e-28  1.110000e-27  3.530000e-27  1.120000e-26  3.530000e-26  1.120000e-25  3.530000e-25  1.110000e-24  3.520000e-24  1.110000e-23  3.530000e-23  1.110000e-22  3.530000e-22  1.120000e-21  
82.640248  1.510000e-31  4.770000e-31  1.510000e-30  4.760000e-30  1.500000e-29  4.740000e-29  1.510000e-28  4.750000e-28  1.510000e-27  4.770000e-27  1.500000e-26  4.760000e-26  1.500000e-25  4.760000e-25  1.500000e-24  4.780000e-24  1.500000e-23  4.760000e-23  1.510000e-22  4.780000e-22  1.510000e-21  
84.584857  1.620000e-31  5.130000e-31  1.620000e-30  5.140000e-30  1.630000e-29  5.130000e-29  1.620000e-28  5.130000e-28  1.630000e-27  5.120000e-27  1.620000e-26  5.120000e-26  1.620000e-25  5.150000e-25  1.630000e-24  5.120000e-24  1.620000e-23  5.110000e-23  1.620000e-22  5.140000e-22  1.620000e-21  
86.575226  1.630000e-31  5.150000e-31  1.630000e-30  5.130000e-30  1.620000e-29  5.140000e-29  1.630000e-28  5.140000e-28  1.630000e-27  5.160000e-27  1.630000e-26  5.130000e-26  1.620000e-25  5.150000e-25  1.630000e-24  5.140000e-24  1.620000e-23  5.150000e-23  1.620000e-22  5.160000e-22  1.620000e-21  
88.612429  1.590000e-31  5.020000e-31  1.590000e-30  5.010000e-30  1.590000e-29  5.000000e-29  1.580000e-28  5.040000e-28  1.590000e-27  5.020000e-27  1.590000e-26  5.030000e-26  1.590000e-25  5.020000e-25  1.580000e-24  5.040000e-24  1.590000e-23  5.010000e-23  1.590000e-22  5.020000e-22  1.590000e-21  
90.697570  1.570000e-31  4.960000e-31  1.580000e-30  4.970000e-30  1.570000e-29  4.980000e-29  1.580000e-28  4.990000e-28  1.570000e-27  4.980000e-27  1.570000e-26  4.980000e-26  1.580000e-25  4.980000e-25  1.570000e-24  4.980000e-24  1.570000e-23  4.980000e-23  1.580000e-22  4.960000e-22  1.570000e-21  
92.831777  1.630000e-31  5.160000e-31  1.630000e-30  5.140000e-30  1.630000e-29  5.140000e-29  1.630000e-28  5.130000e-28  1.630000e-27  5.150000e-27  1.630000e-26  5.180000e-26  1.630000e-25  5.190000e-25  1.630000e-24  5.160000e-24  1.630000e-23  5.150000e-23  1.630000e-22  5.150000e-22  1.640000e-21  
95.016203  1.630000e-31  5.160000e-31  1.630000e-30  5.140000e-30  1.630000e-29  5.150000e-29  1.630000e-28  5.140000e-28  1.630000e-27  5.140000e-27  1.630000e-26  5.140000e-26  1.630000e-25  5.160000e-25  1.630000e-24  5.140000e-24  1.620000e-23  5.160000e-23  1.630000e-22  5.150000e-22  1.630000e-21  
97.252032  1.590000e-31  5.010000e-31  1.580000e-30  5.020000e-30  1.590000e-29  5.020000e-29  1.590000e-28  5.000000e-28  1.570000e-27  5.000000e-27  1.590000e-26  5.010000e-26  1.580000e-25  5.020000e-25  1.590000e-24  5.010000e-24  1.590000e-23  5.010000e-23  1.580000e-22  5.030000e-22  1.580000e-21  
99.540471  1.520000e-31  4.810000e-31  1.520000e-30  4.810000e-30  1.520000e-29  4.820000e-29  1.520000e-28  4.820000e-28  1.530000e-27  4.820000e-27  1.520000e-26  4.800000e-26  1.520000e-25  4.820000e-25  1.530000e-24  4.820000e-24  1.520000e-23  4.810000e-23  1.520000e-22  4.810000e-22  1.530000e-21  
101.882760  1.460000e-31  4.590000e-31  1.450000e-30  4.580000e-30  1.450000e-29  4.580000e-29  1.450000e-28  4.590000e-28  1.450000e-27  4.590000e-27  1.460000e-26  4.610000e-26  1.460000e-25  4.610000e-25  1.450000e-24  4.590000e-24  1.450000e-23  4.600000e-23  1.450000e-22  4.600000e-22  1.460000e-21  
104.280166  1.380000e-31  4.370000e-31  1.380000e-30  4.380000e-30  1.380000e-29  4.380000e-29  1.380000e-28  4.390000e-28  1.380000e-27  4.390000e-27  1.390000e-26  4.370000e-26  1.380000e-25  4.380000e-25  1.380000e-24  4.390000e-24  1.390000e-23  4.370000e-23  1.380000e-22  4.390000e-22  1.380000e-21  
106.733985  1.310000e-31  4.170000e-31  1.320000e-30  4.180000e-30  1.320000e-29  4.150000e-29  1.320000e-28  4.170000e-28  1.320000e-27  4.160000e-27  1.310000e-26  4.150000e-26  1.320000e-25  4.170000e-25  1.320000e-24  4.160000e-24  1.310000e-23  4.150000e-23  1.320000e-22  4.170000e-22  1.310000e-21  
109.245544  1.250000e-31  3.940000e-31  1.250000e-30  3.930000e-30  1.250000e-29  3.940000e-29  1.250000e-28  3.930000e-28  1.250000e-27  3.940000e-27  1.240000e-26  3.950000e-26  1.240000e-25  3.940000e-25  1.250000e-24  3.930000e-24  1.260000e-23  3.960000e-23  1.250000e-22  3.950000e-22  1.260000e-21  
111.816204  1.190000e-31  3.750000e-31  1.190000e-30  3.760000e-30  1.180000e-29  3.750000e-29  1.180000e-28  3.740000e-28  1.180000e-27  3.740000e-27  1.190000e-26  3.750000e-26  1.180000e-25  3.750000e-25  1.180000e-24  3.760000e-24  1.180000e-23  3.760000e-23  1.180000e-22  3.750000e-22  1.190000e-21  
114.447353  1.120000e-31  3.570000e-31  1.120000e-30  3.560000e-30  1.130000e-29  3.560000e-29  1.130000e-28  3.560000e-28  1.120000e-27  3.560000e-27  1.130000e-26  3.560000e-26  1.130000e-25  3.570000e-25  1.130000e-24  3.570000e-24  1.120000e-23  3.560000e-23  1.130000e-22  3.560000e-22  1.130000e-21  
117.140416  1.070000e-31  3.390000e-31  1.070000e-30  3.380000e-30  1.070000e-29  3.390000e-29  1.070000e-28  3.380000e-28  1.070000e-27  3.390000e-27  1.070000e-26  3.380000e-26  1.070000e-25  3.390000e-25  1.070000e-24  3.390000e-24  1.070000e-23  3.380000e-23  1.070000e-22  3.390000e-22  1.080000e-21  
119.896850  1.020000e-31  3.210000e-31  1.020000e-30  3.210000e-30  1.010000e-29  3.220000e-29  1.020000e-28  3.230000e-28  1.020000e-27  3.210000e-27  1.020000e-26  3.220000e-26  1.020000e-25  3.220000e-25  1.020000e-24  3.230000e-24  1.020000e-23  3.220000e-23  1.020000e-22  3.230000e-22  1.030000e-21  
122.718145  9.670000e-32  3.070000e-31  9.670000e-31  3.080000e-30  9.720000e-30  3.060000e-29  9.730000e-29  3.050000e-28  9.690000e-28  3.060000e-27  9.700000e-27  3.040000e-26  9.710000e-26  3.070000e-25  9.730000e-25  3.080000e-24  9.730000e-24  3.060000e-23  9.710000e-23  3.090000e-22  9.920000e-22  
125.605829  9.580000e-32  3.030000e-31  9.590000e-31  3.030000e-30  9.620000e-30  3.040000e-29  9.620000e-29  3.030000e-28  9.590000e-28  3.050000e-27  9.640000e-27  3.090000e-26  9.900000e-26  3.250000e-25  1.100000e-24  4.040000e-24  1.760000e-23  9.890000e-23  7.140000e-22  6.100000e-21  5.680000e-20  
128.561462  9.590000e-32  3.030000e-31  9.570000e-31  3.030000e-30  9.570000e-30  3.030000e-29  9.550000e-29  3.030000e-28  9.600000e-28  3.070000e-27  9.730000e-27  3.130000e-26  1.020000e-25  3.430000e-25  1.230000e-24  5.010000e-24  2.510000e-23  1.620000e-22  1.270000e-21  1.130000e-20  1.070000e-19  
131.586645  9.330000e-32  2.940000e-31  9.370000e-31  2.930000e-30  9.300000e-30  2.950000e-29  9.320000e-29  2.960000e-28  9.340000e-28  2.980000e-27  9.510000e-27  3.060000e-26  1.000000e-25  3.400000e-25  1.240000e-24  5.130000e-24  2.630000e-23  1.720000e-22  1.360000e-21  1.210000e-20  1.140000e-19  
134.683013  8.970000e-32  2.830000e-31  8.980000e-31  2.840000e-30  8.950000e-30  2.850000e-29  9.000000e-29  2.840000e-28  9.050000e-28  2.870000e-27  9.190000e-27  2.970000e-26  9.710000e-26  3.290000e-25  1.200000e-24  4.990000e-24  2.560000e-23  1.670000e-22  1.320000e-21  1.170000e-20  1.100000e-19  
137.852242  8.650000e-32  2.740000e-31  8.630000e-31  2.730000e-30  8.660000e-30  2.730000e-29  8.680000e-29  2.750000e-28  8.690000e-28  2.770000e-27  8.860000e-27  2.850000e-26  9.350000e-26  3.170000e-25  1.150000e-24  4.750000e-24  2.410000e-23  1.550000e-22  1.220000e-21  1.070000e-20  1.010000e-19  
141.096046  8.310000e-32  2.620000e-31  8.300000e-31  2.620000e-30  8.300000e-30  2.640000e-29  8.310000e-29  2.630000e-28  8.340000e-28  2.650000e-27  8.490000e-27  2.730000e-26  8.970000e-26  3.030000e-25  1.090000e-24  4.480000e-24  2.240000e-23  1.420000e-22  1.100000e-21  9.660000e-21  9.040000e-20  
144.416180  7.950000e-32  2.510000e-31  7.940000e-31  2.510000e-30  7.960000e-30  2.520000e-29  7.950000e-29  2.530000e-28  7.980000e-28  2.540000e-27  8.090000e-27  2.620000e-26  8.540000e-26  2.880000e-25  1.040000e-24  4.190000e-24  2.070000e-23  1.290000e-22  9.870000e-22  8.590000e-21  8.000000e-20  
147.814441  7.620000e-32  2.400000e-31  7.590000e-31  2.400000e-30  7.600000e-30  2.400000e-29  7.620000e-29  2.420000e-28  7.640000e-28  2.430000e-27  7.760000e-27  2.500000e-26  8.160000e-26  2.740000e-25  9.820000e-25  3.930000e-24  1.900000e-23  1.160000e-22  8.760000e-22  7.560000e-21  7.010000e-20  
151.292666  7.280000e-32  2.300000e-31  7.280000e-31  2.300000e-30  7.250000e-30  2.300000e-29  7.290000e-29  2.300000e-28  7.310000e-28  2.330000e-27  7.420000e-27  2.380000e-26  7.770000e-26  2.610000e-25  9.240000e-25  3.660000e-24  1.740000e-23  1.040000e-22  7.750000e-22  6.630000e-21  6.120000e-20  
154.852737  6.920000e-32  2.190000e-31  6.930000e-31  2.200000e-30  6.940000e-30  2.200000e-29  6.970000e-29  2.200000e-28  6.970000e-28  2.220000e-27  7.050000e-27  2.270000e-26  7.400000e-26  2.470000e-25  8.720000e-25  3.400000e-24  1.590000e-23  9.320000e-23  6.820000e-22  5.780000e-21  5.310000e-20  
158.496580  6.620000e-32  2.100000e-31  6.660000e-31  2.100000e-30  6.640000e-30  2.100000e-29  6.630000e-29  2.090000e-28  6.660000e-28  2.120000e-27  6.730000e-27  2.180000e-26  7.060000e-26  2.340000e-25  8.210000e-25  3.170000e-24  1.450000e-23  8.350000e-23  6.010000e-22  5.040000e-21  4.610000e-20  
162.226166  6.340000e-32  2.000000e-31  6.340000e-31  2.000000e-30  6.330000e-30  2.000000e-29  6.350000e-29  2.010000e-28  6.350000e-28  2.020000e-27  6.440000e-27  2.060000e-26  6.700000e-26  2.230000e-25  7.760000e-25  2.960000e-24  1.330000e-23  7.470000e-23  5.280000e-22  4.380000e-21  3.990000e-20  
166.043514  6.050000e-32  1.910000e-31  6.030000e-31  1.910000e-30  6.040000e-30  1.910000e-29  6.050000e-29  1.910000e-28  6.070000e-28  1.930000e-27  6.130000e-27  1.970000e-26  6.350000e-26  2.110000e-25  7.310000e-25  2.760000e-24  1.210000e-23  6.690000e-23  4.640000e-22  3.810000e-21  3.450000e-20  
169.950687  5.770000e-32  1.820000e-31  5.770000e-31  1.830000e-30  5.780000e-30  1.830000e-29  5.760000e-29  1.830000e-28  5.770000e-28  1.830000e-27  5.860000e-27  1.880000e-26  6.060000e-26  2.010000e-25  6.880000e-25  2.570000e-24  1.110000e-23  6.000000e-23  4.090000e-22  3.320000e-21  2.980000e-20  
173.949801  5.540000e-32  1.750000e-31  5.540000e-31  1.750000e-30  5.540000e-30  1.750000e-29  5.520000e-29  1.750000e-28  5.570000e-28  1.760000e-27  5.610000e-27  1.790000e-26  5.810000e-26  1.910000e-25  6.530000e-25  2.410000e-24  1.020000e-23  5.390000e-23  3.600000e-22  2.880000e-21  2.580000e-20  
178.043017  5.370000e-32  1.700000e-31  5.360000e-31  1.700000e-30  5.370000e-30  1.690000e-29  5.370000e-29  1.700000e-28  5.390000e-28  1.710000e-27  5.420000e-27  1.730000e-26  5.600000e-26  1.850000e-25  6.260000e-25  2.280000e-24  9.500000e-24  4.880000e-23  3.180000e-22  2.510000e-21  2.230000e-20  
182.232551  5.240000e-32  1.650000e-31  5.210000e-31  1.650000e-30  5.230000e-30  1.650000e-29  5.220000e-29  1.650000e-28  5.230000e-28  1.660000e-27  5.280000e-27  1.690000e-26  5.440000e-26  1.770000e-25  5.990000e-25  2.170000e-24  8.850000e-24  4.430000e-23  2.820000e-22  2.190000e-21  1.930000e-20  
186.520669  5.060000e-32  1.610000e-31  5.080000e-31  1.610000e-30  5.090000e-30  1.600000e-29  5.080000e-29  1.610000e-28  5.100000e-28  1.620000e-27  5.130000e-27  1.640000e-26  5.280000e-26  1.720000e-25  5.800000e-25  2.060000e-24  8.310000e-24  4.040000e-23  2.510000e-22  1.910000e-21  1.670000e-20  
190.909691  4.930000e-32  1.560000e-31  4.960000e-31  1.560000e-30  4.950000e-30  1.560000e-29  4.950000e-29  1.570000e-28  4.950000e-28  1.570000e-27  4.990000e-27  1.590000e-26  5.110000e-26  1.670000e-25  5.580000e-25  1.970000e-24  7.760000e-24  3.680000e-23  2.230000e-22  1.670000e-21  1.440000e-20  
195.401991  4.790000e-32  1.520000e-31  4.790000e-31  1.520000e-30  4.790000e-30  1.520000e-29  4.820000e-29  1.520000e-28  4.810000e-28  1.530000e-27  4.870000e-27  1.540000e-26  4.950000e-26  1.610000e-25  5.370000e-25  1.880000e-24  7.280000e-24  3.370000e-23  1.990000e-22  1.460000e-21  1.250000e-20  
200.000000  4.650000e-32  1.470000e-31  4.650000e-31  1.470000e-30  4.630000e-30  1.470000e-29  4.650000e-29  1.470000e-28  4.680000e-28  1.480000e-27  4.700000e-27  1.500000e-26  4.800000e-26  1.550000e-25  5.160000e-25  1.790000e-24  6.840000e-24  3.090000e-23  1.780000e-22  1.280000e-21  1.080000e-20  
209.622627  4.330000e-32  1.380000e-31  4.350000e-31  1.370000e-30  4.330000e-30  1.370000e-29  4.350000e-29  1.370000e-28  4.360000e-28  1.370000e-27  4.380000e-27  1.400000e-26  4.450000e-26  1.440000e-25  4.740000e-25  1.620000e-24  6.040000e-24  2.620000e-23  1.430000e-22  9.880000e-22  8.140000e-21  
219.708228  4.030000e-32  1.270000e-31  4.020000e-31  1.280000e-30  4.020000e-30  1.270000e-29  4.030000e-29  1.270000e-28  4.050000e-28  1.280000e-27  4.050000e-27  1.290000e-26  4.120000e-26  1.330000e-25  4.340000e-25  1.470000e-24  5.350000e-24  2.230000e-23  1.160000e-22  7.670000e-22  6.150000e-21  
230.279080  3.730000e-32  1.180000e-31  3.710000e-31  1.180000e-30  3.720000e-30  1.170000e-29  3.710000e-29  1.180000e-28  3.720000e-28  1.180000e-27  3.740000e-27  1.190000e-26  3.780000e-26  1.220000e-25  3.970000e-25  1.330000e-24  4.750000e-24  1.910000e-23  9.440000e-23  5.980000e-22  4.650000e-21  
241.358528  3.410000e-32  1.080000e-31  3.410000e-31  1.080000e-30  3.420000e-30  1.080000e-29  3.410000e-29  1.080000e-28  3.420000e-28  1.080000e-27  3.430000e-27  1.090000e-26  3.470000e-26  1.110000e-25  3.630000e-25  1.200000e-24  4.220000e-24  1.650000e-23  7.780000e-23  4.700000e-22  3.540000e-21  
252.971043  3.110000e-32  9.870000e-32  3.120000e-31  9.860000e-31  3.120000e-30  9.880000e-30  3.110000e-29  9.850000e-29  3.120000e-28  9.870000e-28  3.130000e-27  9.900000e-27  3.170000e-26  1.010000e-25  3.270000e-25  1.080000e-24  3.750000e-24  1.430000e-23  6.460000e-23  3.730000e-22  2.710000e-21  
265.142273  2.840000e-32  8.980000e-32  2.840000e-31  8.990000e-31  2.850000e-30  8.990000e-30  2.840000e-29  8.970000e-29  2.840000e-28  9.000000e-28  2.850000e-27  9.040000e-27  2.870000e-26  9.200000e-26  2.960000e-25  9.730000e-25  3.340000e-24  1.240000e-23  5.400000e-23  2.980000e-22  2.090000e-21  
277.899099  2.580000e-32  8.170000e-32  2.580000e-31  8.150000e-31  2.590000e-30  8.180000e-30  2.570000e-29  8.180000e-29  2.580000e-28  8.200000e-28  2.590000e-27  8.210000e-27  2.620000e-26  8.330000e-26  2.680000e-25  8.750000e-25  2.980000e-24  1.080000e-23  4.560000e-23  2.400000e-22  1.620000e-21  
291.269696  2.340000e-32  7.400000e-32  2.340000e-31  7.410000e-31  2.340000e-30  7.410000e-30  2.340000e-29  7.400000e-29  2.340000e-28  7.400000e-28  2.340000e-27  7.450000e-27  2.370000e-26  7.540000e-26  2.420000e-25  7.900000e-25  2.650000e-24  9.490000e-24  3.880000e-23  1.950000e-22  1.270000e-21  
305.283593  2.120000e-32  6.720000e-32  2.120000e-31  6.700000e-31  2.120000e-30  6.720000e-30  2.120000e-29  6.720000e-29  2.130000e-28  6.720000e-28  2.130000e-27  6.730000e-27  2.140000e-26  6.830000e-26  2.190000e-25  7.120000e-25  2.370000e-24  8.360000e-24  3.300000e-23  1.600000e-22  9.950000e-22  
319.971744  1.920000e-32  6.060000e-32  1.920000e-31  6.070000e-31  1.920000e-30  6.070000e-30  1.920000e-29  6.070000e-29  1.920000e-28  6.080000e-28  1.920000e-27  6.090000e-27  1.930000e-26  6.160000e-26  1.980000e-25  6.400000e-25  2.120000e-24  7.370000e-24  2.840000e-23  1.320000e-22  7.890000e-22  
335.366587  1.740000e-32  5.490000e-32  1.730000e-31  5.490000e-31  1.730000e-30  5.480000e-30  1.740000e-29  5.490000e-29  1.740000e-28  5.480000e-28  1.740000e-27  5.520000e-27  1.740000e-26  5.570000e-26  1.780000e-25  5.740000e-25  1.890000e-24  6.510000e-24  2.460000e-23  1.100000e-22  6.290000e-22  
351.502125  1.570000e-32  4.960000e-32  1.570000e-31  4.960000e-31  1.570000e-30  4.960000e-30  1.570000e-29  4.950000e-29  1.570000e-28  4.970000e-28  1.570000e-27  4.970000e-27  1.580000e-26  5.020000e-26  1.600000e-25  5.160000e-25  1.690000e-24  5.780000e-24  2.140000e-23  9.260000e-23  5.070000e-22  
368.413994  1.420000e-32  4.470000e-32  1.410000e-31  4.470000e-31  1.420000e-30  4.470000e-30  1.420000e-29  4.480000e-29  1.420000e-28  4.470000e-28  1.420000e-27  4.490000e-27  1.420000e-26  4.530000e-26  1.450000e-25  4.640000e-25  1.520000e-24  5.140000e-24  1.870000e-23  7.820000e-23  4.110000e-22  
386.139546  1.280000e-32  4.060000e-32  1.280000e-31  4.040000e-31  1.280000e-30  4.040000e-30  1.280000e-29  4.040000e-29  1.280000e-28  4.050000e-28  1.280000e-27  4.050000e-27  1.290000e-26  4.090000e-26  1.300000e-25  4.180000e-25  1.360000e-24  4.570000e-24  1.630000e-23  6.660000e-23  3.350000e-22  
404.717930  1.160000e-32  3.650000e-32  1.160000e-31  3.650000e-31  1.160000e-30  3.650000e-30  1.160000e-29  3.650000e-29  1.150000e-28  3.660000e-28  1.160000e-27  3.670000e-27  1.160000e-26  3.690000e-26  1.170000e-25  3.770000e-25  1.220000e-24  4.060000e-24  1.430000e-23  5.680000e-23  2.760000e-22  
424.190178  1.040000e-32  3.300000e-32  1.040000e-31  3.300000e-31  1.050000e-30  3.300000e-30  1.050000e-29  3.290000e-29  1.040000e-28  3.310000e-28  1.050000e-27  3.310000e-27  1.050000e-26  3.320000e-26  1.060000e-25  3.390000e-25  1.100000e-24  3.640000e-24  1.270000e-23  4.900000e-23  2.280000e-22  
444.599297  9.430000e-33  2.980000e-32  9.420000e-32  2.990000e-31  9.410000e-31  2.980000e-30  9.450000e-30  2.980000e-29  9.440000e-29  2.980000e-28  9.440000e-28  2.990000e-27  9.460000e-27  3.000000e-26  9.540000e-26  3.060000e-25  9.870000e-25  3.260000e-24  1.120000e-23  4.250000e-23  1.910000e-22  
465.990362  8.510000e-33  2.690000e-32  8.530000e-32  2.700000e-31  8.510000e-31  2.700000e-30  8.530000e-30  2.700000e-29  8.520000e-29  2.700000e-28  8.520000e-28  2.700000e-27  8.570000e-27  2.710000e-26  8.630000e-26  2.760000e-25  8.880000e-25  2.910000e-24  9.960000e-24  3.690000e-23  1.600000e-22  
488.410619  7.710000e-33  2.440000e-32  7.710000e-32  2.440000e-31  7.730000e-31  2.430000e-30  7.710000e-30  2.430000e-29  7.700000e-29  2.440000e-28  7.720000e-28  2.440000e-27  7.740000e-27  2.460000e-26  7.800000e-26  2.490000e-25  8.000000e-25  2.610000e-24  8.880000e-24  3.230000e-23  1.360000e-22  
511.909585  6.960000e-33  2.210000e-32  6.980000e-32  2.210000e-31  6.970000e-31  2.200000e-30  6.990000e-30  2.200000e-29  6.980000e-29  2.210000e-28  6.990000e-28  2.210000e-27  6.990000e-27  2.220000e-26  7.050000e-26  2.240000e-25  7.210000e-25  2.350000e-24  7.900000e-24  2.830000e-23  1.160000e-22  
536.539159  6.300000e-33  1.990000e-32  6.310000e-32  1.990000e-31  6.310000e-31  2.000000e-30  6.310000e-30  1.990000e-29  6.300000e-29  2.000000e-28  6.310000e-28  2.000000e-27  6.310000e-27  2.010000e-26  6.370000e-26  2.030000e-25  6.500000e-25  2.110000e-24  7.040000e-24  2.490000e-23  9.910000e-23  
562.353740  5.710000e-33  1.800000e-32  5.700000e-32  1.810000e-31  5.700000e-31  1.810000e-30  5.720000e-30  1.810000e-29  5.710000e-29  1.810000e-28  5.720000e-28  1.810000e-27  5.700000e-27  1.810000e-26  5.750000e-26  1.830000e-25  5.860000e-25  1.900000e-24  6.310000e-24  2.200000e-23  8.530000e-23  
589.410341  5.170000e-33  1.630000e-32  5.180000e-32  1.630000e-31  5.180000e-31  1.640000e-30  5.170000e-30  1.640000e-29  5.160000e-29  1.640000e-28  5.170000e-28  1.640000e-27  5.190000e-27  1.640000e-26  5.210000e-26  1.650000e-25  5.310000e-25  1.710000e-24  5.640000e-24  1.950000e-23  7.400000e-23  
617.768719  4.680000e-33  1.480000e-32  4.690000e-32  1.480000e-31  4.690000e-31  1.480000e-30  4.680000e-30  1.480000e-29  4.680000e-29  1.480000e-28  4.670000e-28  1.480000e-27  4.680000e-27  1.490000e-26  4.720000e-26  1.500000e-25  4.790000e-25  1.540000e-24  5.060000e-24  1.740000e-23  6.440000e-23  
647.491509  4.250000e-33  1.340000e-32  4.240000e-32  1.340000e-31  4.240000e-31  1.340000e-30  4.250000e-30  1.340000e-29  4.250000e-29  1.340000e-28  4.240000e-28  1.340000e-27  4.250000e-27  1.350000e-26  4.280000e-26  1.360000e-25  4.320000e-25  1.390000e-24  4.550000e-24  1.540000e-23  5.630000e-23  
678.644354  3.840000e-33  1.220000e-32  3.850000e-32  1.220000e-31  3.840000e-31  1.220000e-30  3.840000e-30  1.220000e-29  3.850000e-29  1.220000e-28  3.850000e-28  1.220000e-27  3.860000e-27  1.220000e-26  3.870000e-26  1.230000e-25  3.910000e-25  1.260000e-24  4.100000e-24  1.380000e-23  4.950000e-23  
711.296061  3.480000e-33  1.100000e-32  3.490000e-32  1.100000e-31  3.490000e-31  1.100000e-30  3.490000e-30  1.100000e-29  3.480000e-29  1.100000e-28  3.490000e-28  1.100000e-27  3.500000e-27  1.100000e-26  3.510000e-26  1.110000e-25  3.550000e-25  1.130000e-24  3.700000e-24  1.230000e-23  4.370000e-23  
745.518744  3.160000e-33  1.000000e-32  3.160000e-32  1.000000e-31  3.160000e-31  9.970000e-31  3.160000e-30  1.000000e-29  3.160000e-29  9.990000e-29  3.160000e-28  1.000000e-27  3.170000e-27  1.000000e-26  3.180000e-26  1.010000e-25  3.210000e-25  1.030000e-24  3.330000e-24  1.110000e-23  3.870000e-23  
781.387987  2.870000e-33  9.060000e-33  2.870000e-32  9.060000e-32  2.870000e-31  9.050000e-31  2.870000e-30  9.070000e-30  2.860000e-29  9.070000e-29  2.860000e-28  9.090000e-28  2.880000e-27  9.100000e-27  2.880000e-26  9.130000e-26  2.900000e-25  9.310000e-25  3.000000e-24  9.920000e-24  3.440000e-23  
818.983012  2.600000e-33  8.220000e-33  2.600000e-32  8.230000e-32  2.600000e-31  8.230000e-31  2.600000e-30  8.240000e-30  2.600000e-29  8.250000e-29  2.600000e-28  8.240000e-28  2.610000e-27  8.260000e-27  2.610000e-26  8.290000e-26  2.640000e-25  8.410000e-25  2.710000e-24  8.920000e-24  3.060000e-23  
858.386852  2.360000e-33  7.470000e-33  2.360000e-32  7.480000e-32  2.360000e-31  7.470000e-31  2.360000e-30  7.470000e-30  2.360000e-29  7.460000e-29  2.360000e-28  7.470000e-28  2.370000e-27  7.480000e-27  2.370000e-26  7.500000e-26  2.390000e-25  7.600000e-25  2.450000e-24  8.020000e-24  2.730000e-23  
899.686534  2.150000e-33  6.780000e-33  2.150000e-32  6.780000e-32  2.140000e-31  6.790000e-31  2.140000e-30  6.800000e-30  2.140000e-29  6.770000e-29  2.140000e-28  6.770000e-28  2.150000e-27  6.790000e-27  2.150000e-26  6.800000e-26  2.170000e-25  6.900000e-25  2.220000e-24  7.220000e-24  2.430000e-23  
942.973273  1.950000e-33  6.140000e-33  1.940000e-32  6.140000e-32  1.940000e-31  6.170000e-31  1.950000e-30  6.160000e-30  1.950000e-29  6.160000e-29  1.950000e-28  6.170000e-28  1.950000e-27  6.160000e-27  1.950000e-26  6.180000e-26  1.970000e-25  6.250000e-25  2.010000e-24  6.520000e-24  2.180000e-23  
988.342672  1.760000e-33  5.610000e-33  1.770000e-32  5.590000e-32  1.770000e-31  5.600000e-31  1.780000e-30  5.580000e-30  1.770000e-29  5.600000e-29  1.770000e-28  5.580000e-28  1.770000e-27  5.600000e-27  1.770000e-26  5.620000e-26  1.780000e-25  5.690000e-25  1.820000e-24  5.890000e-24  1.960000e-23  
1035.894940  1.610000e-33  5.070000e-33  1.610000e-32  5.080000e-32  1.610000e-31  5.080000e-31  1.610000e-30  5.070000e-30  1.610000e-29  5.080000e-29  1.600000e-28  5.080000e-28  1.610000e-27  5.080000e-27  1.610000e-26  5.100000e-26  1.620000e-25  5.160000e-25  1.640000e-24  5.320000e-24  1.770000e-23  
1085.735090  1.460000e-33  4.610000e-33  1.460000e-32  4.620000e-32  1.460000e-31  4.610000e-31  1.460000e-30  4.610000e-30  1.460000e-29  4.620000e-29  1.460000e-28  4.620000e-28  1.460000e-27  4.620000e-27  1.460000e-26  4.640000e-26  1.460000e-25  4.670000e-25  1.490000e-24  4.810000e-24  1.580000e-23  
1137.973210  1.330000e-33  4.200000e-33  1.330000e-32  4.190000e-32  1.330000e-31  4.190000e-31  1.320000e-30  4.190000e-30  1.330000e-29  4.200000e-29  1.320000e-28  4.200000e-28  1.320000e-27  4.200000e-27  1.330000e-26  4.210000e-26  1.340000e-25  4.240000e-25  1.350000e-24  4.360000e-24  1.430000e-23  
1192.724660  1.200000e-33  3.800000e-33  1.200000e-32  3.820000e-32  1.200000e-31  3.820000e-31  1.200000e-30  3.800000e-30  1.200000e-29  3.800000e-29  1.210000e-28  3.810000e-28  1.210000e-27  3.810000e-27  1.210000e-26  3.810000e-26  1.210000e-25  3.860000e-25  1.230000e-24  3.940000e-24  1.290000e-23  
1250.110390  1.100000e-33  3.460000e-33  1.100000e-32  3.460000e-32  1.100000e-31  3.470000e-31  1.100000e-30  3.470000e-30  1.090000e-29  3.470000e-29  1.100000e-28  3.470000e-28  1.100000e-27  3.450000e-27  1.100000e-26  3.470000e-26  1.100000e-25  3.510000e-25  1.110000e-24  3.560000e-24  1.170000e-23  
1310.257110  9.940000e-34  3.150000e-33  9.950000e-33  3.150000e-32  9.980000e-32  3.150000e-31  9.940000e-31  3.150000e-30  9.940000e-30  3.140000e-29  9.950000e-29  3.140000e-28  9.940000e-28  3.150000e-27  9.970000e-27  3.160000e-26  9.980000e-26  3.170000e-25  1.010000e-24  3.230000e-24  1.050000e-23  
1373.297690  9.050000e-34  2.870000e-33  9.050000e-33  2.870000e-32  9.080000e-32  2.860000e-31  9.040000e-31  2.860000e-30  9.040000e-30  2.860000e-29  9.060000e-29  2.860000e-28  9.080000e-28  2.860000e-27  9.060000e-27  2.870000e-26  9.070000e-26  2.880000e-25  9.180000e-25  2.940000e-24  9.500000e-24  
1439.371350  8.250000e-34  2.600000e-33  8.220000e-33  2.610000e-32  8.220000e-32  2.600000e-31  8.250000e-31  2.600000e-30  8.220000e-30  2.600000e-29  8.220000e-29  2.610000e-28  8.240000e-28  2.610000e-27  8.240000e-27  2.610000e-26  8.260000e-26  2.620000e-25  8.340000e-25  2.650000e-24  8.580000e-24  
1508.624010  7.490000e-34  2.370000e-33  7.480000e-33  2.360000e-32  7.490000e-32  2.370000e-31  7.500000e-31  2.370000e-30  7.500000e-30  2.370000e-29  7.510000e-29  2.370000e-28  7.500000e-28  2.360000e-27  7.480000e-27  2.370000e-26  7.520000e-26  2.370000e-25  7.580000e-25  2.410000e-24  7.780000e-24  
1581.208640  6.810000e-34  2.150000e-33  6.800000e-33  2.150000e-32  6.800000e-32  2.160000e-31  6.800000e-31  2.150000e-30  6.830000e-30  2.150000e-29  6.810000e-29  2.150000e-28  6.800000e-28  2.150000e-27  6.820000e-27  2.160000e-26  6.840000e-26  2.160000e-25  6.880000e-25  2.190000e-24  7.050000e-24  
1657.285550  6.190000e-34  1.960000e-33  6.200000e-33  1.960000e-32  6.180000e-32  1.960000e-31  6.190000e-31  1.960000e-30  6.180000e-30  1.960000e-29  6.190000e-29  1.960000e-28  6.180000e-28  1.960000e-27  6.200000e-27  1.960000e-26  6.230000e-26  1.960000e-25  6.270000e-25  1.990000e-24  6.370000e-24  
1737.022750  5.640000e-34  1.780000e-33  5.630000e-33  1.780000e-32  5.630000e-32  1.780000e-31  5.650000e-31  1.780000e-30  5.630000e-30  1.790000e-29  5.640000e-29  1.780000e-28  5.640000e-28  1.780000e-27  5.640000e-27  1.790000e-26  5.620000e-26  1.790000e-25  5.670000e-25  1.810000e-24  5.800000e-24  
1820.596360  5.120000e-34  1.620000e-33  5.120000e-33  1.620000e-32  5.130000e-32  1.620000e-31  5.120000e-31  1.620000e-30  5.120000e-30  1.620000e-29  5.130000e-29  1.620000e-28  5.120000e-28  1.620000e-27  5.120000e-27  1.620000e-26  5.150000e-26  1.630000e-25  5.170000e-25  1.640000e-24  5.250000e-24  
1908.190950  4.650000e-34  1.470000e-33  4.650000e-33  1.470000e-32  4.640000e-32  1.470000e-31  4.650000e-31  1.470000e-30  4.660000e-30  1.470000e-29  4.650000e-29  1.470000e-28  4.660000e-28  1.480000e-27  4.680000e-27  1.470000e-26  4.670000e-26  1.480000e-25  4.690000e-25  1.490000e-24  4.770000e-24  
2000.000000  4.230000e-34  1.340000e-33  4.240000e-33  1.340000e-32  4.240000e-32  1.340000e-31  4.240000e-31  1.340000e-30  4.250000e-30  1.340000e-29  4.250000e-29  1.340000e-28  4.240000e-28  1.340000e-27  4.250000e-27  1.340000e-26  4.250000e-26  1.350000e-25  4.260000e-25  1.360000e-24  4.330000e-24  
2096.226270  3.850000e-34  1.220000e-33  3.850000e-33  1.220000e-32  3.840000e-32  1.220000e-31  3.860000e-31  1.220000e-30  3.860000e-30  1.220000e-29  3.850000e-29  1.220000e-28  3.860000e-28  1.220000e-27  3.860000e-27  1.220000e-26  3.860000e-26  1.220000e-25  3.890000e-25  1.230000e-24  3.930000e-24  
2197.082280  3.500000e-34  1.110000e-33  3.500000e-33  1.110000e-32  3.530000e-32  1.110000e-31  3.510000e-31  1.110000e-30  3.500000e-30  1.110000e-29  3.510000e-29  1.110000e-28  3.510000e-28  1.110000e-27  3.510000e-27  1.110000e-26  3.520000e-26  1.120000e-25  3.540000e-25  1.120000e-24  3.580000e-24  
2302.790800  3.200000e-34  1.010000e-33  3.200000e-33  1.010000e-32  3.190000e-32  1.010000e-31  3.190000e-31  1.010000e-30  3.190000e-30  1.010000e-29  3.190000e-29  1.010000e-28  3.190000e-28  1.010000e-27  3.200000e-27  1.010000e-26  3.200000e-26  1.010000e-25  3.200000e-25  1.020000e-24  3.250000e-24  
2413.585280  2.910000e-34  9.190000e-34  2.910000e-33  9.170000e-33  2.910000e-32  9.180000e-32  2.910000e-31  9.200000e-31  2.900000e-30  9.180000e-30  2.900000e-29  9.180000e-29  2.910000e-28  9.180000e-28  2.910000e-27  9.200000e-27  2.900000e-26  9.230000e-26  2.910000e-25  9.260000e-25  2.940000e-24  
2529.710430  2.650000e-34  8.360000e-34  2.630000e-33  8.360000e-33  2.640000e-32  8.350000e-32  2.630000e-31  8.360000e-31  2.650000e-30  8.340000e-30  2.640000e-29  8.340000e-29  2.640000e-28  8.390000e-28  2.640000e-27  8.390000e-27  2.640000e-26  8.390000e-26  2.650000e-25  8.420000e-25  2.680000e-24  
2651.422730  2.400000e-34  7.610000e-34  2.410000e-33  7.620000e-33  2.410000e-32  7.590000e-32  2.400000e-31  7.600000e-31  2.410000e-30  7.610000e-30  2.400000e-29  7.590000e-29  2.410000e-28  7.610000e-28  2.410000e-27  7.620000e-27  2.410000e-26  7.610000e-26  2.410000e-25  7.660000e-25  2.430000e-24  
2778.990990  2.190000e-34  6.930000e-34  2.190000e-33  6.910000e-33  2.190000e-32  6.930000e-32  2.190000e-31  6.900000e-31  2.190000e-30  6.900000e-30  2.190000e-29  6.920000e-29  2.190000e-28  6.920000e-28  2.190000e-27  6.910000e-27  2.200000e-26  6.950000e-26  2.200000e-25  6.990000e-25  2.210000e-24  
2912.696950  1.990000e-34  6.310000e-34  1.990000e-33  6.300000e-33  1.990000e-32  6.310000e-32  2.000000e-31  6.300000e-31  1.990000e-30  6.290000e-30  1.990000e-29  6.300000e-29  1.990000e-28  6.320000e-28  2.000000e-27  6.310000e-27  1.990000e-26  6.330000e-26  2.000000e-25  6.330000e-25  2.010000e-24  
3052.835930  1.810000e-34  5.740000e-34  1.820000e-33  5.720000e-33  1.810000e-32  5.720000e-32  1.810000e-31  5.730000e-31  1.810000e-30  5.730000e-30  1.810000e-29  5.750000e-29  1.810000e-28  5.730000e-28  1.810000e-27  5.720000e-27  1.820000e-26  5.740000e-26  1.820000e-25  5.750000e-25  1.830000e-24  
3199.717440  1.650000e-34  5.220000e-34  1.650000e-33  5.210000e-33  1.650000e-32  5.210000e-32  1.650000e-31  5.220000e-31  1.650000e-30  5.210000e-30  1.650000e-29  5.240000e-29  1.650000e-28  5.220000e-28  1.650000e-27  5.220000e-27  1.650000e-26  5.220000e-26  1.650000e-25  5.240000e-25  1.660000e-24  
3353.665870  1.500000e-34  4.740000e-34  1.500000e-33  4.740000e-33  1.500000e-32  4.750000e-32  1.500000e-31  4.750000e-31  1.500000e-30  4.760000e-30  1.510000e-29  4.760000e-29  1.510000e-28  4.750000e-28  1.510000e-27  4.750000e-27  1.510000e-26  4.750000e-26  1.500000e-25  4.790000e-25  1.510000e-24  
3515.021250  1.370000e-34  4.330000e-34  1.370000e-33  4.320000e-33  1.370000e-32  4.320000e-32  1.370000e-31  4.330000e-31  1.370000e-30  4.320000e-30  1.370000e-29  4.330000e-29  1.370000e-28  4.320000e-28  1.370000e-27  4.320000e-27  1.370000e-26  4.330000e-26  1.370000e-25  4.330000e-25  1.380000e-24  
3684.139940  1.240000e-34  3.930000e-34  1.240000e-33  3.940000e-33  1.250000e-32  3.930000e-32  1.250000e-31  3.920000e-31  1.250000e-30  3.930000e-30  1.240000e-29  3.940000e-29  1.250000e-28  3.930000e-28  1.240000e-27  3.930000e-27  1.250000e-26  3.930000e-26  1.250000e-25  3.950000e-25  1.250000e-24  
3861.395460  1.130000e-34  3.570000e-34  1.130000e-33  3.580000e-33  1.130000e-32  3.580000e-32  1.130000e-31  3.590000e-31  1.130000e-30  3.570000e-30  1.130000e-29  3.580000e-29  1.130000e-28  3.580000e-28  1.130000e-27  3.570000e-27  1.130000e-26  3.590000e-26  1.140000e-25  3.590000e-25  1.140000e-24  
4047.179300  1.030000e-34  3.270000e-34  1.030000e-33  3.270000e-33  1.030000e-32  3.250000e-32  1.030000e-31  3.250000e-31  1.030000e-30  3.260000e-30  1.030000e-29  3.250000e-29  1.030000e-28  3.260000e-28  1.030000e-27  3.270000e-27  1.030000e-26  3.260000e-26  1.030000e-25  3.270000e-25  1.040000e-24  
4241.901780  9.390000e-35  2.960000e-34  9.380000e-34  2.960000e-33  9.360000e-33  2.970000e-32  9.390000e-32  2.970000e-31  9.390000e-31  2.960000e-30  9.350000e-30  2.970000e-29  9.380000e-29  2.970000e-28  9.360000e-28  2.960000e-27  9.370000e-27  2.970000e-26  9.410000e-26  2.970000e-25  9.400000e-25  
4445.992970  8.540000e-35  2.700000e-34  8.530000e-34  2.700000e-33  8.530000e-33  2.700000e-32  8.550000e-32  2.700000e-31  8.550000e-31  2.700000e-30  8.540000e-30  2.700000e-29  8.550000e-29  2.700000e-28  8.570000e-28  2.690000e-27  8.520000e-27  2.700000e-26  8.550000e-26  2.700000e-25  8.560000e-25  
4659.903620  7.770000e-35  2.450000e-34  7.760000e-34  2.460000e-33  7.780000e-33  2.450000e-32  7.740000e-32  2.460000e-31  7.780000e-31  2.460000e-30  7.760000e-30  2.450000e-29  7.790000e-29  2.460000e-28  7.770000e-28  2.460000e-27  7.780000e-27  2.460000e-26  7.790000e-26  2.460000e-25  7.790000e-25  
4884.106190  7.060000e-35  2.230000e-34  7.080000e-34  2.240000e-33  7.080000e-33  2.240000e-32  7.090000e-32  2.240000e-31  7.090000e-31  2.230000e-30  7.060000e-30  2.240000e-29  7.070000e-29  2.240000e-28  7.070000e-28  2.240000e-27  7.070000e-27  2.230000e-26  7.090000e-26  2.240000e-25  7.100000e-25  
5119.095850  6.440000e-35  2.030000e-34  6.420000e-34  2.040000e-33  6.430000e-33  2.040000e-32  6.450000e-32  2.040000e-31  6.440000e-31  2.030000e-30  6.440000e-30  2.040000e-29  6.420000e-29  2.040000e-28  6.430000e-28  2.050000e-27  6.450000e-27  2.030000e-26  6.470000e-26  2.040000e-25  6.460000e-25  
5365.391590  5.860000e-35  1.850000e-34  5.860000e-34  1.840000e-33  5.870000e-33  1.850000e-32  5.850000e-32  1.850000e-31  5.860000e-31  1.850000e-30  5.860000e-30  1.850000e-29  5.840000e-29  1.850000e-28  5.860000e-28  1.850000e-27  5.870000e-27  1.860000e-26  5.860000e-26  1.860000e-25  5.880000e-25  
5623.537400  5.310000e-35  1.680000e-34  5.340000e-34  1.680000e-33  5.340000e-33  1.680000e-32  5.330000e-32  1.690000e-31  5.330000e-31  1.680000e-30  5.350000e-30  1.690000e-29  5.330000e-29  1.680000e-28  5.350000e-28  1.680000e-27  5.330000e-27  1.690000e-26  5.340000e-26  1.690000e-25  5.360000e-25  
5894.103410  4.860000e-35  1.530000e-34  4.850000e-34  1.540000e-33  4.860000e-33  1.540000e-32  4.860000e-32  1.540000e-31  4.860000e-31  1.530000e-30  4.860000e-30  1.530000e-29  4.860000e-29  1.530000e-28  4.870000e-28  1.540000e-27  4.870000e-27  1.540000e-26  4.860000e-26  1.540000e-25  4.870000e-25  
6177.687190  4.420000e-35  1.400000e-34  4.410000e-34  1.400000e-33  4.410000e-33  1.400000e-32  4.420000e-32  1.400000e-31  4.410000e-31  1.400000e-30  4.410000e-30  1.400000e-29  4.420000e-29  1.390000e-28  4.420000e-28  1.400000e-27  4.430000e-27  1.400000e-26  4.420000e-26  1.400000e-25  4.430000e-25  
6474.915090  4.020000e-35  1.270000e-34  4.030000e-34  1.270000e-33  4.030000e-33  1.270000e-32  4.030000e-32  1.270000e-31  4.020000e-31  1.270000e-30  4.020000e-30  1.270000e-29  4.020000e-29  1.270000e-28  4.010000e-28  1.270000e-27  4.030000e-27  1.270000e-26  4.040000e-26  1.270000e-25  4.020000e-25  
6786.443540  3.660000e-35  1.160000e-34  3.660000e-34  1.160000e-33  3.660000e-33  1.160000e-32  3.640000e-32  1.160000e-31  3.670000e-31  1.160000e-30  3.650000e-30  1.160000e-29  3.660000e-29  1.160000e-28  3.660000e-28  1.160000e-27  3.660000e-27  1.160000e-26  3.670000e-26  1.160000e-25  3.680000e-25  
7112.960610  3.340000e-35  1.050000e-34  3.330000e-34  1.060000e-33  3.350000e-33  1.050000e-32  3.320000e-32  1.060000e-31  3.330000e-31  1.050000e-30  3.340000e-30  1.050000e-29  3.330000e-29  1.050000e-28  3.330000e-28  1.060000e-27  3.330000e-27  1.060000e-26  3.330000e-26  1.050000e-25  3.340000e-25  
7455.187440  3.040000e-35  9.580000e-35  3.030000e-34  9.600000e-34  3.040000e-33  9.600000e-33  3.040000e-32  9.590000e-32  3.040000e-31  9.600000e-31  3.030000e-30  9.580000e-30  3.040000e-29  9.600000e-29  3.030000e-28  9.610000e-28  3.040000e-27  9.600000e-27  3.040000e-26  9.600000e-26  3.030000e-25  
7813.879870  2.760000e-35  8.750000e-35  2.760000e-34  8.750000e-34  2.760000e-33  8.730000e-33  2.760000e-32  8.720000e-32  2.750000e-31  8.730000e-31  2.760000e-30  8.740000e-30  2.760000e-29  8.740000e-29  2.760000e-28  8.750000e-28  2.760000e-27  8.700000e-27  2.770000e-26  8.760000e-26  2.770000e-25  
8189.830120  2.520000e-35  7.980000e-35  2.520000e-34  7.940000e-34  2.510000e-33  7.950000e-33  2.520000e-32  7.940000e-32  2.510000e-31  7.960000e-31  2.520000e-30  7.950000e-30  2.520000e-29  7.920000e-29  2.510000e-28  7.950000e-28  2.510000e-27  7.960000e-27  2.520000e-26  7.960000e-26  2.520000e-25  
8583.868520  2.290000e-35  7.240000e-35  2.290000e-34  7.230000e-34  2.290000e-33  7.230000e-33  2.290000e-32  7.250000e-32  2.280000e-31  7.240000e-31  2.290000e-30  7.240000e-30  2.290000e-29  7.250000e-29  2.290000e-28  7.240000e-28  2.290000e-27  7.240000e-27  2.290000e-26  7.260000e-26  2.290000e-25  
8996.865340  2.080000e-35  6.570000e-35  2.080000e-34  6.590000e-34  2.080000e-33  6.580000e-33  2.080000e-32  6.580000e-32  2.080000e-31  6.580000e-31  2.080000e-30  6.590000e-30  2.080000e-29  6.570000e-29  2.080000e-28  6.610000e-28  2.080000e-27  6.590000e-27  2.090000e-26  6.590000e-26  2.090000e-25  
9429.732730  1.900000e-35  5.980000e-35  1.890000e-34  5.990000e-34  1.890000e-33  6.000000e-33  1.900000e-32  6.000000e-32  1.900000e-31  6.030000e-31  1.900000e-30  5.960000e-30  1.900000e-29  6.000000e-29  1.900000e-28  6.000000e-28  1.890000e-27  5.980000e-27  1.900000e-26  6.020000e-26  1.900000e-25  
9883.426720  1.730000e-35  5.460000e-35  1.720000e-34  5.460000e-34  1.730000e-33  5.450000e-33  1.720000e-32  5.450000e-32  1.730000e-31  5.470000e-31  1.730000e-30  5.450000e-30  1.720000e-29  5.470000e-29  1.720000e-28  5.460000e-28  1.730000e-27  5.460000e-27  1.730000e-26  5.460000e-26  1.730000e-25  
10358.949400  1.560000e-35  4.970000e-35  1.570000e-34  4.970000e-34  1.570000e-33  4.960000e-33  1.570000e-32  4.980000e-32  1.570000e-31  4.970000e-31  1.570000e-30  4.960000e-30  1.570000e-29  4.970000e-29  1.570000e-28  4.970000e-28  1.570000e-27  4.970000e-27  1.580000e-26  4.980000e-26  1.580000e-25  
10857.350900  1.430000e-35  4.530000e-35  1.430000e-34  4.510000e-34  1.430000e-33  4.510000e-33  1.430000e-32  4.530000e-32  1.430000e-31  4.530000e-31  1.430000e-30  4.520000e-30  1.430000e-29  4.510000e-29  1.430000e-28  4.530000e-28  1.430000e-27  4.540000e-27  1.430000e-26  4.530000e-26  1.430000e-25  
11379.732100  1.300000e-35  4.120000e-35  1.300000e-34  4.110000e-34  1.300000e-33  4.110000e-33  1.300000e-32  4.120000e-32  1.300000e-31  4.110000e-31  1.300000e-30  4.110000e-30  1.300000e-29  4.120000e-29  1.300000e-28  4.120000e-28  1.300000e-27  4.140000e-27  1.310000e-26  4.130000e-26  1.310000e-25  
11927.246600  1.190000e-35  3.750000e-35  1.190000e-34  3.750000e-34  1.190000e-33  3.740000e-33  1.190000e-32  3.740000e-32  1.190000e-31  3.760000e-31  1.180000e-30  3.740000e-30  1.190000e-29  3.740000e-29  1.180000e-28  3.750000e-28  1.180000e-27  3.760000e-27  1.190000e-26  3.750000e-26  1.190000e-25  
12501.103900  1.080000e-35  3.410000e-35  1.080000e-34  3.420000e-34  1.080000e-33  3.410000e-33  1.080000e-32  3.420000e-32  1.080000e-31  3.420000e-31  1.080000e-30  3.410000e-30  1.080000e-29  3.400000e-29  1.080000e-28  3.420000e-28  1.080000e-27  3.400000e-27  1.080000e-26  3.420000e-26  1.080000e-25  
13102.571100  9.830000e-36  3.090000e-35  9.780000e-35  3.100000e-34  9.800000e-34  3.100000e-33  9.830000e-33  3.110000e-32  9.850000e-32  3.100000e-31  9.820000e-31  3.110000e-30  9.800000e-30  3.090000e-29  9.810000e-29  3.110000e-28  9.830000e-28  3.110000e-27  9.830000e-27  3.110000e-26  9.860000e-26  
13732.976900  8.910000e-36  2.830000e-35  8.920000e-35  2.830000e-34  8.950000e-34  2.830000e-33  8.920000e-33  2.830000e-32  8.930000e-32  2.830000e-31  8.950000e-31  2.830000e-30  8.980000e-30  2.830000e-29  8.940000e-29  2.830000e-28  8.950000e-28  2.830000e-27  8.980000e-27  2.830000e-26  8.960000e-26  
14393.713500  8.160000e-36  2.570000e-35  8.140000e-35  2.580000e-34  8.140000e-34  2.570000e-33  8.110000e-33  2.570000e-32  8.140000e-32  2.580000e-31  8.160000e-31  2.580000e-30  8.110000e-30  2.580000e-29  8.140000e-29  2.580000e-28  8.150000e-28  2.570000e-27  8.120000e-27  2.580000e-26  8.140000e-26  
15086.240100  7.420000e-36  2.340000e-35  7.400000e-35  2.350000e-34  7.390000e-34  2.340000e-33  7.400000e-33  2.340000e-32  7.400000e-32  2.350000e-31  7.380000e-31  2.340000e-30  7.410000e-30  2.340000e-29  7.400000e-29  2.350000e-28  7.420000e-28  2.350000e-27  7.410000e-27  2.340000e-26  7.450000e-26  
15812.086400  6.750000e-36  2.130000e-35  6.750000e-35  2.130000e-34  6.760000e-34  2.130000e-33  6.750000e-33  2.140000e-32  6.750000e-32  2.140000e-31  6.740000e-31  2.140000e-30  6.740000e-30  2.130000e-29  6.750000e-29  2.140000e-28  6.760000e-28  2.130000e-27  6.760000e-27  2.130000e-26  6.760000e-26  
16572.855500  6.120000e-36  1.940000e-35  6.140000e-35  1.930000e-34  6.150000e-34  1.940000e-33  6.140000e-33  1.950000e-32  6.130000e-32  1.940000e-31  6.110000e-31  1.940000e-30  6.130000e-30  1.940000e-29  6.130000e-29  1.950000e-28  6.140000e-28  1.950000e-27  6.160000e-27  1.940000e-26  6.160000e-26  
17370.227500  5.590000e-36  1.770000e-35  5.570000e-35  1.770000e-34  5.600000e-34  1.760000e-33  5.580000e-33  1.760000e-32  5.580000e-32  1.780000e-31  5.590000e-31  1.770000e-30  5.600000e-30  1.760000e-29  5.580000e-29  1.770000e-28  5.590000e-28  1.760000e-27  5.600000e-27  1.770000e-26  5.610000e-26  
18205.963600  5.100000e-36  1.610000e-35  5.090000e-35  1.610000e-34  5.100000e-34  1.610000e-33  5.090000e-33  1.600000e-32  5.070000e-32  1.600000e-31  5.070000e-31  1.610000e-30  5.090000e-30  1.600000e-29  5.100000e-29  1.610000e-28  5.090000e-28  1.610000e-27  5.100000e-27  1.620000e-26  5.110000e-26  
19081.909500  4.610000e-36  1.460000e-35  4.630000e-35  1.470000e-34  4.610000e-34  1.460000e-33  4.630000e-33  1.460000e-32  4.620000e-32  1.470000e-31  4.630000e-31  1.470000e-30  4.650000e-30  1.470000e-29  4.630000e-29  1.470000e-28  4.640000e-28  1.470000e-27  4.640000e-27  1.470000e-26  4.640000e-26  