# 95% CLs observed and projected limits
# Heisig, Kraemer, Madge and Mueck, JHEP 03 (2020) 183 [arXiv:1912.08472]
# Scalar DM (cf. black, solid line in fig. 2 (right), as well as fig. 4)
# ----------------------------------------------------------------------------
#            |                           lambda_HP                            |
# ----------------------------------------------------------------------------
#  mDM[GeV]  |  13TeVobs  |  13TeVobs+ |  13TeVobs- |  14TeVproj |  27TeVproj |
# ----------------------------------------------------------------------------
  2            0.020457     0.023194     0.017837     0.005745    0.0042429
  4            0.0204728    0.023212     0.017851     0.00575        0.004247
  6            0.020499     0.023242     0.0178738     0.005757    0.004252
  8            0.020537     0.023284     0.017906     0.005768    0.00426
  10           0.020585     0.023339     0.017948     0.005781    0.00426995
  12           0.020645     0.0234067     0.018         0.0057979    0.004282
  14           0.020717     0.023488     0.018063     0.0058179    0.004297
  16           0.020801     0.0235837     0.018137     0.005842    0.0043149
  18           0.0208987    0.0236947     0.018222     0.005869    0.00433494
  20           0.021011     0.023822     0.01832         0.005901    0.004358
  22           0.0211388    0.023967     0.018431     0.005937    0.004385
  24           0.021283     0.02413         0.018557     0.005977    0.004415
  26           0.021445     0.024315     0.018699     0.006023    0.004448
  28           0.0216278    0.024522     0.018858     0.00607395    0.00448595
  30           0.0218328    0.024755     0.019037     0.0061319    0.004529
  32           0.022064     0.025016     0.0192378     0.0061969    0.00457695
  34           0.022324     0.025311     0.019464     0.00626995    0.004631
  36           0.0226168    0.025643     0.0197198     0.006352    0.004691
  38           0.022948     0.026019     0.020009     0.0064449    0.00475995
  40           0.023326     0.026447     0.020338     0.00655095    0.00483896
  42           0.023759     0.026938     0.020716     0.006673    0.004928
  44           0.02426      0.027506     0.0211528     0.006813    0.005032
  46           0.024846     0.0281708     0.021664     0.006978    0.005154
  48           0.025543     0.02896         0.022271     0.007174    0.005298
  50           0.0263867    0.029917     0.023007     0.007411    0.005473
  52           0.027436     0.031107     0.023922     0.0077059    0.005691
  54           0.028793     0.032645     0.025105     0.008086    0.005972
  55           0.029639     0.0336046     0.0258428     0.008324    0.006148
  56           0.0306467    0.034747     0.0267208     0.008607    0.006357
  57           0.0318766    0.036142     0.027794     0.008953    0.006612
  58           0.0334316    0.0379055     0.02915         0.0093899    0.0069349
  59           0.035502     0.0402516     0.030955     0.0099709    0.007364
  6.00000E+01  3.84900E-02  4.36400E-02  3.35600E-02  1.08100E-02  7.98400E-03
  6.05000E+01  4.06100E-02  4.60500E-02  3.54100E-02  1.14100E-02  8.42500E-03
  6.10000E+01  4.35200E-02  4.93400E-02  3.79500E-02  1.22200E-02  9.02700E-03
  6.13000E+01  4.59100E-02  5.20500E-02  4.00300E-02  1.28900E-02  9.52200E-03
  6.15100E+01  4.80600E-02  5.44900E-02  4.19000E-02  1.35000E-02  9.96800E-03
  6.16600E+01  4.99600E-02  5.66400E-02  4.35600E-02  1.40300E-02  1.03600E-02
  6.17800E+01  5.18000E-02  5.87300E-02  4.51700E-02  1.45500E-02  1.07400E-02
  6.18900E+01  5.38400E-02  6.10400E-02  4.69400E-02  1.51200E-02  1.11700E-02
  6.20000E+01  5.63600E-02  6.39000E-02  4.91400E-02  1.58300E-02  1.16900E-02
  6.20270E+01  5.70800E-02  6.47200E-02  4.97700E-02  1.60300E-02  1.18400E-02
  6.20540E+01  5.78500E-02  6.55900E-02  5.04400E-02  1.62400E-02  1.20000E-02
  6.20820E+01  5.87000E-02  6.65500E-02  5.11800E-02  1.64800E-02  1.21700E-02
  6.21110E+01  5.96500E-02  6.76300E-02  5.20100E-02  1.67500E-02  1.23700E-02
  6.21410E+01  6.07300E-02  6.88500E-02  5.29500E-02  1.70500E-02  1.26000E-02
  6.21730E+01  6.19900E-02  7.02800E-02  5.40500E-02  1.74100E-02  1.28600E-02
  6.22090E+01  6.35800E-02  7.20900E-02  5.54400E-02  1.78500E-02  1.31900E-02
  6.22490E+01  6.56300E-02  7.44100E-02  5.72200E-02  1.84300E-02  1.36100E-02
  6.22980E+01  6.86600E-02  7.78500E-02  5.98600E-02  1.92800E-02  1.42400E-02
  6.23700E+01  7.48300E-02  8.48400E-02  6.52400E-02  2.10100E-02  1.55200E-02
  6.23950E+01  7.77700E-02  8.81800E-02  6.78000E-02  2.18400E-02  1.61300E-02
  6.24200E+01  8.13900E-02  9.22900E-02  7.09700E-02  2.28500E-02  1.68800E-02
  6.24450E+01  8.60600E-02  9.75800E-02  7.50400E-02  2.41600E-02  1.78500E-02
  6.24700E+01  9.24800E-02  1.04900E-01  8.06300E-02  2.59700E-02  1.91800E-02
  6.24950E+01  1.02400E-01  1.16100E-01  8.92400E-02  2.87300E-02  2.12200E-02
  6.25080E+01  1.10400E-01  1.25100E-01  9.62200E-02  3.09800E-02  2.28800E-02
  6.25200E+01  1.21700E-01  1.38000E-01  1.06100E-01  3.41700E-02  2.52400E-02
  6.25262E+01  1.30700E-01  1.48200E-01  1.14000E-01  3.66900E-02  2.71000E-02
  6.25325E+01  1.44700E-01  1.64100E-01  1.26200E-01  4.06300E-02  3.00100E-02
  6.25387E+01  1.71400E-01  1.94300E-01  1.49500E-01  4.81700E-02  3.55800E-02
  6.25418E+01  2.01500E-01  2.28200E-01  1.75900E-01  5.68100E-02  4.19700E-02
  6.25450E+01  3.02200E-01  3.37600E-01  2.67100E-01  9.03100E-02  6.69200E-02
  6.25480E+01  4.41200E-01  4.86400E-01  3.95300E-01  1.41300E-01  1.05200E-01
  6.25512E+01  5.22100E-01  5.74500E-01  4.68600E-01  1.68900E-01  1.25700E-01
  6.25575E+01  6.20900E-01  6.82600E-01  5.57700E-01  2.01700E-01  1.50300E-01
  6.25637E+01  6.87800E-01  7.56100E-01  6.17900E-01  2.23700E-01  1.66700E-01
  6.25700E+01  7.41200E-01  8.14900E-01  6.65900E-01  2.41200E-01  1.79700E-01
  6.25830E+01  8.26800E-01  9.09200E-01  7.42700E-01  2.69000E-01  2.00500E-01
  6.25950E+01  8.89100E-01  9.77900E-01  7.98500E-01  2.89200E-01  2.15500E-01
  6.26200E+01  9.91100E-01  1.09100E+00  8.89800E-01  3.22200E-01  2.40100E-01
  6.26450E+01  1.07200E+00  1.18000E+00  9.61900E-01  3.48200E-01  2.59500E-01
  6.26700E+01  1.14000E+00  1.25600E+00  1.02300E+00  3.70000E-01  2.75700E-01
  6.26950E+01  1.19900E+00  1.32200E+00  1.07600E+00  3.89000E-01  2.89900E-01
  6.27200E+01  1.25200E+00  1.38100E+00  1.12300E+00  4.05900E-01  3.02500E-01
  6.27900E+01  1.37900E+00  1.52200E+00  1.23500E+00  4.46100E-01  3.32400E-01
  6.28420E+01  1.45800E+00  1.61000E+00  1.30600E+00  4.71200E-01  3.51200E-01
  6.28820E+01  1.51300E+00  1.67200E+00  1.35500E+00  4.88700E-01  3.64100E-01
  6.29180E+01  1.56000E+00  1.72400E+00  1.39600E+00  5.03300E-01  3.75000E-01
  6.29510E+01  1.60000E+00  1.76900E+00  1.43200E+00  5.15900E-01  3.84300E-01
  6.29810E+01  1.63500E+00  1.80900E+00  1.46200E+00  5.26800E-01  3.92500E-01
  6.30100E+01  1.66700E+00  1.84500E+00  1.49100E+00  5.37000E-01  4.00000E-01
  6.30390E+01  1.69800E+00  1.88000E+00  1.51800E+00  5.46700E-01  4.07200E-01
  6.30660E+01  1.72600E+00  1.91200E+00  1.54300E+00  5.55400E-01  4.13700E-01
  6.30930E+01  1.75300E+00  1.94200E+00  1.56700E+00  5.63900E-01  4.19900E-01
  6.31210E+01  1.78100E+00  1.97300E+00  1.59100E+00  5.72400E-01  4.26200E-01
  6.31480E+01  1.80700E+00  2.00200E+00  1.61400E+00  5.80400E-01  4.32200E-01
  6.31750E+01  1.83200E+00  2.03000E+00  1.63600E+00  5.88200E-01  4.37900E-01
  6.32030E+01  1.85700E+00  2.05900E+00  1.65800E+00  5.96000E-01  4.43700E-01
  6.32310E+01  1.88200E+00  2.08700E+00  1.68000E+00  6.03700E-01  4.49400E-01
  6.32600E+01  1.90700E+00  2.11500E+00  1.70200E+00  6.11400E-01  4.55100E-01
  6.32890E+01  1.93100E+00  2.14300E+00  1.72300E+00  6.19000E-01  4.60600E-01
  6.33200E+01  1.95600E+00  2.17200E+00  1.74600E+00  6.26800E-01  4.66400E-01
  6.33520E+01  1.98200E+00  2.20100E+00  1.76800E+00  6.34800E-01  4.72300E-01
  6.33860E+01  2.00900E+00  2.23200E+00  1.79200E+00  6.43000E-01  4.78400E-01
  6.34210E+01  2.03600E+00  2.26200E+00  1.81600E+00  6.51300E-01  4.84500E-01
  6.34590E+01  2.06500E+00  2.29500E+00  1.84100E+00  6.60000E-01  4.90900E-01
  6.34990E+01  2.09400E+00  2.32900E+00  1.86600E+00  6.69100E-01  4.97500E-01
  6.35430E+01  2.12600E+00  2.36500E+00  1.89400E+00  6.78700E-01  5.04600E-01
  6.35910E+01  2.15900E+00  2.40300E+00  1.92300E+00  6.89000E-01  5.12200E-01
  6.36430E+01  2.19500E+00  2.44400E+00  1.95500E+00  6.99800E-01  5.20100E-01
  6.37020E+01  2.23400E+00  2.48900E+00  1.98900E+00  7.11800E-01  5.28900E-01
  6.37700E+01  2.27800E+00  2.54000E+00  2.02700E+00  7.25100E-01  5.38700E-01
  6.38480E+01  2.32700E+00  2.59600E+00  2.07000E+00  7.40000E-01  5.49500E-01
  6.39420E+01  2.38400E+00  2.66200E+00  2.12000E+00  7.57200E-01  5.62100E-01
  6.40590E+01  2.45300E+00  2.74200E+00  2.17900E+00  7.77800E-01  5.77200E-01
  6.42110E+01  2.53900E+00  2.84100E+00  2.25400E+00  8.03400E-01  5.95800E-01
  6.44200E+01  2.65100E+00  2.97200E+00  2.35100E+00  8.36700E-01  6.19900E-01
  6.47000E+01  2.79300E+00  3.13800E+00  2.47300E+00  8.78400E-01  6.50100E-01
  6.50000E+01  2.93600E+00  3.30900E+00  2.59600E+00  9.20300E-01  6.80200E-01
  6.54000E+01  3.11800E+00  3.52600E+00  2.75100E+00  9.72500E-01  7.17600E-01
  6.60000E+01  3.37400E+00          NAN  2.96800E+00  1.04500E+00  7.69200E-01
  6.68000E+01  3.54500E+00          NAN  3.23800E+00  1.13400E+00  8.31900E-01
  6.78000E+01          NAN          NAN  3.54500E+00  1.23500E+00  9.03300E-01
  6.80000E+01          NAN          NAN          NAN  1.25500E+00  9.16900E-01
  6.94000E+01          NAN          NAN          NAN  1.38500E+00  1.00700E+00
  7.10000E+01          NAN          NAN          NAN  1.52200E+00  1.10200E+00
  7.26000E+01          NAN          NAN          NAN  1.65100E+00  1.19100E+00
  7.44000E+01          NAN          NAN          NAN  1.78900E+00  1.28700E+00
  7.64000E+01          NAN          NAN          NAN  1.93600E+00  1.38800E+00
  7.86000E+01          NAN          NAN          NAN  2.09300E+00  1.49600E+00
  8.10000E+01          NAN          NAN          NAN  2.26100E+00  1.61000E+00
  8.38000E+01          NAN          NAN          NAN  2.45300E+00  1.74000E+00
  8.70000E+01          NAN          NAN          NAN  2.67100E+00  1.88500E+00
  9.00000E+01          NAN          NAN          NAN  2.87400E+00  2.01900E+00
  9.30000E+01          NAN          NAN          NAN  3.07700E+00  2.15100E+00
  9.60000E+01          NAN          NAN          NAN  3.28100E+00  2.28400E+00
  1.00000E+02          NAN          NAN          NAN  3.54500E+00  2.46000E+00
  1.03000E+02          NAN          NAN          NAN          NAN  2.59200E+00
  1.07000E+02          NAN          NAN          NAN          NAN  2.76900E+00
  1.11000E+02          NAN          NAN          NAN          NAN  2.94600E+00
  1.14000E+02          NAN          NAN          NAN          NAN  3.08000E+00
  1.18000E+02          NAN          NAN          NAN          NAN  3.26000E+00
  1.23000E+02          NAN          NAN          NAN          NAN  3.48800E+00
  1.27000E+02          NAN          NAN          NAN          NAN  3.54500E+00
  1.31000E+02          NAN          NAN          NAN          NAN          NAN
  1.36000E+02          NAN          NAN          NAN          NAN          NAN
  1.40000E+02          NAN          NAN          NAN          NAN          NAN
  1.45000E+02          NAN          NAN          NAN          NAN          NAN
  1.50000E+02          NAN          NAN          NAN          NAN          NAN
  1.56000E+02          NAN          NAN          NAN          NAN          NAN
  1.63000E+02          NAN          NAN          NAN          NAN          NAN
  1.71000E+02          NAN          NAN          NAN          NAN          NAN
  1.80000E+02          NAN          NAN          NAN          NAN          NAN
  1.90000E+02          NAN          NAN          NAN          NAN          NAN
  2.00000E+02          NAN          NAN          NAN          NAN          NAN 
