2.000000  4.960000e-35  1.560000e-34  4.950000e-34  1.570000e-33  4.960000e-33  1.560000e-32  4.940000e-32  1.560000e-31  4.950000e-31  1.560000e-30  4.970000e-30  1.570000e-29  4.930000e-29  1.570000e-28  4.970000e-28  1.560000e-27  4.960000e-27  1.540000e-26  4.320000e-26  6.310000e-26  3.130000e-26  
2.096226  5.330000e-35  1.690000e-34  5.340000e-34  1.680000e-33  5.330000e-33  1.680000e-32  5.330000e-32  1.680000e-31  5.320000e-31  1.690000e-30  5.310000e-30  1.680000e-29  5.330000e-29  1.680000e-28  5.330000e-28  1.680000e-27  5.320000e-27  1.660000e-26  4.640000e-26  6.780000e-26  3.360000e-26  
2.197082  5.670000e-35  1.800000e-34  5.650000e-34  1.790000e-33  5.660000e-33  1.790000e-32  5.660000e-32  1.790000e-31  5.660000e-31  1.790000e-30  5.660000e-30  1.790000e-29  5.670000e-29  1.790000e-28  5.670000e-28  1.790000e-27  5.660000e-27  1.760000e-26  4.930000e-26  7.210000e-26  3.570000e-26  
2.302791  5.970000e-35  1.890000e-34  5.960000e-34  1.890000e-33  5.980000e-33  1.890000e-32  5.970000e-32  1.890000e-31  5.970000e-31  1.890000e-30  5.980000e-30  1.880000e-29  5.950000e-29  1.890000e-28  5.950000e-28  1.890000e-27  5.960000e-27  1.860000e-26  5.190000e-26  7.590000e-26  3.760000e-26  
2.413585  6.250000e-35  1.980000e-34  6.250000e-34  1.980000e-33  6.250000e-33  1.970000e-32  6.210000e-32  1.980000e-31  6.250000e-31  1.970000e-30  6.240000e-30  1.970000e-29  6.250000e-29  1.970000e-28  6.250000e-28  1.980000e-27  6.250000e-27  1.940000e-26  5.440000e-26  7.940000e-26  3.940000e-26  
2.529710  6.480000e-35  2.050000e-34  6.470000e-34  2.040000e-33  6.460000e-33  2.050000e-32  6.460000e-32  2.050000e-31  6.480000e-31  2.040000e-30  6.460000e-30  2.040000e-29  6.460000e-29  2.040000e-28  6.450000e-28  2.050000e-27  6.480000e-27  2.020000e-26  5.630000e-26  8.230000e-26  4.080000e-26  
2.651423  6.670000e-35  2.110000e-34  6.700000e-34  2.120000e-33  6.680000e-33  2.120000e-32  6.670000e-32  2.110000e-31  6.700000e-31  2.120000e-30  6.670000e-30  2.110000e-29  6.700000e-29  2.110000e-28  6.680000e-28  2.110000e-27  6.670000e-27  2.080000e-26  5.820000e-26  8.500000e-26  4.210000e-26  
2.778991  6.870000e-35  2.170000e-34  6.860000e-34  2.170000e-33  6.870000e-33  2.180000e-32  6.870000e-32  2.170000e-31  6.860000e-31  2.170000e-30  6.860000e-30  2.170000e-29  6.870000e-29  2.170000e-28  6.860000e-28  2.160000e-27  6.840000e-27  2.130000e-26  5.980000e-26  8.730000e-26  4.330000e-26  
2.912697  7.020000e-35  2.210000e-34  7.020000e-34  2.220000e-33  7.010000e-33  2.220000e-32  7.030000e-32  2.220000e-31  7.000000e-31  2.210000e-30  6.990000e-30  2.210000e-29  7.000000e-29  2.220000e-28  7.000000e-28  2.210000e-27  7.000000e-27  2.180000e-26  6.100000e-26  8.910000e-26  4.410000e-26  
3.052836  7.130000e-35  2.260000e-34  7.150000e-34  2.270000e-33  7.150000e-33  2.260000e-32  7.170000e-32  2.260000e-31  7.140000e-31  2.260000e-30  7.180000e-30  2.260000e-29  7.140000e-29  2.260000e-28  7.150000e-28  2.270000e-27  7.140000e-27  2.240000e-26  6.230000e-26  9.090000e-26  4.510000e-26  
3.199717  7.230000e-35  2.300000e-34  7.290000e-34  2.290000e-33  7.260000e-33  2.300000e-32  7.260000e-32  2.290000e-31  7.280000e-31  2.300000e-30  7.260000e-30  2.290000e-29  7.280000e-29  2.290000e-28  7.260000e-28  2.290000e-27  7.250000e-27  2.260000e-26  6.320000e-26  9.230000e-26  4.570000e-26  
3.353666  7.360000e-35  2.330000e-34  7.330000e-34  2.320000e-33  7.370000e-33  2.320000e-32  7.350000e-32  2.330000e-31  7.340000e-31  2.330000e-30  7.370000e-30  2.330000e-29  7.360000e-29  2.320000e-28  7.360000e-28  2.320000e-27  7.340000e-27  2.290000e-26  6.400000e-26  9.340000e-26  4.630000e-26  
3.515021  7.460000e-35  2.350000e-34  7.450000e-34  2.360000e-33  7.450000e-33  2.350000e-32  7.450000e-32  2.350000e-31  7.440000e-31  2.340000e-30  7.450000e-30  2.350000e-29  7.440000e-29  2.350000e-28  7.420000e-28  2.350000e-27  7.430000e-27  2.320000e-26  6.470000e-26  9.450000e-26  4.680000e-26  
3.684140  7.470000e-35  2.360000e-34  7.490000e-34  2.370000e-33  7.500000e-33  2.370000e-32  7.480000e-32  2.370000e-31  7.500000e-31  2.370000e-30  7.470000e-30  2.370000e-29  7.480000e-29  2.370000e-28  7.510000e-28  2.370000e-27  7.480000e-27  2.330000e-26  6.520000e-26  9.520000e-26  4.720000e-26  
3.861395  7.540000e-35  2.380000e-34  7.560000e-34  2.380000e-33  7.530000e-33  2.380000e-32  7.540000e-32  2.380000e-31  7.550000e-31  2.390000e-30  7.560000e-30  2.390000e-29  7.540000e-29  2.390000e-28  7.560000e-28  2.390000e-27  7.550000e-27  2.350000e-26  6.570000e-26  9.590000e-26  4.750000e-26  
4.047179  7.590000e-35  2.410000e-34  7.610000e-34  2.400000e-33  7.580000e-33  2.400000e-32  7.590000e-32  2.400000e-31  7.580000e-31  2.400000e-30  7.590000e-30  2.400000e-29  7.580000e-29  2.400000e-28  7.600000e-28  2.390000e-27  7.590000e-27  2.370000e-26  6.610000e-26  9.640000e-26  4.770000e-26  
4.241902  7.630000e-35  2.410000e-34  7.620000e-34  2.410000e-33  7.610000e-33  2.410000e-32  7.620000e-32  2.410000e-31  7.620000e-31  2.410000e-30  7.620000e-30  2.410000e-29  7.620000e-29  2.410000e-28  7.630000e-28  2.410000e-27  7.600000e-27  2.370000e-26  6.630000e-26  9.680000e-26  4.790000e-26  
4.445993  7.660000e-35  2.410000e-34  7.650000e-34  2.410000e-33  7.620000e-33  2.420000e-32  7.640000e-32  2.420000e-31  7.640000e-31  2.410000e-30  7.640000e-30  2.420000e-29  7.640000e-29  2.410000e-28  7.640000e-28  2.420000e-27  7.640000e-27  2.380000e-26  6.650000e-26  9.700000e-26  4.800000e-26  
4.659904  7.650000e-35  2.410000e-34  7.650000e-34  2.420000e-33  7.650000e-33  2.420000e-32  7.640000e-32  2.420000e-31  7.660000e-31  2.420000e-30  7.660000e-30  2.420000e-29  7.650000e-29  2.420000e-28  7.630000e-28  2.410000e-27  7.660000e-27  2.390000e-26  6.660000e-26  9.710000e-26  4.810000e-26  
4.884106  7.670000e-35  2.420000e-34  7.670000e-34  2.420000e-33  7.660000e-33  2.420000e-32  7.650000e-32  2.420000e-31  7.660000e-31  2.410000e-30  7.640000e-30  2.420000e-29  7.660000e-29  2.420000e-28  7.650000e-28  2.420000e-27  7.630000e-27  2.390000e-26  6.660000e-26  9.710000e-26  4.810000e-26  
5.119096  7.690000e-35  2.420000e-34  7.660000e-34  2.420000e-33  7.650000e-33  2.420000e-32  7.670000e-32  2.420000e-31  7.650000e-31  2.420000e-30  7.640000e-30  2.420000e-29  7.690000e-29  2.420000e-28  7.660000e-28  2.420000e-27  7.630000e-27  2.380000e-26  6.650000e-26  9.700000e-26  4.800000e-26  
5.365392  7.660000e-35  2.430000e-34  7.660000e-34  2.420000e-33  7.640000e-33  2.420000e-32  7.640000e-32  2.410000e-31  7.650000e-31  2.420000e-30  7.670000e-30  2.420000e-29  7.660000e-29  2.420000e-28  7.640000e-28  2.420000e-27  7.660000e-27  2.390000e-26  6.660000e-26  9.700000e-26  4.800000e-26  
5.623537  7.640000e-35  2.410000e-34  7.640000e-34  2.420000e-33  7.630000e-33  2.410000e-32  7.610000e-32  2.420000e-31  7.630000e-31  2.420000e-30  7.670000e-30  2.420000e-29  7.640000e-29  2.420000e-28  7.640000e-28  2.430000e-27  7.650000e-27  2.380000e-26  6.640000e-26  9.670000e-26  4.780000e-26  
5.894103  7.660000e-35  2.420000e-34  7.640000e-34  2.410000e-33  7.610000e-33  2.420000e-32  7.650000e-32  2.420000e-31  7.600000e-31  2.420000e-30  7.650000e-30  2.420000e-29  7.640000e-29  2.410000e-28  7.640000e-28  2.410000e-27  7.640000e-27  2.370000e-26  6.640000e-26  9.660000e-26  4.780000e-26  
6.177687  7.600000e-35  2.400000e-34  7.610000e-34  2.400000e-33  7.620000e-33  2.400000e-32  7.560000e-32  2.400000e-31  7.590000e-31  2.410000e-30  7.600000e-30  2.400000e-29  7.590000e-29  2.400000e-28  7.580000e-28  2.400000e-27  7.610000e-27  2.370000e-26  6.610000e-26  9.620000e-26  4.760000e-26  
6.474915  7.590000e-35  2.400000e-34  7.610000e-34  2.400000e-33  7.580000e-33  2.400000e-32  7.590000e-32  2.400000e-31  7.570000e-31  2.400000e-30  7.620000e-30  2.400000e-29  7.600000e-29  2.390000e-28  7.610000e-28  2.400000e-27  7.610000e-27  2.360000e-26  6.600000e-26  9.600000e-26  4.740000e-26  
6.786444  7.590000e-35  2.390000e-34  7.560000e-34  2.400000e-33  7.580000e-33  2.400000e-32  7.570000e-32  2.410000e-31  7.620000e-31  2.390000e-30  7.600000e-30  2.400000e-29  7.550000e-29  2.390000e-28  7.630000e-28  2.390000e-27  7.570000e-27  2.360000e-26  6.590000e-26  9.570000e-26  4.730000e-26  
7.112961  7.590000e-35  2.390000e-34  7.560000e-34  2.390000e-33  7.560000e-33  2.390000e-32  7.550000e-32  2.380000e-31  7.600000e-31  2.390000e-30  7.560000e-30  2.390000e-29  7.560000e-29  2.380000e-28  7.540000e-28  2.390000e-27  7.560000e-27  2.350000e-26  6.570000e-26  9.540000e-26  4.710000e-26  
7.455187  7.560000e-35  2.380000e-34  7.560000e-34  2.380000e-33  7.540000e-33  2.380000e-32  7.560000e-32  2.400000e-31  7.500000e-31  2.390000e-30  7.530000e-30  2.390000e-29  7.600000e-29  2.370000e-28  7.550000e-28  2.370000e-27  7.540000e-27  2.360000e-26  6.550000e-26  9.510000e-26  4.690000e-26  
7.813880  7.510000e-35  2.370000e-34  7.520000e-34  2.370000e-33  7.530000e-33  2.380000e-32  7.520000e-32  2.350000e-31  7.550000e-31  2.380000e-30  7.490000e-30  2.390000e-29  7.530000e-29  2.380000e-28  7.530000e-28  2.380000e-27  7.520000e-27  2.340000e-26  6.530000e-26  9.470000e-26  4.670000e-26  
8.189830  7.520000e-35  2.370000e-34  7.500000e-34  2.370000e-33  7.470000e-33  2.360000e-32  7.500000e-32  2.370000e-31  7.490000e-31  2.370000e-30  7.480000e-30  2.370000e-29  7.470000e-29  2.370000e-28  7.510000e-28  2.370000e-27  7.480000e-27  2.320000e-26  6.510000e-26  9.440000e-26  4.650000e-26  
8.583869  7.480000e-35  2.350000e-34  7.490000e-34  2.370000e-33  7.490000e-33  2.350000e-32  7.470000e-32  2.360000e-31  7.480000e-31  2.360000e-30  7.490000e-30  2.360000e-29  7.450000e-29  2.370000e-28  7.460000e-28  2.370000e-27  7.440000e-27  2.320000e-26  6.490000e-26  9.400000e-26  4.630000e-26  
8.996865  7.480000e-35  2.360000e-34  7.430000e-34  2.350000e-33  7.420000e-33  2.360000e-32  7.420000e-32  2.370000e-31  7.450000e-31  2.350000e-30  7.450000e-30  2.350000e-29  7.450000e-29  2.350000e-28  7.450000e-28  2.350000e-27  7.450000e-27  2.320000e-26  6.460000e-26  9.360000e-26  4.610000e-26  
9.429733  7.440000e-35  2.350000e-34  7.420000e-34  2.370000e-33  7.420000e-33  2.360000e-32  7.420000e-32  2.350000e-31  7.430000e-31  2.350000e-30  7.460000e-30  2.360000e-29  7.480000e-29  2.350000e-28  7.410000e-28  2.350000e-27  7.420000e-27  2.320000e-26  6.460000e-26  9.340000e-26  4.600000e-26  
9.883427  7.430000e-35  2.350000e-34  7.390000e-34  2.340000e-33  7.410000e-33  2.350000e-32  7.420000e-32  2.340000e-31  7.470000e-31  2.340000e-30  7.430000e-30  2.340000e-29  7.380000e-29  2.350000e-28  7.440000e-28  2.340000e-27  7.430000e-27  2.310000e-26  6.430000e-26  9.300000e-26  4.570000e-26  
10.358949  7.400000e-35  2.340000e-34  7.400000e-34  2.340000e-33  7.420000e-33  2.330000e-32  7.370000e-32  2.340000e-31  7.390000e-31  2.340000e-30  7.400000e-30  2.340000e-29  7.410000e-29  2.340000e-28  7.390000e-28  2.340000e-27  7.380000e-27  2.300000e-26  6.420000e-26  9.260000e-26  4.550000e-26  
10.857351  7.400000e-35  2.330000e-34  7.400000e-34  2.340000e-33  7.410000e-33  2.330000e-32  7.410000e-32  2.330000e-31  7.440000e-31  2.340000e-30  7.390000e-30  2.330000e-29  7.400000e-29  2.340000e-28  7.390000e-28  2.350000e-27  7.380000e-27  2.310000e-26  6.420000e-26  9.250000e-26  4.540000e-26  
11.379732  7.390000e-35  2.340000e-34  7.440000e-34  2.340000e-33  7.370000e-33  2.340000e-32  7.360000e-32  2.340000e-31  7.410000e-31  2.350000e-30  7.440000e-30  2.350000e-29  7.400000e-29  2.340000e-28  7.420000e-28  2.350000e-27  7.380000e-27  2.320000e-26  6.410000e-26  9.230000e-26  4.530000e-26  
11.927247  7.390000e-35  2.330000e-34  7.390000e-34  2.340000e-33  7.390000e-33  2.340000e-32  7.350000e-32  2.340000e-31  7.360000e-31  2.340000e-30  7.420000e-30  2.340000e-29  7.360000e-29  2.340000e-28  7.390000e-28  2.320000e-27  7.360000e-27  2.310000e-26  6.400000e-26  9.200000e-26  4.500000e-26  
12.501104  7.410000e-35  2.340000e-34  7.410000e-34  2.340000e-33  7.400000e-33  2.340000e-32  7.380000e-32  2.340000e-31  7.390000e-31  2.340000e-30  7.400000e-30  2.340000e-29  7.390000e-29  2.350000e-28  7.390000e-28  2.340000e-27  7.410000e-27  2.300000e-26  6.410000e-26  9.190000e-26  4.500000e-26  
13.102571  7.440000e-35  2.340000e-34  7.420000e-34  2.350000e-33  7.420000e-33  2.340000e-32  7.400000e-32  2.350000e-31  7.390000e-31  2.340000e-30  7.390000e-30  2.360000e-29  7.390000e-29  2.350000e-28  7.420000e-28  2.340000e-27  7.390000e-27  2.300000e-26  6.420000e-26  9.180000e-26  4.490000e-26  
13.732977  7.440000e-35  2.340000e-34  7.380000e-34  2.350000e-33  7.410000e-33  2.350000e-32  7.420000e-32  2.350000e-31  7.390000e-31  2.350000e-30  7.440000e-30  2.340000e-29  7.410000e-29  2.340000e-28  7.420000e-28  2.340000e-27  7.390000e-27  2.310000e-26  6.410000e-26  9.160000e-26  4.470000e-26  
14.393714  7.470000e-35  2.340000e-34  7.430000e-34  2.350000e-33  7.470000e-33  2.350000e-32  7.420000e-32  2.350000e-31  7.400000e-31  2.360000e-30  7.400000e-30  2.360000e-29  7.490000e-29  2.370000e-28  7.430000e-28  2.350000e-27  7.430000e-27  2.320000e-26  6.430000e-26  9.160000e-26  4.460000e-26  
15.086240  7.470000e-35  2.350000e-34  7.470000e-34  2.360000e-33  7.490000e-33  2.360000e-32  7.500000e-32  2.370000e-31  7.510000e-31  2.360000e-30  7.430000e-30  2.360000e-29  7.480000e-29  2.360000e-28  7.510000e-28  2.370000e-27  7.440000e-27  2.330000e-26  6.450000e-26  9.170000e-26  4.460000e-26  
15.812086  7.520000e-35  2.370000e-34  7.480000e-34  2.370000e-33  7.520000e-33  2.380000e-32  7.530000e-32  2.380000e-31  7.500000e-31  2.380000e-30  7.520000e-30  2.360000e-29  7.460000e-29  2.370000e-28  7.510000e-28  2.380000e-27  7.490000e-27  2.340000e-26  6.480000e-26  9.190000e-26  4.460000e-26  
16.572855  7.580000e-35  2.390000e-34  7.570000e-34  2.390000e-33  7.580000e-33  2.390000e-32  7.530000e-32  2.390000e-31  7.570000e-31  2.390000e-30  7.530000e-30  2.390000e-29  7.530000e-29  2.380000e-28  7.560000e-28  2.400000e-27  7.510000e-27  2.350000e-26  6.520000e-26  9.210000e-26  4.460000e-26  
17.370227  7.600000e-35  2.420000e-34  7.580000e-34  2.390000e-33  7.640000e-33  2.410000e-32  7.640000e-32  2.400000e-31  7.640000e-31  2.410000e-30  7.600000e-30  2.410000e-29  7.650000e-29  2.420000e-28  7.620000e-28  2.410000e-27  7.610000e-27  2.370000e-26  6.560000e-26  9.230000e-26  4.460000e-26  
18.205964  7.670000e-35  2.440000e-34  7.710000e-34  2.430000e-33  7.720000e-33  2.430000e-32  7.690000e-32  2.430000e-31  7.720000e-31  2.420000e-30  7.670000e-30  2.430000e-29  7.740000e-29  2.440000e-28  7.660000e-28  2.440000e-27  7.690000e-27  2.400000e-26  6.620000e-26  9.280000e-26  4.470000e-26  
19.081909  7.760000e-35  2.470000e-34  7.770000e-34  2.450000e-33  7.780000e-33  2.470000e-32  7.780000e-32  2.440000e-31  7.790000e-31  2.460000e-30  7.770000e-30  2.450000e-29  7.770000e-29  2.450000e-28  7.760000e-28  2.440000e-27  7.780000e-27  2.420000e-26  6.680000e-26  9.320000e-26  4.480000e-26  
20.000000  7.910000e-35  2.490000e-34  7.870000e-34  2.500000e-33  7.910000e-33  2.490000e-32  7.920000e-32  2.500000e-31  7.880000e-31  2.500000e-30  7.890000e-30  2.510000e-29  7.860000e-29  2.490000e-28  7.880000e-28  2.480000e-27  7.900000e-27  2.460000e-26  6.780000e-26  9.410000e-26  4.510000e-26  
20.470620  7.920000e-35  2.510000e-34  7.970000e-34  2.520000e-33  7.970000e-33  2.520000e-32  7.960000e-32  2.510000e-31  7.950000e-31  2.520000e-30  7.920000e-30  2.510000e-29  7.960000e-29  2.510000e-28  7.930000e-28  2.520000e-27  7.910000e-27  2.480000e-26  6.810000e-26  9.440000e-26  4.510000e-26  
20.952315  8.050000e-35  2.530000e-34  8.000000e-34  2.530000e-33  7.990000e-33  2.530000e-32  8.010000e-32  2.530000e-31  8.030000e-31  2.540000e-30  7.980000e-30  2.540000e-29  7.980000e-29  2.530000e-28  7.980000e-28  2.530000e-27  8.030000e-27  2.490000e-26  6.870000e-26  9.490000e-26  4.520000e-26  
21.445344  8.100000e-35  2.550000e-34  8.090000e-34  2.560000e-33  8.050000e-33  2.570000e-32  8.090000e-32  2.550000e-31  8.100000e-31  2.550000e-30  8.120000e-30  2.570000e-29  8.110000e-29  2.560000e-28  8.130000e-28  2.560000e-27  8.070000e-27  2.540000e-26  6.930000e-26  9.550000e-26  4.540000e-26  
21.949975  8.190000e-35  2.590000e-34  8.170000e-34  2.570000e-33  8.200000e-33  2.560000e-32  8.190000e-32  2.580000e-31  8.140000e-31  2.570000e-30  8.180000e-30  2.580000e-29  8.130000e-29  2.580000e-28  8.170000e-28  2.580000e-27  8.170000e-27  2.540000e-26  6.970000e-26  9.580000e-26  4.550000e-26  
22.466481  8.240000e-35  2.610000e-34  8.230000e-34  2.600000e-33  8.280000e-33  2.610000e-32  8.240000e-32  2.600000e-31  8.230000e-31  2.610000e-30  8.270000e-30  2.610000e-29  8.240000e-29  2.610000e-28  8.250000e-28  2.620000e-27  8.200000e-27  2.580000e-26  7.050000e-26  9.640000e-26  4.570000e-26  
22.995140  8.350000e-35  2.630000e-34  8.350000e-34  2.630000e-33  8.360000e-33  2.640000e-32  8.310000e-32  2.630000e-31  8.410000e-31  2.630000e-30  8.390000e-30  2.650000e-29  8.350000e-29  2.650000e-28  8.370000e-28  2.630000e-27  8.310000e-27  2.610000e-26  7.120000e-26  9.710000e-26  4.590000e-26  
23.536239  8.390000e-35  2.680000e-34  8.440000e-34  2.650000e-33  8.470000e-33  2.670000e-32  8.440000e-32  2.660000e-31  8.400000e-31  2.650000e-30  8.400000e-30  2.680000e-29  8.450000e-29  2.660000e-28  8.440000e-28  2.680000e-27  8.400000e-27  2.630000e-26  7.180000e-26  9.760000e-26  4.610000e-26  
24.090071  8.530000e-35  2.680000e-34  8.550000e-34  2.700000e-33  8.560000e-33  2.700000e-32  8.540000e-32  2.720000e-31  8.530000e-31  2.690000e-30  8.520000e-30  2.680000e-29  8.570000e-29  2.700000e-28  8.560000e-28  2.700000e-27  8.520000e-27  2.650000e-26  7.270000e-26  9.840000e-26  4.620000e-26  
24.656935  8.650000e-35  2.740000e-34  8.660000e-34  2.730000e-33  8.650000e-33  2.760000e-32  8.660000e-32  2.740000e-31  8.650000e-31  2.750000e-30  8.650000e-30  2.740000e-29  8.690000e-29  2.730000e-28  8.660000e-28  2.750000e-27  8.700000e-27  2.690000e-26  7.360000e-26  9.930000e-26  4.660000e-26  
25.237138  8.770000e-35  2.770000e-34  8.800000e-34  2.790000e-33  8.740000e-33  2.780000e-32  8.790000e-32  2.770000e-31  8.740000e-31  2.780000e-30  8.700000e-30  2.760000e-29  8.790000e-29  2.780000e-28  8.810000e-28  2.780000e-27  8.720000e-27  2.720000e-26  7.450000e-26  9.990000e-26  4.680000e-26  
25.830993  8.860000e-35  2.820000e-34  8.900000e-34  2.810000e-33  8.950000e-33  2.820000e-32  8.940000e-32  2.810000e-31  8.940000e-31  2.830000e-30  8.900000e-30  2.810000e-29  8.930000e-29  2.820000e-28  8.890000e-28  2.820000e-27  8.920000e-27  2.770000e-26  7.560000e-26  1.010000e-25  4.720000e-26  
26.438823  9.050000e-35  2.860000e-34  9.110000e-34  2.860000e-33  9.100000e-33  2.870000e-32  9.080000e-32  2.860000e-31  9.060000e-31  2.870000e-30  9.070000e-30  2.850000e-29  9.050000e-29  2.860000e-28  9.080000e-28  2.870000e-27  9.030000e-27  2.810000e-26  7.680000e-26  1.020000e-25  4.750000e-26  
27.060955  9.250000e-35  2.910000e-34  9.240000e-34  2.930000e-33  9.280000e-33  2.920000e-32  9.220000e-32  2.930000e-31  9.230000e-31  2.920000e-30  9.260000e-30  2.910000e-29  9.280000e-29  2.930000e-28  9.250000e-28  2.920000e-27  9.210000e-27  2.860000e-26  7.810000e-26  1.030000e-25  4.790000e-26  
27.697727  9.430000e-35  2.960000e-34  9.420000e-34  2.970000e-33  9.320000e-33  2.950000e-32  9.390000e-32  2.970000e-31  9.400000e-31  2.980000e-30  9.410000e-30  2.980000e-29  9.400000e-29  2.960000e-28  9.390000e-28  2.950000e-27  9.350000e-27  2.910000e-26  7.930000e-26  1.040000e-25  4.820000e-26  
28.349483  9.570000e-35  3.040000e-34  9.580000e-34  3.030000e-33  9.610000e-33  3.050000e-32  9.590000e-32  3.030000e-31  9.610000e-31  3.020000e-30  9.590000e-30  3.020000e-29  9.640000e-29  3.030000e-28  9.550000e-28  3.040000e-27  9.570000e-27  2.960000e-26  8.080000e-26  1.060000e-25  4.870000e-26  
29.016576  9.770000e-35  3.100000e-34  9.800000e-34  3.100000e-33  9.780000e-33  3.100000e-32  9.740000e-32  3.090000e-31  9.790000e-31  3.090000e-30  9.790000e-30  3.110000e-29  9.800000e-29  3.100000e-28  9.780000e-28  3.110000e-27  9.770000e-27  3.040000e-26  8.240000e-26  1.070000e-25  4.920000e-26  
29.699365  1.000000e-34  3.170000e-34  1.010000e-33  3.170000e-33  1.010000e-32  3.150000e-32  1.010000e-31  3.200000e-31  1.000000e-30  3.160000e-30  1.000000e-29  3.180000e-29  1.010000e-28  3.170000e-28  1.010000e-27  3.180000e-27  1.000000e-26  3.110000e-26  8.420000e-26  1.090000e-25  4.980000e-26  
30.398222  1.030000e-34  3.250000e-34  1.030000e-33  3.250000e-33  1.030000e-32  3.260000e-32  1.030000e-31  3.260000e-31  1.030000e-30  3.250000e-30  1.030000e-29  3.270000e-29  1.030000e-28  3.250000e-28  1.030000e-27  3.250000e-27  1.030000e-26  3.190000e-26  8.620000e-26  1.110000e-25  5.040000e-26  
31.113523  1.060000e-34  3.340000e-34  1.060000e-33  3.360000e-33  1.060000e-32  3.330000e-32  1.060000e-31  3.340000e-31  1.060000e-30  3.340000e-30  1.060000e-29  3.350000e-29  1.060000e-28  3.340000e-28  1.060000e-27  3.340000e-27  1.060000e-26  3.280000e-26  8.830000e-26  1.120000e-25  5.100000e-26  
31.845656  1.080000e-34  3.440000e-34  1.080000e-33  3.440000e-33  1.090000e-32  3.440000e-32  1.090000e-31  3.440000e-31  1.090000e-30  3.420000e-30  1.080000e-29  3.430000e-29  1.090000e-28  3.450000e-28  1.090000e-27  3.450000e-27  1.090000e-26  3.370000e-26  9.050000e-26  1.140000e-25  5.160000e-26  
32.595017  1.120000e-34  3.560000e-34  1.120000e-33  3.530000e-33  1.130000e-32  3.540000e-32  1.120000e-31  3.540000e-31  1.120000e-30  3.540000e-30  1.120000e-29  3.570000e-29  1.120000e-28  3.540000e-28  1.120000e-27  3.530000e-27  1.120000e-26  3.470000e-26  9.300000e-26  1.170000e-25  5.240000e-26  
33.362011  1.160000e-34  3.670000e-34  1.160000e-33  3.650000e-33  1.160000e-32  3.660000e-32  1.160000e-31  3.660000e-31  1.160000e-30  3.670000e-30  1.150000e-29  3.660000e-29  1.160000e-28  3.660000e-28  1.160000e-27  3.650000e-27  1.160000e-26  3.590000e-26  9.590000e-26  1.190000e-25  5.320000e-26  
34.147053  1.200000e-34  3.790000e-34  1.200000e-33  3.810000e-33  1.200000e-32  3.800000e-32  1.190000e-31  3.780000e-31  1.210000e-30  3.790000e-30  1.200000e-29  3.800000e-29  1.200000e-28  3.820000e-28  1.200000e-27  3.800000e-27  1.200000e-26  3.720000e-26  9.910000e-26  1.220000e-25  5.410000e-26  
34.950568  1.250000e-34  3.920000e-34  1.250000e-33  3.920000e-33  1.250000e-32  3.930000e-32  1.250000e-31  3.930000e-31  1.250000e-30  3.950000e-30  1.250000e-29  3.920000e-29  1.250000e-28  3.940000e-28  1.250000e-27  3.940000e-27  1.250000e-26  3.860000e-26  1.030000e-25  1.250000e-25  5.520000e-26  
35.772991  1.300000e-34  4.120000e-34  1.290000e-33  4.140000e-33  1.300000e-32  4.110000e-32  1.300000e-31  4.090000e-31  1.290000e-30  4.120000e-30  1.300000e-29  4.100000e-29  1.290000e-28  4.100000e-28  1.300000e-27  4.110000e-27  1.290000e-26  4.020000e-26  1.060000e-25  1.280000e-25  5.630000e-26  
36.614766  1.360000e-34  4.290000e-34  1.350000e-33  4.310000e-33  1.360000e-32  4.310000e-32  1.360000e-31  4.300000e-31  1.360000e-30  4.300000e-30  1.360000e-29  4.310000e-29  1.360000e-28  4.310000e-28  1.360000e-27  4.300000e-27  1.360000e-26  4.200000e-26  1.110000e-25  1.320000e-25  5.750000e-26  
37.476349  1.430000e-34  4.520000e-34  1.420000e-33  4.500000e-33  1.420000e-32  4.490000e-32  1.420000e-31  4.490000e-31  1.420000e-30  4.510000e-30  1.410000e-29  4.500000e-29  1.420000e-28  4.500000e-28  1.420000e-27  4.480000e-27  1.420000e-26  4.390000e-26  1.150000e-25  1.350000e-25  5.880000e-26  
38.358205  1.500000e-34  4.730000e-34  1.490000e-33  4.730000e-33  1.490000e-32  4.720000e-32  1.500000e-31  4.730000e-31  1.490000e-30  4.730000e-30  1.500000e-29  4.730000e-29  1.490000e-28  4.740000e-28  1.500000e-27  4.760000e-27  1.490000e-26  4.620000e-26  1.210000e-25  1.400000e-25  6.030000e-26  
39.260813  1.580000e-34  5.020000e-34  1.580000e-33  4.990000e-33  1.580000e-32  5.010000e-32  1.580000e-31  5.000000e-31  1.590000e-30  4.980000e-30  1.580000e-29  5.010000e-29  1.580000e-28  4.990000e-28  1.580000e-27  5.020000e-27  1.570000e-26  4.880000e-26  1.270000e-25  1.450000e-25  6.200000e-26  
40.184660  1.680000e-34  5.300000e-34  1.680000e-33  5.310000e-33  1.670000e-32  5.310000e-32  1.680000e-31  5.330000e-31  1.680000e-30  5.300000e-30  1.690000e-29  5.330000e-29  1.680000e-28  5.300000e-28  1.680000e-27  5.350000e-27  1.670000e-26  5.180000e-26  1.340000e-25  1.500000e-25  6.390000e-26  
41.130246  1.790000e-34  5.650000e-34  1.790000e-33  5.690000e-33  1.780000e-32  5.700000e-32  1.790000e-31  5.670000e-31  1.800000e-30  5.690000e-30  1.800000e-29  5.670000e-29  1.780000e-28  5.650000e-28  1.780000e-27  5.690000e-27  1.780000e-26  5.520000e-26  1.420000e-25  1.570000e-25  6.600000e-26  
42.098083  1.920000e-34  6.080000e-34  1.920000e-33  6.120000e-33  1.930000e-32  6.060000e-32  1.930000e-31  6.110000e-31  1.930000e-30  6.100000e-30  1.930000e-29  6.080000e-29  1.920000e-28  6.090000e-28  1.920000e-27  6.080000e-27  1.920000e-26  5.930000e-26  1.510000e-25  1.640000e-25  6.840000e-26  
43.088694  2.080000e-34  6.560000e-34  2.090000e-33  6.570000e-33  2.090000e-32  6.580000e-32  2.080000e-31  6.560000e-31  2.070000e-30  6.600000e-30  2.090000e-29  6.580000e-29  2.080000e-28  6.650000e-28  2.080000e-27  6.630000e-27  2.080000e-26  6.400000e-26  1.620000e-25  1.720000e-25  7.110000e-26  
44.102615  2.270000e-34  7.160000e-34  2.270000e-33  7.150000e-33  2.270000e-32  7.170000e-32  2.260000e-31  7.140000e-31  2.260000e-30  7.140000e-30  2.250000e-29  7.160000e-29  2.270000e-28  7.140000e-28  2.270000e-27  7.160000e-27  2.260000e-26  6.960000e-26  1.750000e-25  1.810000e-25  7.420000e-26  
45.140394  2.480000e-34  7.900000e-34  2.500000e-33  7.850000e-33  2.500000e-32  7.860000e-32  2.480000e-31  7.850000e-31  2.500000e-30  7.880000e-30  2.500000e-29  7.840000e-29  2.480000e-28  7.890000e-28  2.480000e-27  7.870000e-27  2.480000e-26  7.640000e-26  1.900000e-25  1.920000e-25  7.780000e-26  
46.202594  2.760000e-34  8.760000e-34  2.760000e-33  8.740000e-33  2.750000e-32  8.720000e-32  2.760000e-31  8.810000e-31  2.780000e-30  8.760000e-30  2.760000e-29  8.710000e-29  2.770000e-28  8.720000e-28  2.770000e-27  8.740000e-27  2.760000e-26  8.460000e-26  2.080000e-25  2.040000e-25  8.190000e-26  
47.289788  3.070000e-34  9.780000e-34  3.120000e-33  9.760000e-33  3.100000e-32  9.790000e-32  3.100000e-31  9.770000e-31  3.110000e-30  9.810000e-30  3.100000e-29  9.830000e-29  3.100000e-28  9.820000e-28  3.110000e-27  9.830000e-27  3.080000e-26  9.480000e-26  2.300000e-25  2.190000e-25  8.680000e-26  
48.402565  3.530000e-34  1.110000e-33  3.530000e-33  1.120000e-32  3.530000e-32  1.120000e-31  3.520000e-31  1.110000e-30  3.540000e-30  1.110000e-29  3.530000e-29  1.110000e-28  3.520000e-28  1.120000e-27  3.540000e-27  1.120000e-26  3.520000e-26  1.080000e-25  2.570000e-25  2.370000e-25  9.270000e-26  
49.541527  4.080000e-34  1.290000e-33  4.090000e-33  1.280000e-32  4.060000e-32  1.290000e-31  4.080000e-31  1.290000e-30  4.080000e-30  1.290000e-29  4.100000e-29  1.290000e-28  4.070000e-28  1.290000e-27  4.080000e-27  1.290000e-26  4.070000e-26  1.240000e-25  2.920000e-25  2.580000e-25  9.970000e-26  
50.707290  4.830000e-34  1.520000e-33  4.820000e-33  1.520000e-32  4.810000e-32  1.520000e-31  4.800000e-31  1.520000e-30  4.800000e-30  1.520000e-29  4.820000e-29  1.530000e-28  4.780000e-28  1.530000e-27  4.820000e-27  1.530000e-26  4.810000e-26  1.460000e-25  3.350000e-25  2.850000e-25  1.080000e-25  
51.900484  5.800000e-34  1.840000e-33  5.810000e-33  1.850000e-32  5.760000e-32  1.840000e-31  5.830000e-31  1.850000e-30  5.800000e-30  1.850000e-29  5.820000e-29  1.840000e-28  5.810000e-28  1.850000e-27  5.840000e-27  1.850000e-26  5.800000e-26  1.750000e-25  3.930000e-25  3.180000e-25  1.190000e-25  
53.121756  7.230000e-34  2.280000e-33  7.300000e-33  2.280000e-32  7.280000e-32  2.290000e-31  7.240000e-31  2.310000e-30  7.220000e-30  2.290000e-29  7.220000e-29  2.300000e-28  7.280000e-28  2.280000e-27  7.250000e-27  2.300000e-26  7.190000e-26  2.180000e-25  4.730000e-25  3.610000e-25  1.330000e-25  
54.370000  9.430000e-34  2.990000e-33  9.450000e-33  2.970000e-32  9.390000e-32  2.990000e-31  9.460000e-31  2.970000e-30  9.410000e-30  3.000000e-29  9.380000e-29  2.990000e-28  9.440000e-28  2.990000e-27  9.410000e-27  2.980000e-26  9.430000e-26  2.810000e-25  5.850000e-25  4.190000e-25  1.520000e-25  
55.650000  1.290000e-33  4.090000e-33  1.290000e-32  4.110000e-32  1.290000e-31  4.090000e-31  1.290000e-30  4.090000e-30  1.310000e-29  4.090000e-29  1.290000e-28  4.090000e-28  1.310000e-27  4.110000e-27  1.300000e-26  4.080000e-26  1.280000e-25  3.820000e-25  7.540000e-25  5.010000e-25  1.780000e-25  
56.960000  1.930000e-33  6.080000e-33  1.930000e-32  6.100000e-32  1.920000e-31  6.100000e-31  1.920000e-30  6.080000e-30  1.930000e-29  6.100000e-29  1.940000e-28  6.110000e-28  1.930000e-27  6.080000e-27  1.930000e-26  6.100000e-26  1.920000e-25  5.610000e-25  1.030000e-24  6.250000e-25  2.180000e-25  
58.300000  3.280000e-33  1.040000e-32  3.260000e-32  1.040000e-31  3.280000e-31  1.030000e-30  3.250000e-30  1.040000e-29  3.270000e-29  1.030000e-28  3.270000e-28  1.040000e-27  3.270000e-27  1.030000e-26  3.270000e-26  1.030000e-25  3.240000e-25  9.290000e-25  1.530000e-24  8.340000e-25  2.840000e-25  
60.000000  9.010000e-33  2.840000e-32  8.960000e-32  2.840000e-31  8.990000e-31  2.820000e-30  8.990000e-30  2.840000e-29  8.910000e-29  2.850000e-28  8.940000e-28  2.830000e-27  9.000000e-27  2.840000e-26  8.970000e-26  2.830000e-25  8.800000e-25  2.380000e-24  3.100000e-24  1.420000e-24  4.710000e-25  
61.000000  2.440000e-32  7.750000e-32  2.440000e-31  7.740000e-31  2.450000e-30  7.710000e-30  2.430000e-29  7.720000e-29  2.440000e-28  7.740000e-28  2.460000e-27  7.710000e-27  2.440000e-26  7.730000e-26  2.440000e-25  7.710000e-25  2.370000e-24  5.880000e-24  5.910000e-24  2.390000e-24  7.780000e-25  
61.500000  5.470000e-32  1.720000e-31  5.450000e-31  1.720000e-30  5.440000e-30  1.730000e-29  5.440000e-29  1.720000e-28  5.430000e-28  1.720000e-27  5.460000e-27  1.720000e-26  5.440000e-26  1.720000e-25  5.460000e-25  1.720000e-24  5.210000e-24  1.170000e-23  9.600000e-24  3.610000e-24  1.160000e-24  
61.800000  1.120000e-31  3.510000e-31  1.100000e-30  3.490000e-30  1.110000e-29  3.510000e-29  1.110000e-28  3.520000e-28  1.110000e-27  3.520000e-27  1.100000e-26  3.500000e-26  1.110000e-25  3.500000e-25  1.100000e-24  3.500000e-24  1.040000e-23  2.100000e-23  1.440000e-23  5.180000e-24  1.660000e-24  
62.000000  2.160000e-31  6.840000e-31  2.170000e-30  6.820000e-30  2.140000e-29  6.820000e-29  2.150000e-28  6.850000e-28  2.160000e-27  6.840000e-27  2.150000e-26  6.840000e-26  2.160000e-25  6.870000e-25  2.170000e-24  6.790000e-24  1.980000e-23  3.530000e-23  2.100000e-23  7.270000e-24  2.320000e-24  
62.200000  5.990000e-31  1.890000e-30  6.010000e-30  1.900000e-29  5.980000e-29  1.900000e-28  5.960000e-28  1.890000e-27  5.970000e-27  1.900000e-26  5.990000e-26  1.890000e-25  5.950000e-25  1.890000e-24  5.930000e-24  1.860000e-23  5.180000e-23  7.400000e-23  3.630000e-23  1.210000e-23  3.860000e-24  
62.300000  1.350000e-30  4.230000e-30  1.340000e-29  4.260000e-29  1.350000e-28  4.260000e-28  1.340000e-27  4.260000e-27  1.350000e-26  4.260000e-26  1.350000e-25  4.230000e-25  1.350000e-24  4.260000e-24  1.340000e-23  4.150000e-23  1.090000e-22  1.270000e-22  5.540000e-23  1.820000e-23  5.790000e-24  
62.350000  2.410000e-30  7.540000e-30  2.410000e-29  7.540000e-29  2.390000e-28  7.560000e-28  2.400000e-27  7.590000e-27  2.380000e-26  7.580000e-26  2.400000e-25  7.590000e-25  2.380000e-24  7.460000e-24  2.370000e-23  7.320000e-23  1.820000e-22  1.830000e-22  7.460000e-23  2.430000e-23  7.720000e-24  
62.400000  5.370000e-30  1.710000e-29  5.360000e-29  1.700000e-28  5.370000e-28  1.700000e-27  5.360000e-27  1.700000e-26  5.350000e-26  1.700000e-25  5.400000e-25  1.700000e-24  5.380000e-24  1.700000e-23  5.370000e-23  1.620000e-22  3.640000e-22  2.990000e-22  1.130000e-22  3.650000e-23  1.160000e-23  
62.430000  1.100000e-29  3.470000e-29  1.100000e-28  3.460000e-28  1.100000e-27  3.500000e-27  1.100000e-26  3.460000e-26  1.100000e-25  3.450000e-25  1.110000e-24  3.470000e-24  1.100000e-23  3.460000e-23  1.090000e-22  3.230000e-22  6.500000e-22  4.500000e-22  1.620000e-22  5.220000e-23  1.650000e-23  
62.450000  2.140000e-29  6.770000e-29  2.140000e-28  6.790000e-28  2.140000e-27  6.770000e-27  2.160000e-26  6.790000e-26  2.160000e-25  6.760000e-25  2.150000e-24  6.800000e-24  2.150000e-23  6.760000e-23  2.120000e-22  6.150000e-22  1.090000e-21  6.530000e-22  2.280000e-22  7.300000e-23  2.310000e-23  
62.460000  3.370000e-29  1.060000e-28  3.390000e-28  1.060000e-27  3.380000e-27  1.070000e-26  3.360000e-26  1.070000e-25  3.340000e-25  1.060000e-24  3.340000e-24  1.060000e-23  3.340000e-23  1.060000e-22  3.300000e-22  9.360000e-22  1.510000e-21  8.310000e-22  2.860000e-22  9.130000e-23  2.890000e-23  
62.470000  5.960000e-29  1.890000e-28  5.970000e-28  1.890000e-27  5.950000e-27  1.890000e-26  5.970000e-26  1.890000e-25  5.960000e-25  1.890000e-24  5.950000e-24  1.880000e-23  5.940000e-23  1.870000e-22  5.830000e-22  1.600000e-21  2.270000e-21  1.130000e-21  3.810000e-22  1.220000e-22  3.850000e-23  
62.475000  8.600000e-29  2.730000e-28  8.590000e-28  2.730000e-27  8.550000e-27  2.710000e-26  8.610000e-26  2.720000e-25  8.580000e-25  2.730000e-24  8.610000e-24  2.690000e-23  8.580000e-23  2.680000e-22  8.340000e-22  2.220000e-21  2.890000e-21  1.360000e-21  4.580000e-22  1.460000e-22  4.630000e-23  
62.480000  1.340000e-28  4.260000e-28  1.330000e-27  4.260000e-27  1.350000e-26  4.270000e-26  1.340000e-25  4.230000e-25  1.340000e-24  4.240000e-24  1.340000e-23  4.230000e-23  1.340000e-22  4.210000e-22  1.290000e-21  3.310000e-21  3.860000e-21  1.720000e-21  5.720000e-22  1.820000e-22  5.780000e-23  
62.485000  2.380000e-28  7.470000e-28  2.380000e-27  7.570000e-27  2.390000e-26  7.520000e-26  2.380000e-25  7.540000e-25  2.380000e-24  7.550000e-24  2.370000e-23  7.540000e-23  2.370000e-22  7.450000e-22  2.260000e-21  5.440000e-21  5.500000e-21  2.310000e-21  7.630000e-22  2.430000e-22  7.710000e-23  
62.490000  5.340000e-28  1.690000e-27  5.330000e-27  1.690000e-26  5.340000e-26  1.690000e-25  5.340000e-25  1.690000e-24  5.340000e-24  1.690000e-23  5.330000e-23  1.690000e-22  5.310000e-22  1.660000e-21  4.900000e-21  1.060000e-20  8.830000e-21  3.480000e-21  1.140000e-21  3.650000e-22  1.160000e-22  
62.493000  1.080000e-27  3.410000e-27  1.080000e-26  3.410000e-26  1.080000e-25  3.410000e-25  1.080000e-24  3.410000e-24  1.080000e-23  3.410000e-23  1.080000e-22  3.400000e-22  1.070000e-21  3.310000e-21  9.470000e-21  1.810000e-20  1.300000e-20  4.970000e-21  1.630000e-21  5.210000e-22  1.650000e-22  
62.495000  2.080000e-27  6.570000e-27  2.080000e-26  6.580000e-26  2.080000e-25  6.570000e-25  2.080000e-24  6.570000e-24  2.080000e-23  6.570000e-23  2.070000e-22  6.550000e-22  2.050000e-21  6.280000e-21  1.720000e-20  2.880000e-20  1.860000e-20  6.950000e-21  2.280000e-21  7.280000e-22  2.310000e-22  
62.497000  5.420000e-27  1.710000e-26  5.410000e-26  1.710000e-25  5.420000e-25  1.710000e-24  5.410000e-24  1.710000e-23  5.410000e-23  1.710000e-22  5.420000e-22  1.700000e-21  5.270000e-21  1.570000e-20  3.920000e-20  5.400000e-20  3.100000e-20  1.150000e-20  3.790000e-21  1.210000e-21  3.850000e-22  
62.498000  1.080000e-26  3.420000e-26  1.080000e-25  3.420000e-25  1.080000e-24  3.420000e-24  1.080000e-23  3.420000e-23  1.080000e-22  3.420000e-22  1.080000e-21  3.390000e-21  1.040000e-20  3.000000e-20  6.790000e-20  8.270000e-20  4.570000e-20  1.710000e-20  5.660000e-21  1.820000e-21  5.770000e-22  
62.499000  2.680000e-26  8.460000e-26  2.680000e-25  8.470000e-25  2.680000e-24  8.470000e-24  2.680000e-23  8.470000e-23  2.680000e-22  8.470000e-22  2.680000e-21  8.250000e-21  2.480000e-20  6.740000e-20  1.400000e-19  1.540000e-19  8.630000e-20  3.330000e-20  1.120000e-20  3.620000e-21  1.150000e-21  
62.500000  5.110000e-26  1.610000e-25  5.100000e-25  1.610000e-24  5.100000e-24  1.610000e-23  5.100000e-23  1.610000e-22  5.100000e-22  1.610000e-21  5.110000e-21  1.610000e-20  5.110000e-20  1.610000e-19  5.110000e-19  1.610000e-18  5.100000e-18  1.610000e-17  5.110000e-17  1.610000e-16  5.110000e-16  
62.501000  2.560000e-26  8.090000e-26  2.560000e-25  8.090000e-25  2.560000e-24  8.080000e-24  2.560000e-23  8.090000e-23  2.560000e-22  8.080000e-22  2.560000e-21  8.090000e-21  2.560000e-20  8.090000e-20  2.560000e-19  8.090000e-19  2.560000e-18  8.090000e-18  2.560000e-17  8.090000e-17  2.560000e-16  
62.502000  1.040000e-26  3.300000e-26  1.040000e-25  3.300000e-25  1.040000e-24  3.300000e-24  1.040000e-23  3.300000e-23  1.040000e-22  3.300000e-22  1.040000e-21  3.300000e-21  1.040000e-20  3.300000e-20  1.040000e-19  3.300000e-19  1.040000e-18  3.300000e-18  1.040000e-17  3.300000e-17  1.040000e-16  
62.503000  5.270000e-27  1.660000e-26  5.260000e-26  1.660000e-25  5.260000e-25  1.660000e-24  5.260000e-24  1.660000e-23  5.270000e-23  1.660000e-22  5.270000e-22  1.670000e-21  5.260000e-21  1.660000e-20  5.270000e-20  1.670000e-19  5.270000e-19  1.660000e-18  5.270000e-18  1.660000e-17  5.260000e-17  
62.505000  2.040000e-27  6.440000e-27  2.030000e-26  6.440000e-26  2.040000e-25  6.440000e-25  2.040000e-24  6.440000e-24  2.040000e-23  6.440000e-23  2.040000e-22  6.440000e-22  2.040000e-21  6.440000e-21  2.040000e-20  6.430000e-20  2.040000e-19  6.440000e-19  2.040000e-18  6.440000e-18  2.040000e-17  
62.507000  1.060000e-27  3.360000e-27  1.060000e-26  3.360000e-26  1.060000e-25  3.360000e-25  1.060000e-24  3.360000e-24  1.060000e-23  3.360000e-23  1.060000e-22  3.360000e-22  1.060000e-21  3.360000e-21  1.060000e-20  3.360000e-20  1.060000e-19  3.360000e-19  1.060000e-18  3.360000e-18  1.060000e-17  
62.510000  5.270000e-28  1.670000e-27  5.270000e-27  1.670000e-26  5.270000e-26  1.670000e-25  5.270000e-25  1.670000e-24  5.270000e-24  1.670000e-23  5.270000e-23  1.670000e-22  5.270000e-22  1.670000e-21  5.270000e-21  1.670000e-20  5.270000e-20  1.670000e-19  5.270000e-19  1.670000e-18  5.270000e-18  
62.515000  2.360000e-28  7.460000e-28  2.360000e-27  7.460000e-27  2.360000e-26  7.460000e-26  2.360000e-25  7.460000e-25  2.360000e-24  7.460000e-24  2.360000e-23  7.460000e-23  2.360000e-22  7.460000e-22  2.360000e-21  7.460000e-21  2.360000e-20  7.460000e-20  2.360000e-19  7.460000e-19  2.360000e-18  
62.520000  1.330000e-28  4.200000e-28  1.330000e-27  4.210000e-27  1.330000e-26  4.210000e-26  1.330000e-25  4.210000e-25  1.330000e-24  4.210000e-24  1.330000e-23  4.210000e-23  1.330000e-22  4.210000e-22  1.330000e-21  4.210000e-21  1.330000e-20  4.210000e-20  1.330000e-19  4.210000e-19  1.330000e-18  
62.525000  8.530000e-29  2.700000e-28  8.530000e-28  2.700000e-27  8.530000e-27  2.700000e-26  8.530000e-26  2.700000e-25  8.530000e-25  2.700000e-24  8.530000e-24  2.700000e-23  8.530000e-23  2.700000e-22  8.530000e-22  2.700000e-21  8.530000e-21  2.700000e-20  8.530000e-20  2.700000e-19  8.530000e-19  
62.530000  5.930000e-29  1.870000e-28  5.930000e-28  1.870000e-27  5.930000e-27  1.870000e-26  5.920000e-26  1.870000e-25  5.920000e-25  1.870000e-24  5.920000e-24  1.870000e-23  5.920000e-23  1.870000e-22  5.920000e-22  1.870000e-21  5.930000e-21  1.870000e-20  5.920000e-20  1.870000e-19  5.930000e-19  
62.540000  3.340000e-29  1.050000e-28  3.330000e-28  1.050000e-27  3.340000e-27  1.050000e-26  3.340000e-26  1.050000e-25  3.340000e-25  1.050000e-24  3.330000e-24  1.050000e-23  3.340000e-23  1.050000e-22  3.340000e-22  1.050000e-21  3.340000e-21  1.050000e-20  3.340000e-20  1.060000e-19  3.340000e-19  
62.550000  2.140000e-29  6.750000e-29  2.140000e-28  6.750000e-28  2.140000e-27  6.750000e-27  2.140000e-26  6.750000e-26  2.140000e-25  6.750000e-25  2.140000e-24  6.750000e-24  2.140000e-23  6.750000e-23  2.140000e-22  6.750000e-22  2.140000e-21  6.750000e-21  2.140000e-20  6.750000e-20  2.140000e-19  
62.570000  1.090000e-29  3.440000e-29  1.090000e-28  3.440000e-28  1.090000e-27  3.450000e-27  1.090000e-26  3.450000e-26  1.090000e-25  3.440000e-25  1.090000e-24  3.450000e-24  1.090000e-23  3.440000e-23  1.090000e-22  3.450000e-22  1.090000e-21  3.450000e-21  1.090000e-20  3.450000e-20  1.090000e-19  
62.600000  5.340000e-30  1.690000e-29  5.340000e-29  1.690000e-28  5.340000e-28  1.690000e-27  5.340000e-27  1.690000e-26  5.340000e-26  1.690000e-25  5.340000e-25  1.690000e-24  5.340000e-24  1.690000e-23  5.340000e-23  1.690000e-22  5.340000e-22  1.690000e-21  5.340000e-21  1.690000e-20  5.340000e-20  
62.650000  2.370000e-30  7.500000e-30  2.370000e-29  7.500000e-29  2.370000e-28  7.500000e-28  2.370000e-27  7.500000e-27  2.370000e-26  7.500000e-26  2.370000e-25  7.500000e-25  2.370000e-24  7.500000e-24  2.370000e-23  7.500000e-23  2.370000e-22  7.500000e-22  2.370000e-21  7.500000e-21  2.370000e-20  
62.700000  1.330000e-30  4.220000e-30  1.330000e-29  4.220000e-29  1.330000e-28  4.210000e-28  1.330000e-27  4.210000e-27  1.330000e-26  4.220000e-26  1.330000e-25  4.220000e-25  1.330000e-24  4.220000e-24  1.330000e-23  4.220000e-23  1.330000e-22  4.220000e-22  1.330000e-21  4.220000e-21  1.330000e-20  
62.800000  5.920000e-31  1.870000e-30  5.910000e-30  1.870000e-29  5.920000e-29  1.870000e-28  5.910000e-28  1.870000e-27  5.920000e-27  1.870000e-26  5.910000e-26  1.870000e-25  5.920000e-25  1.870000e-24  5.920000e-24  1.870000e-23  5.920000e-23  1.870000e-22  5.920000e-22  1.870000e-21  5.920000e-21  
63.000000  2.120000e-31  6.710000e-31  2.120000e-30  6.720000e-30  2.120000e-29  6.710000e-29  2.120000e-28  6.710000e-28  2.120000e-27  6.710000e-27  2.120000e-26  6.710000e-26  2.120000e-25  6.710000e-25  2.120000e-24  6.710000e-24  2.120000e-23  6.710000e-23  2.120000e-22  6.710000e-22  2.120000e-21  
63.200000  1.080000e-31  3.410000e-31  1.080000e-30  3.410000e-30  1.080000e-29  3.410000e-29  1.080000e-28  3.410000e-28  1.080000e-27  3.410000e-27  1.080000e-26  3.410000e-26  1.080000e-25  3.410000e-25  1.080000e-24  3.410000e-24  1.080000e-23  3.410000e-23  1.080000e-22  3.410000e-22  1.080000e-21  
63.600000  4.350000e-32  1.370000e-31  4.340000e-31  1.370000e-30  4.350000e-30  1.370000e-29  4.340000e-29  1.370000e-28  4.350000e-28  1.370000e-27  4.340000e-27  1.370000e-26  4.350000e-26  1.370000e-25  4.340000e-25  1.370000e-24  4.350000e-24  1.370000e-23  4.340000e-23  1.370000e-22  4.350000e-22  
64.200000  1.800000e-32  5.680000e-32  1.800000e-31  5.680000e-31  1.800000e-30  5.680000e-30  1.800000e-29  5.680000e-29  1.800000e-28  5.680000e-28  1.800000e-27  5.680000e-27  1.800000e-26  5.680000e-26  1.800000e-25  5.680000e-25  1.800000e-24  5.680000e-24  1.800000e-23  5.680000e-23  1.800000e-22  
65.500000  5.650000e-33  1.790000e-32  5.650000e-32  1.790000e-31  5.650000e-31  1.790000e-30  5.650000e-30  1.790000e-29  5.650000e-29  1.790000e-28  5.650000e-28  1.790000e-27  5.650000e-27  1.790000e-26  5.650000e-26  1.790000e-25  5.650000e-25  1.790000e-24  5.650000e-24  1.790000e-23  5.650000e-23  
67.030000  2.410000e-33  7.630000e-33  2.410000e-32  7.640000e-32  2.410000e-31  7.630000e-31  2.410000e-30  7.640000e-30  2.410000e-29  7.630000e-29  2.410000e-28  7.640000e-28  2.410000e-27  7.630000e-27  2.410000e-26  7.640000e-26  2.410000e-25  7.630000e-25  2.410000e-24  7.640000e-24  2.410000e-23  
68.610000  1.290000e-33  4.080000e-33  1.290000e-32  4.080000e-32  1.290000e-31  4.080000e-31  1.290000e-30  4.080000e-30  1.290000e-29  4.080000e-29  1.290000e-28  4.080000e-28  1.290000e-27  4.080000e-27  1.290000e-26  4.080000e-26  1.290000e-25  4.080000e-25  1.290000e-24  4.080000e-24  1.290000e-23  
70.220000  7.870000e-34  2.490000e-33  7.870000e-33  2.490000e-32  7.870000e-32  2.490000e-31  7.870000e-31  2.490000e-30  7.870000e-30  2.490000e-29  7.870000e-29  2.490000e-28  7.870000e-28  2.490000e-27  7.870000e-27  2.490000e-26  7.870000e-26  2.490000e-25  7.870000e-25  2.490000e-24  7.870000e-24  
71.880000  5.190000e-34  1.640000e-33  5.190000e-33  1.640000e-32  5.190000e-32  1.640000e-31  5.190000e-31  1.640000e-30  5.190000e-30  1.640000e-29  5.190000e-29  1.640000e-28  5.190000e-28  1.640000e-27  5.190000e-27  1.640000e-26  5.190000e-26  1.640000e-25  5.190000e-25  1.640000e-24  5.190000e-24  
73.567595  3.620000e-34  1.150000e-33  3.620000e-33  1.150000e-32  3.620000e-32  1.150000e-31  3.620000e-31  1.150000e-30  3.620000e-30  1.150000e-29  3.620000e-29  1.150000e-28  3.620000e-28  1.150000e-27  3.620000e-27  1.150000e-26  3.620000e-26  1.150000e-25  3.620000e-25  1.150000e-24  3.620000e-24  
75.298716  2.630000e-34  8.330000e-34  2.630000e-33  8.330000e-33  2.630000e-32  8.330000e-32  2.630000e-31  8.330000e-31  2.630000e-30  8.330000e-30  2.630000e-29  8.330000e-29  2.630000e-28  8.330000e-28  2.630000e-27  8.330000e-27  2.630000e-26  8.330000e-26  2.630000e-25  8.330000e-25  2.630000e-24  
77.070572  1.980000e-34  6.260000e-34  1.980000e-33  6.270000e-33  1.980000e-32  6.260000e-32  1.980000e-31  6.270000e-31  1.980000e-30  6.260000e-30  1.980000e-29  6.270000e-29  1.980000e-28  6.260000e-28  1.980000e-27  6.270000e-27  1.980000e-26  6.260000e-26  1.980000e-25  6.270000e-25  1.980000e-24  
78.884121  1.520000e-34  4.810000e-34  1.520000e-33  4.820000e-33  1.520000e-32  4.810000e-32  1.520000e-31  4.820000e-31  1.520000e-30  4.810000e-30  1.520000e-29  4.820000e-29  1.520000e-28  4.810000e-28  1.520000e-27  4.820000e-27  1.520000e-26  4.810000e-26  1.520000e-25  4.820000e-25  1.520000e-24  
80.740345  1.190000e-34  3.770000e-34  1.190000e-33  3.770000e-33  1.190000e-32  3.770000e-32  1.190000e-31  3.770000e-31  1.190000e-30  3.770000e-30  1.190000e-29  3.770000e-29  1.190000e-28  3.770000e-28  1.190000e-27  3.770000e-27  1.190000e-26  3.770000e-26  1.190000e-25  3.770000e-25  1.190000e-24  
82.640248  9.510000e-35  3.010000e-34  9.510000e-34  3.010000e-33  9.510000e-33  3.010000e-32  9.510000e-32  3.010000e-31  9.510000e-31  3.010000e-30  9.510000e-30  3.010000e-29  9.510000e-29  3.010000e-28  9.510000e-28  3.010000e-27  9.510000e-27  3.010000e-26  9.510000e-26  3.010000e-25  9.510000e-25  
84.584857  7.680000e-35  2.430000e-34  7.680000e-34  2.430000e-33  7.680000e-33  2.430000e-32  7.680000e-32  2.430000e-31  7.680000e-31  2.430000e-30  7.680000e-30  2.430000e-29  7.680000e-29  2.430000e-28  7.680000e-28  2.430000e-27  7.680000e-27  2.430000e-26  7.680000e-26  2.430000e-25  7.680000e-25  
86.575226  6.270000e-35  1.980000e-34  6.270000e-34  1.980000e-33  6.270000e-33  1.980000e-32  6.270000e-32  1.980000e-31  6.270000e-31  1.980000e-30  6.270000e-30  1.980000e-29  6.270000e-29  1.980000e-28  6.270000e-28  1.980000e-27  6.270000e-27  1.980000e-26  6.270000e-26  1.980000e-25  6.270000e-25  
88.612429  5.190000e-35  1.640000e-34  5.190000e-34  1.640000e-33  5.190000e-33  1.640000e-32  5.190000e-32  1.640000e-31  5.190000e-31  1.640000e-30  5.190000e-30  1.640000e-29  5.190000e-29  1.640000e-28  5.190000e-28  1.640000e-27  5.190000e-27  1.640000e-26  5.190000e-26  1.640000e-25  5.190000e-25  
90.697570  4.320000e-35  1.360000e-34  4.320000e-34  1.360000e-33  4.320000e-33  1.360000e-32  4.320000e-32  1.360000e-31  4.320000e-31  1.360000e-30  4.320000e-30  1.360000e-29  4.320000e-29  1.360000e-28  4.320000e-28  1.360000e-27  4.320000e-27  1.360000e-26  4.320000e-26  1.360000e-25  4.320000e-25  
92.831777  3.620000e-35  1.140000e-34  3.620000e-34  1.140000e-33  3.620000e-33  1.140000e-32  3.620000e-32  1.140000e-31  3.620000e-31  1.140000e-30  3.620000e-30  1.140000e-29  3.620000e-29  1.140000e-28  3.620000e-28  1.140000e-27  3.620000e-27  1.140000e-26  3.620000e-26  1.140000e-25  3.620000e-25  
95.016203  3.050000e-35  9.650000e-35  3.050000e-34  9.650000e-34  3.050000e-33  9.650000e-33  3.050000e-32  9.650000e-32  3.050000e-31  9.650000e-31  3.050000e-30  9.650000e-30  3.050000e-29  9.650000e-29  3.050000e-28  9.650000e-28  3.050000e-27  9.650000e-27  3.050000e-26  9.650000e-26  3.050000e-25  
97.252032  2.590000e-35  8.190000e-35  2.590000e-34  8.190000e-34  2.590000e-33  8.190000e-33  2.590000e-32  8.190000e-32  2.590000e-31  8.190000e-31  2.590000e-30  8.190000e-30  2.590000e-29  8.190000e-29  2.590000e-28  8.190000e-28  2.590000e-27  8.190000e-27  2.590000e-26  8.190000e-26  2.590000e-25  
99.540471  2.220000e-35  7.010000e-35  2.220000e-34  7.010000e-34  2.220000e-33  7.010000e-33  2.220000e-32  7.010000e-32  2.220000e-31  7.010000e-31  2.220000e-30  7.010000e-30  2.220000e-29  7.010000e-29  2.220000e-28  7.010000e-28  2.220000e-27  7.010000e-27  2.220000e-26  7.010000e-26  2.220000e-25  
101.882760  1.900000e-35  6.000000e-35  1.900000e-34  6.000000e-34  1.900000e-33  6.000000e-33  1.900000e-32  6.000000e-32  1.900000e-31  6.000000e-31  1.900000e-30  6.000000e-30  1.900000e-29  6.000000e-29  1.900000e-28  6.000000e-28  1.900000e-27  6.000000e-27  1.900000e-26  6.000000e-26  1.900000e-25  
104.280166  1.630000e-35  5.170000e-35  1.630000e-34  5.170000e-34  1.630000e-33  5.170000e-33  1.630000e-32  5.170000e-32  1.630000e-31  5.170000e-31  1.630000e-30  5.170000e-30  1.630000e-29  5.170000e-29  1.630000e-28  5.170000e-28  1.630000e-27  5.170000e-27  1.630000e-26  5.170000e-26  1.630000e-25  
106.733985  1.410000e-35  4.460000e-35  1.410000e-34  4.470000e-34  1.410000e-33  4.460000e-33  1.410000e-32  4.470000e-32  1.410000e-31  4.460000e-31  1.410000e-30  4.470000e-30  1.410000e-29  4.460000e-29  1.410000e-28  4.470000e-28  1.410000e-27  4.460000e-27  1.410000e-26  4.470000e-26  1.410000e-25  
109.245544  1.230000e-35  3.880000e-35  1.230000e-34  3.880000e-34  1.230000e-33  3.880000e-33  1.230000e-32  3.880000e-32  1.230000e-31  3.880000e-31  1.230000e-30  3.880000e-30  1.230000e-29  3.880000e-29  1.230000e-28  3.880000e-28  1.230000e-27  3.880000e-27  1.230000e-26  3.880000e-26  1.230000e-25  
111.816204  1.070000e-35  3.380000e-35  1.070000e-34  3.380000e-34  1.070000e-33  3.380000e-33  1.070000e-32  3.380000e-32  1.070000e-31  3.380000e-31  1.070000e-30  3.380000e-30  1.070000e-29  3.380000e-29  1.070000e-28  3.380000e-28  1.070000e-27  3.380000e-27  1.070000e-26  3.380000e-26  1.070000e-25  
114.447353  9.310000e-36  2.940000e-35  9.310000e-35  2.940000e-34  9.310000e-34  2.940000e-33  9.310000e-33  2.940000e-32  9.310000e-32  2.940000e-31  9.310000e-31  2.940000e-30  9.310000e-30  2.940000e-29  9.310000e-29  2.940000e-28  9.310000e-28  2.940000e-27  9.310000e-27  2.940000e-26  9.310000e-26  
117.140416  8.140000e-36  2.570000e-35  8.140000e-35  2.570000e-34  8.140000e-34  2.570000e-33  8.140000e-33  2.570000e-32  8.140000e-32  2.570000e-31  8.140000e-31  2.570000e-30  8.140000e-30  2.570000e-29  8.140000e-29  2.570000e-28  8.140000e-28  2.570000e-27  8.140000e-27  2.570000e-26  8.140000e-26  
119.896850  7.160000e-36  2.260000e-35  7.160000e-35  2.260000e-34  7.160000e-34  2.260000e-33  7.160000e-33  2.260000e-32  7.160000e-32  2.260000e-31  7.160000e-31  2.260000e-30  7.160000e-30  2.260000e-29  7.160000e-29  2.260000e-28  7.160000e-28  2.260000e-27  7.160000e-27  2.260000e-26  7.160000e-26  
122.718145  6.290000e-36  1.990000e-35  6.290000e-35  1.990000e-34  6.290000e-34  1.990000e-33  6.290000e-33  1.990000e-32  6.290000e-32  1.990000e-31  6.290000e-31  1.990000e-30  6.290000e-30  1.990000e-29  6.290000e-29  1.990000e-28  6.290000e-28  1.990000e-27  6.290000e-27  1.990000e-26  6.290000e-26  
125.605829  5.530000e-36  1.750000e-35  5.530000e-35  1.750000e-34  5.530000e-34  1.750000e-33  5.530000e-33  1.750000e-32  5.530000e-32  1.750000e-31  5.530000e-31  1.750000e-30  5.530000e-30  1.750000e-29  5.530000e-29  1.750000e-28  5.530000e-28  1.750000e-27  5.530000e-27  1.750000e-26  5.530000e-26  
128.561462  4.890000e-36  1.550000e-35  4.890000e-35  1.550000e-34  4.890000e-34  1.550000e-33  4.890000e-33  1.550000e-32  4.890000e-32  1.550000e-31  4.890000e-31  1.550000e-30  4.890000e-30  1.550000e-29  4.890000e-29  1.550000e-28  4.890000e-28  1.550000e-27  4.890000e-27  1.550000e-26  4.890000e-26  
131.586645  4.320000e-36  1.370000e-35  4.320000e-35  1.370000e-34  4.320000e-34  1.370000e-33  4.320000e-33  1.370000e-32  4.320000e-32  1.370000e-31  4.320000e-31  1.370000e-30  4.320000e-30  1.370000e-29  4.320000e-29  1.370000e-28  4.320000e-28  1.370000e-27  4.320000e-27  1.370000e-26  4.320000e-26  
134.683013  3.830000e-36  1.210000e-35  3.820000e-35  1.210000e-34  3.830000e-34  1.210000e-33  3.820000e-33  1.210000e-32  3.830000e-32  1.210000e-31  3.820000e-31  1.210000e-30  3.830000e-30  1.210000e-29  3.830000e-29  1.210000e-28  3.830000e-28  1.210000e-27  3.820000e-27  1.210000e-26  3.830000e-26  
137.852242  3.400000e-36  1.080000e-35  3.400000e-35  1.080000e-34  3.400000e-34  1.080000e-33  3.400000e-33  1.080000e-32  3.400000e-32  1.080000e-31  3.400000e-31  1.080000e-30  3.400000e-30  1.080000e-29  3.400000e-29  1.080000e-28  3.400000e-28  1.080000e-27  3.400000e-27  1.080000e-26  3.400000e-26  
141.096046  3.020000e-36  9.540000e-36  3.020000e-35  9.540000e-35  3.020000e-34  9.540000e-34  3.020000e-33  9.540000e-33  3.020000e-32  9.540000e-32  3.020000e-31  9.540000e-31  3.020000e-30  9.540000e-30  3.020000e-29  9.540000e-29  3.020000e-28  9.540000e-28  3.020000e-27  9.540000e-27  3.020000e-26  
144.416180  2.680000e-36  8.480000e-36  2.680000e-35  8.480000e-35  2.680000e-34  8.480000e-34  2.680000e-33  8.480000e-33  2.680000e-32  8.480000e-32  2.680000e-31  8.480000e-31  2.680000e-30  8.480000e-30  2.680000e-29  8.480000e-29  2.680000e-28  8.480000e-28  2.680000e-27  8.480000e-27  2.680000e-26  
147.814441  2.390000e-36  7.570000e-36  2.390000e-35  7.570000e-35  2.390000e-34  7.570000e-34  2.390000e-33  7.570000e-33  2.390000e-32  7.570000e-32  2.390000e-31  7.570000e-31  2.390000e-30  7.570000e-30  2.390000e-29  7.570000e-29  2.390000e-28  7.570000e-28  2.390000e-27  7.570000e-27  2.390000e-26  
151.292666  2.130000e-36  6.740000e-36  2.130000e-35  6.740000e-35  2.130000e-34  6.740000e-34  2.130000e-33  6.740000e-33  2.130000e-32  6.740000e-32  2.130000e-31  6.740000e-31  2.130000e-30  6.740000e-30  2.130000e-29  6.740000e-29  2.130000e-28  6.740000e-28  2.130000e-27  6.740000e-27  2.130000e-26  
154.852737  1.900000e-36  6.010000e-36  1.900000e-35  6.010000e-35  1.900000e-34  6.010000e-34  1.900000e-33  6.010000e-33  1.900000e-32  6.010000e-32  1.900000e-31  6.010000e-31  1.900000e-30  6.010000e-30  1.900000e-29  6.010000e-29  1.900000e-28  6.010000e-28  1.900000e-27  6.010000e-27  1.900000e-26  
158.496580  1.700000e-36  5.380000e-36  1.700000e-35  5.380000e-35  1.700000e-34  5.380000e-34  1.700000e-33  5.380000e-33  1.700000e-32  5.380000e-32  1.700000e-31  5.380000e-31  1.700000e-30  5.380000e-30  1.700000e-29  5.380000e-29  1.700000e-28  5.380000e-28  1.700000e-27  5.380000e-27  1.700000e-26  
162.226166  1.520000e-36  4.810000e-36  1.520000e-35  4.810000e-35  1.520000e-34  4.810000e-34  1.520000e-33  4.810000e-33  1.520000e-32  4.810000e-32  1.520000e-31  4.810000e-31  1.520000e-30  4.810000e-30  1.520000e-29  4.810000e-29  1.520000e-28  4.810000e-28  1.520000e-27  4.810000e-27  1.520000e-26  
166.043514  1.360000e-36  4.300000e-36  1.360000e-35  4.300000e-35  1.360000e-34  4.300000e-34  1.360000e-33  4.300000e-33  1.360000e-32  4.300000e-32  1.360000e-31  4.300000e-31  1.360000e-30  4.300000e-30  1.360000e-29  4.300000e-29  1.360000e-28  4.300000e-28  1.360000e-27  4.300000e-27  1.360000e-26  
169.950687  1.220000e-36  3.860000e-36  1.220000e-35  3.860000e-35  1.220000e-34  3.860000e-34  1.220000e-33  3.860000e-33  1.220000e-32  3.860000e-32  1.220000e-31  3.860000e-31  1.220000e-30  3.860000e-30  1.220000e-29  3.860000e-29  1.220000e-28  3.860000e-28  1.220000e-27  3.860000e-27  1.220000e-26  
173.949801  1.090000e-36  3.450000e-36  1.090000e-35  3.460000e-35  1.090000e-34  3.450000e-34  1.090000e-33  3.460000e-33  1.090000e-32  3.450000e-32  1.090000e-31  3.460000e-31  1.090000e-30  3.450000e-30  1.090000e-29  3.460000e-29  1.090000e-28  3.450000e-28  1.090000e-27  3.460000e-27  1.090000e-26  
178.043017  9.800000e-37  3.100000e-36  9.790000e-36  3.100000e-35  9.800000e-35  3.100000e-34  9.790000e-34  3.100000e-33  9.800000e-33  3.100000e-32  9.790000e-32  3.100000e-31  9.800000e-31  3.100000e-30  9.790000e-30  3.100000e-29  9.800000e-29  3.100000e-28  9.790000e-28  3.100000e-27  9.800000e-27  
182.232551  8.810000e-37  2.790000e-36  8.810000e-36  2.790000e-35  8.810000e-35  2.790000e-34  8.810000e-34  2.790000e-33  8.810000e-33  2.790000e-32  8.810000e-32  2.790000e-31  8.810000e-31  2.790000e-30  8.810000e-30  2.790000e-29  8.810000e-29  2.790000e-28  8.810000e-28  2.790000e-27  8.810000e-27  
186.520669  7.910000e-37  2.500000e-36  7.910000e-36  2.500000e-35  7.910000e-35  2.500000e-34  7.910000e-34  2.500000e-33  7.910000e-33  2.500000e-32  7.910000e-32  2.500000e-31  7.910000e-31  2.500000e-30  7.910000e-30  2.500000e-29  7.910000e-29  2.500000e-28  7.910000e-28  2.500000e-27  7.910000e-27  
190.909691  7.100000e-37  2.250000e-36  7.100000e-36  2.250000e-35  7.100000e-35  2.250000e-34  7.100000e-34  2.250000e-33  7.100000e-33  2.250000e-32  7.100000e-32  2.250000e-31  7.100000e-31  2.250000e-30  7.100000e-30  2.250000e-29  7.100000e-29  2.250000e-28  7.100000e-28  2.250000e-27  7.100000e-27  
195.401991  6.400000e-37  2.020000e-36  6.400000e-36  2.020000e-35  6.400000e-35  2.020000e-34  6.400000e-34  2.020000e-33  6.400000e-33  2.020000e-32  6.400000e-32  2.020000e-31  6.400000e-31  2.020000e-30  6.400000e-30  2.020000e-29  6.400000e-29  2.020000e-28  6.400000e-28  2.020000e-27  6.400000e-27  
200.000000  5.760000e-37  1.820000e-36  5.750000e-36  1.820000e-35  5.760000e-35  1.820000e-34  5.750000e-34  1.820000e-33  5.760000e-33  1.820000e-32  5.750000e-32  1.820000e-31  5.760000e-31  1.820000e-30  5.750000e-30  1.820000e-29  5.760000e-29  1.820000e-28  5.750000e-28  1.820000e-27  5.760000e-27  
209.622627  4.660000e-37  1.470000e-36  4.660000e-36  1.470000e-35  4.660000e-35  1.470000e-34  4.660000e-34  1.470000e-33  4.660000e-33  1.470000e-32  4.660000e-32  1.470000e-31  4.660000e-31  1.470000e-30  4.660000e-30  1.470000e-29  4.660000e-29  1.470000e-28  4.660000e-28  1.470000e-27  4.660000e-27  
219.708228  3.790000e-37  1.200000e-36  3.790000e-36  1.200000e-35  3.790000e-35  1.200000e-34  3.790000e-34  1.200000e-33  3.790000e-33  1.200000e-32  3.790000e-32  1.200000e-31  3.790000e-31  1.200000e-30  3.790000e-30  1.200000e-29  3.790000e-29  1.200000e-28  3.790000e-28  1.200000e-27  3.790000e-27  
230.279080  3.080000e-37  9.730000e-37  3.080000e-36  9.740000e-36  3.080000e-35  9.730000e-35  3.080000e-34  9.740000e-34  3.080000e-33  9.730000e-33  3.080000e-32  9.740000e-32  3.080000e-31  9.730000e-31  3.080000e-30  9.740000e-30  3.080000e-29  9.730000e-29  3.080000e-28  9.740000e-28  3.080000e-27  
241.358528  2.510000e-37  7.930000e-37  2.510000e-36  7.930000e-36  2.510000e-35  7.930000e-35  2.510000e-34  7.930000e-34  2.510000e-33  7.930000e-33  2.510000e-32  7.930000e-32  2.510000e-31  7.930000e-31  2.510000e-30  7.930000e-30  2.510000e-29  7.930000e-29  2.510000e-28  7.930000e-28  2.510000e-27  
252.971043  2.040000e-37  6.450000e-37  2.040000e-36  6.450000e-36  2.040000e-35  6.450000e-35  2.040000e-34  6.450000e-34  2.040000e-33  6.450000e-33  2.040000e-32  6.450000e-32  2.040000e-31  6.450000e-31  2.040000e-30  6.450000e-30  2.040000e-29  6.450000e-29  2.040000e-28  6.450000e-28  2.040000e-27  
265.142273  1.660000e-37  5.260000e-37  1.660000e-36  5.260000e-36  1.660000e-35  5.260000e-35  1.660000e-34  5.260000e-34  1.660000e-33  5.260000e-33  1.660000e-32  5.260000e-32  1.660000e-31  5.260000e-31  1.660000e-30  5.260000e-30  1.660000e-29  5.260000e-29  1.660000e-28  5.260000e-28  1.660000e-27  
277.899099  1.360000e-37  4.300000e-37  1.360000e-36  4.300000e-36  1.360000e-35  4.300000e-35  1.360000e-34  4.300000e-34  1.360000e-33  4.300000e-33  1.360000e-32  4.300000e-32  1.360000e-31  4.300000e-31  1.360000e-30  4.300000e-30  1.360000e-29  4.300000e-29  1.360000e-28  4.300000e-28  1.360000e-27  
291.269696  1.110000e-37  3.520000e-37  1.110000e-36  3.520000e-36  1.110000e-35  3.520000e-35  1.110000e-34  3.520000e-34  1.110000e-33  3.520000e-33  1.110000e-32  3.520000e-32  1.110000e-31  3.520000e-31  1.110000e-30  3.520000e-30  1.110000e-29  3.520000e-29  1.110000e-28  3.520000e-28  1.110000e-27  
305.283593  9.120000e-38  2.880000e-37  9.120000e-37  2.880000e-36  9.120000e-36  2.880000e-35  9.120000e-35  2.880000e-34  9.120000e-34  2.880000e-33  9.120000e-33  2.880000e-32  9.120000e-32  2.880000e-31  9.120000e-31  2.880000e-30  9.120000e-30  2.880000e-29  9.120000e-29  2.880000e-28  9.120000e-28  
319.971744  7.470000e-38  2.360000e-37  7.470000e-37  2.360000e-36  7.480000e-36  2.360000e-35  7.470000e-35  2.360000e-34  7.480000e-34  2.360000e-33  7.470000e-33  2.360000e-32  7.480000e-32  2.360000e-31  7.470000e-31  2.360000e-30  7.480000e-30  2.360000e-29  7.470000e-29  2.360000e-28  7.480000e-28  
335.366587  6.130000e-38  1.940000e-37  6.130000e-37  1.940000e-36  6.130000e-36  1.940000e-35  6.130000e-35  1.940000e-34  6.130000e-34  1.940000e-33  6.130000e-33  1.940000e-32  6.130000e-32  1.940000e-31  6.130000e-31  1.940000e-30  6.130000e-30  1.940000e-29  6.130000e-29  1.940000e-28  6.130000e-28  
351.502125  5.030000e-38  1.590000e-37  5.030000e-37  1.590000e-36  5.030000e-36  1.590000e-35  5.030000e-35  1.590000e-34  5.030000e-34  1.590000e-33  5.030000e-33  1.590000e-32  5.030000e-32  1.590000e-31  5.030000e-31  1.590000e-30  5.030000e-30  1.590000e-29  5.030000e-29  1.590000e-28  5.030000e-28  
368.413994  4.130000e-38  1.310000e-37  4.130000e-37  1.310000e-36  4.130000e-36  1.310000e-35  4.130000e-35  1.310000e-34  4.130000e-34  1.310000e-33  4.130000e-33  1.310000e-32  4.130000e-32  1.310000e-31  4.130000e-31  1.310000e-30  4.130000e-30  1.310000e-29  4.130000e-29  1.310000e-28  4.130000e-28  
386.139546  3.400000e-38  1.070000e-37  3.400000e-37  1.070000e-36  3.400000e-36  1.070000e-35  3.400000e-35  1.070000e-34  3.400000e-34  1.070000e-33  3.400000e-33  1.070000e-32  3.400000e-32  1.070000e-31  3.400000e-31  1.070000e-30  3.400000e-30  1.070000e-29  3.400000e-29  1.070000e-28  3.400000e-28  
404.717930  2.790000e-38  8.830000e-38  2.790000e-37  8.830000e-37  2.790000e-36  8.830000e-36  2.790000e-35  8.830000e-35  2.790000e-34  8.830000e-34  2.790000e-33  8.830000e-33  2.790000e-32  8.830000e-32  2.790000e-31  8.830000e-31  2.790000e-30  8.830000e-30  2.790000e-29  8.830000e-29  2.790000e-28  
424.190178  2.300000e-38  7.260000e-38  2.300000e-37  7.260000e-37  2.300000e-36  7.260000e-36  2.300000e-35  7.260000e-35  2.300000e-34  7.260000e-34  2.300000e-33  7.260000e-33  2.300000e-32  7.260000e-32  2.300000e-31  7.260000e-31  2.300000e-30  7.260000e-30  2.300000e-29  7.260000e-29  2.300000e-28  
444.599297  1.890000e-38  5.970000e-38  1.890000e-37  5.970000e-37  1.890000e-36  5.970000e-36  1.890000e-35  5.970000e-35  1.890000e-34  5.970000e-34  1.890000e-33  5.970000e-33  1.890000e-32  5.970000e-32  1.890000e-31  5.970000e-31  1.890000e-30  5.970000e-30  1.890000e-29  5.970000e-29  1.890000e-28  
465.990362  1.550000e-38  4.920000e-38  1.550000e-37  4.920000e-37  1.550000e-36  4.920000e-36  1.550000e-35  4.920000e-35  1.550000e-34  4.920000e-34  1.550000e-33  4.920000e-33  1.550000e-32  4.920000e-32  1.550000e-31  4.920000e-31  1.550000e-30  4.920000e-30  1.550000e-29  4.920000e-29  1.550000e-28  
488.410619  1.280000e-38  4.060000e-38  1.280000e-37  4.060000e-37  1.280000e-36  4.060000e-36  1.280000e-35  4.060000e-35  1.280000e-34  4.060000e-34  1.280000e-33  4.060000e-33  1.280000e-32  4.060000e-32  1.280000e-31  4.060000e-31  1.280000e-30  4.060000e-30  1.280000e-29  4.060000e-29  1.280000e-28  
511.909585  1.060000e-38  3.340000e-38  1.060000e-37  3.340000e-37  1.060000e-36  3.340000e-36  1.060000e-35  3.340000e-35  1.060000e-34  3.340000e-34  1.060000e-33  3.340000e-33  1.060000e-32  3.340000e-32  1.060000e-31  3.340000e-31  1.060000e-30  3.340000e-30  1.060000e-29  3.340000e-29  1.060000e-28  
536.539159  8.710000e-39  2.750000e-38  8.710000e-38  2.760000e-37  8.710000e-37  2.750000e-36  8.710000e-36  2.760000e-35  8.710000e-35  2.750000e-34  8.710000e-34  2.760000e-33  8.710000e-33  2.750000e-32  8.710000e-32  2.760000e-31  8.710000e-31  2.750000e-30  8.710000e-30  2.760000e-29  8.710000e-29  
562.353740  7.180000e-39  2.270000e-38  7.180000e-38  2.270000e-37  7.180000e-37  2.270000e-36  7.180000e-36  2.270000e-35  7.180000e-35  2.270000e-34  7.180000e-34  2.270000e-33  7.180000e-33  2.270000e-32  7.180000e-32  2.270000e-31  7.180000e-31  2.270000e-30  7.180000e-30  2.270000e-29  7.180000e-29  
589.410341  5.920000e-39  1.870000e-38  5.920000e-38  1.870000e-37  5.920000e-37  1.870000e-36  5.920000e-36  1.870000e-35  5.920000e-35  1.870000e-34  5.920000e-34  1.870000e-33  5.920000e-33  1.870000e-32  5.920000e-32  1.870000e-31  5.920000e-31  1.870000e-30  5.920000e-30  1.870000e-29  5.920000e-29  
617.768719  4.880000e-39  1.540000e-38  4.880000e-38  1.540000e-37  4.880000e-37  1.540000e-36  4.880000e-36  1.540000e-35  4.880000e-35  1.540000e-34  4.880000e-34  1.540000e-33  4.880000e-33  1.540000e-32  4.880000e-32  1.540000e-31  4.880000e-31  1.540000e-30  4.880000e-30  1.540000e-29  4.880000e-29  
647.491509  4.030000e-39  1.280000e-38  4.030000e-38  1.280000e-37  4.030000e-37  1.280000e-36  4.030000e-36  1.280000e-35  4.030000e-35  1.280000e-34  4.030000e-34  1.280000e-33  4.030000e-33  1.280000e-32  4.030000e-32  1.280000e-31  4.030000e-31  1.280000e-30  4.030000e-30  1.280000e-29  4.030000e-29  
678.644354  3.330000e-39  1.050000e-38  3.330000e-38  1.050000e-37  3.330000e-37  1.050000e-36  3.330000e-36  1.050000e-35  3.330000e-35  1.050000e-34  3.330000e-34  1.050000e-33  3.330000e-33  1.050000e-32  3.330000e-32  1.050000e-31  3.330000e-31  1.050000e-30  3.330000e-30  1.050000e-29  3.330000e-29  
711.296061  2.740000e-39  8.680000e-39  2.740000e-38  8.680000e-38  2.740000e-37  8.680000e-37  2.740000e-36  8.680000e-36  2.740000e-35  8.680000e-35  2.740000e-34  8.680000e-34  2.740000e-33  8.680000e-33  2.740000e-32  8.680000e-32  2.740000e-31  8.680000e-31  2.740000e-30  8.680000e-30  2.740000e-29  
745.518744  2.260000e-39  7.160000e-39  2.260000e-38  7.160000e-38  2.260000e-37  7.160000e-37  2.260000e-36  7.160000e-36  2.260000e-35  7.160000e-35  2.260000e-34  7.160000e-34  2.260000e-33  7.160000e-33  2.260000e-32  7.160000e-32  2.260000e-31  7.160000e-31  2.260000e-30  7.160000e-30  2.260000e-29  
781.387987  1.870000e-39  5.900000e-39  1.870000e-38  5.900000e-38  1.870000e-37  5.900000e-37  1.870000e-36  5.900000e-36  1.870000e-35  5.900000e-35  1.870000e-34  5.900000e-34  1.870000e-33  5.900000e-33  1.870000e-32  5.900000e-32  1.870000e-31  5.900000e-31  1.870000e-30  5.900000e-30  1.870000e-29  
818.983012  1.550000e-39  4.890000e-39  1.550000e-38  4.890000e-38  1.550000e-37  4.890000e-37  1.550000e-36  4.890000e-36  1.550000e-35  4.890000e-35  1.550000e-34  4.890000e-34  1.550000e-33  4.890000e-33  1.550000e-32  4.890000e-32  1.550000e-31  4.890000e-31  1.550000e-30  4.890000e-30  1.550000e-29  
858.386852  1.280000e-39  4.030000e-39  1.280000e-38  4.030000e-38  1.280000e-37  4.030000e-37  1.280000e-36  4.030000e-36  1.280000e-35  4.030000e-35  1.280000e-34  4.030000e-34  1.280000e-33  4.030000e-33  1.280000e-32  4.030000e-32  1.280000e-31  4.030000e-31  1.280000e-30  4.030000e-30  1.280000e-29  
899.686534  1.050000e-39  3.330000e-39  1.050000e-38  3.330000e-38  1.050000e-37  3.330000e-37  1.050000e-36  3.330000e-36  1.050000e-35  3.330000e-35  1.050000e-34  3.330000e-34  1.050000e-33  3.330000e-33  1.050000e-32  3.330000e-32  1.050000e-31  3.330000e-31  1.050000e-30  3.330000e-30  1.050000e-29  
942.973273  8.710000e-40  2.750000e-39  8.710000e-39  2.760000e-38  8.710000e-38  2.750000e-37  8.710000e-37  2.760000e-36  8.710000e-36  2.750000e-35  8.710000e-35  2.760000e-34  8.710000e-34  2.750000e-33  8.710000e-33  2.760000e-32  8.710000e-32  2.750000e-31  8.710000e-31  2.760000e-30  8.710000e-30  
988.342672  7.190000e-40  2.270000e-39  7.190000e-39  2.270000e-38  7.190000e-38  2.270000e-37  7.190000e-37  2.270000e-36  7.190000e-36  2.270000e-35  7.190000e-35  2.270000e-34  7.190000e-34  2.270000e-33  7.190000e-33  2.270000e-32  7.190000e-32  2.270000e-31  7.190000e-31  2.270000e-30  7.190000e-30  
1035.894940  5.940000e-40  1.880000e-39  5.930000e-39  1.880000e-38  5.940000e-38  1.880000e-37  5.930000e-37  1.880000e-36  5.940000e-36  1.880000e-35  5.930000e-35  1.880000e-34  5.940000e-34  1.880000e-33  5.930000e-33  1.880000e-32  5.940000e-32  1.880000e-31  5.930000e-31  1.880000e-30  5.940000e-30  
1085.735090  4.920000e-40  1.550000e-39  4.920000e-39  1.550000e-38  4.920000e-38  1.550000e-37  4.920000e-37  1.550000e-36  4.920000e-36  1.550000e-35  4.920000e-35  1.550000e-34  4.920000e-34  1.550000e-33  4.920000e-33  1.550000e-32  4.920000e-32  1.550000e-31  4.920000e-31  1.550000e-30  4.920000e-30  
1137.973210  4.060000e-40  1.280000e-39  4.060000e-39  1.280000e-38  4.060000e-38  1.280000e-37  4.060000e-37  1.280000e-36  4.060000e-36  1.280000e-35  4.060000e-35  1.280000e-34  4.060000e-34  1.280000e-33  4.060000e-33  1.280000e-32  4.060000e-32  1.280000e-31  4.060000e-31  1.280000e-30  4.060000e-30  
1192.724660  3.350000e-40  1.060000e-39  3.350000e-39  1.060000e-38  3.350000e-38  1.060000e-37  3.350000e-37  1.060000e-36  3.350000e-36  1.060000e-35  3.350000e-35  1.060000e-34  3.350000e-34  1.060000e-33  3.350000e-33  1.060000e-32  3.350000e-32  1.060000e-31  3.350000e-31  1.060000e-30  3.350000e-30  
1250.110390  2.770000e-40  8.770000e-40  2.770000e-39  8.770000e-39  2.770000e-38  8.770000e-38  2.770000e-37  8.770000e-37  2.770000e-36  8.770000e-36  2.770000e-35  8.770000e-35  2.770000e-34  8.770000e-34  2.770000e-33  8.770000e-33  2.770000e-32  8.770000e-32  2.770000e-31  8.770000e-31  2.770000e-30  
1310.257110  2.290000e-40  7.240000e-40  2.290000e-39  7.240000e-39  2.290000e-38  7.240000e-38  2.290000e-37  7.240000e-37  2.290000e-36  7.240000e-36  2.290000e-35  7.240000e-35  2.290000e-34  7.240000e-34  2.290000e-33  7.240000e-33  2.290000e-32  7.240000e-32  2.290000e-31  7.240000e-31  2.290000e-30  
1373.297690  1.890000e-40  5.980000e-40  1.890000e-39  5.980000e-39  1.890000e-38  5.980000e-38  1.890000e-37  5.980000e-37  1.890000e-36  5.980000e-36  1.890000e-35  5.980000e-35  1.890000e-34  5.980000e-34  1.890000e-33  5.980000e-33  1.890000e-32  5.980000e-32  1.890000e-31  5.980000e-31  1.890000e-30  
1439.371350  1.570000e-40  4.950000e-40  1.570000e-39  4.950000e-39  1.570000e-38  4.950000e-38  1.570000e-37  4.950000e-37  1.570000e-36  4.950000e-36  1.570000e-35  4.950000e-35  1.570000e-34  4.950000e-34  1.570000e-33  4.950000e-33  1.570000e-32  4.950000e-32  1.570000e-31  4.950000e-31  1.570000e-30  
1508.624010  1.290000e-40  4.090000e-40  1.290000e-39  4.090000e-39  1.290000e-38  4.090000e-38  1.290000e-37  4.090000e-37  1.290000e-36  4.090000e-36  1.290000e-35  4.090000e-35  1.290000e-34  4.090000e-34  1.290000e-33  4.090000e-33  1.290000e-32  4.090000e-32  1.290000e-31  4.090000e-31  1.290000e-30  
1581.208640  1.070000e-40  3.390000e-40  1.070000e-39  3.390000e-39  1.070000e-38  3.390000e-38  1.070000e-37  3.390000e-37  1.070000e-36  3.390000e-36  1.070000e-35  3.390000e-35  1.070000e-34  3.390000e-34  1.070000e-33  3.390000e-33  1.070000e-32  3.390000e-32  1.070000e-31  3.390000e-31  1.070000e-30  
1657.285550  8.850000e-41  2.800000e-40  8.850000e-40  2.800000e-39  8.850000e-39  2.800000e-38  8.850000e-38  2.800000e-37  8.850000e-37  2.800000e-36  8.850000e-36  2.800000e-35  8.850000e-35  2.800000e-34  8.850000e-34  2.800000e-33  8.850000e-33  2.800000e-32  8.850000e-32  2.800000e-31  8.850000e-31  
1737.022750  7.310000e-41  2.310000e-40  7.310000e-40  2.310000e-39  7.310000e-39  2.310000e-38  7.310000e-38  2.310000e-37  7.310000e-37  2.310000e-36  7.310000e-36  2.310000e-35  7.310000e-35  2.310000e-34  7.310000e-34  2.310000e-33  7.310000e-33  2.310000e-32  7.310000e-32  2.310000e-31  7.310000e-31  
1820.596360  6.050000e-41  1.910000e-40  6.050000e-40  1.910000e-39  6.050000e-39  1.910000e-38  6.050000e-38  1.910000e-37  6.050000e-37  1.910000e-36  6.050000e-36  1.910000e-35  6.050000e-35  1.910000e-34  6.050000e-34  1.910000e-33  6.050000e-33  1.910000e-32  6.050000e-32  1.910000e-31  6.050000e-31  
1908.190950  5.000000e-41  1.580000e-40  5.000000e-40  1.580000e-39  5.000000e-39  1.580000e-38  5.000000e-38  1.580000e-37  5.000000e-37  1.580000e-36  5.000000e-36  1.580000e-35  5.000000e-35  1.580000e-34  5.000000e-34  1.580000e-33  5.000000e-33  1.580000e-32  5.000000e-32  1.580000e-31  5.000000e-31  
2000.000000  4.140000e-41  1.310000e-40  4.140000e-40  1.310000e-39  4.140000e-39  1.310000e-38  4.140000e-38  1.310000e-37  4.140000e-37  1.310000e-36  4.140000e-36  1.310000e-35  4.140000e-35  1.310000e-34  4.140000e-34  1.310000e-33  4.140000e-33  1.310000e-32  4.140000e-32  1.310000e-31  4.140000e-31  
2096.226270  3.420000e-41  1.080000e-40  3.420000e-40  1.080000e-39  3.420000e-39  1.080000e-38  3.420000e-38  1.080000e-37  3.420000e-37  1.080000e-36  3.420000e-36  1.080000e-35  3.420000e-35  1.080000e-34  3.420000e-34  1.080000e-33  3.420000e-33  1.080000e-32  3.420000e-32  1.080000e-31  3.420000e-31  
2197.082280  2.830000e-41  8.960000e-41  2.830000e-40  8.960000e-40  2.830000e-39  8.960000e-39  2.830000e-38  8.960000e-38  2.830000e-37  8.960000e-37  2.830000e-36  8.960000e-36  2.830000e-35  8.960000e-35  2.830000e-34  8.960000e-34  2.830000e-33  8.960000e-33  2.830000e-32  8.960000e-32  2.830000e-31  
2302.790800  2.340000e-41  7.400000e-41  2.340000e-40  7.400000e-40  2.340000e-39  7.400000e-39  2.340000e-38  7.400000e-38  2.340000e-37  7.400000e-37  2.340000e-36  7.400000e-36  2.340000e-35  7.400000e-35  2.340000e-34  7.400000e-34  2.340000e-33  7.400000e-33  2.340000e-32  7.400000e-32  2.340000e-31  
2413.585280  1.940000e-41  6.130000e-41  1.940000e-40  6.130000e-40  1.940000e-39  6.130000e-39  1.940000e-38  6.130000e-38  1.940000e-37  6.130000e-37  1.940000e-36  6.130000e-36  1.940000e-35  6.130000e-35  1.940000e-34  6.130000e-34  1.940000e-33  6.130000e-33  1.940000e-32  6.130000e-32  1.940000e-31  
2529.710430  1.600000e-41  5.060000e-41  1.600000e-40  5.060000e-40  1.600000e-39  5.060000e-39  1.600000e-38  5.060000e-38  1.600000e-37  5.060000e-37  1.600000e-36  5.060000e-36  1.600000e-35  5.060000e-35  1.600000e-34  5.060000e-34  1.600000e-33  5.060000e-33  1.600000e-32  5.060000e-32  1.600000e-31  
2651.422730  1.330000e-41  4.190000e-41  1.330000e-40  4.190000e-40  1.330000e-39  4.190000e-39  1.330000e-38  4.190000e-38  1.330000e-37  4.190000e-37  1.330000e-36  4.190000e-36  1.330000e-35  4.190000e-35  1.330000e-34  4.190000e-34  1.330000e-33  4.190000e-33  1.330000e-32  4.190000e-32  1.330000e-31  
2778.990990  1.100000e-41  3.460000e-41  1.100000e-40  3.460000e-40  1.100000e-39  3.460000e-39  1.100000e-38  3.460000e-38  1.100000e-37  3.460000e-37  1.100000e-36  3.460000e-36  1.100000e-35  3.460000e-35  1.100000e-34  3.460000e-34  1.100000e-33  3.460000e-33  1.100000e-32  3.460000e-32  1.100000e-31  
2912.696950  9.080000e-42  2.870000e-41  9.080000e-41  2.870000e-40  9.080000e-40  2.870000e-39  9.080000e-39  2.870000e-38  9.080000e-38  2.870000e-37  9.080000e-37  2.870000e-36  9.080000e-36  2.870000e-35  9.080000e-35  2.870000e-34  9.080000e-34  2.870000e-33  9.080000e-33  2.870000e-32  9.080000e-32  
3052.835930  7.500000e-42  2.370000e-41  7.500000e-41  2.370000e-40  7.500000e-40  2.370000e-39  7.500000e-39  2.370000e-38  7.500000e-38  2.370000e-37  7.500000e-37  2.370000e-36  7.500000e-36  2.370000e-35  7.500000e-35  2.370000e-34  7.500000e-34  2.370000e-33  7.500000e-33  2.370000e-32  7.500000e-32  
3199.717440  6.210000e-42  1.960000e-41  6.210000e-41  1.960000e-40  6.210000e-40  1.960000e-39  6.210000e-39  1.960000e-38  6.210000e-38  1.960000e-37  6.210000e-37  1.960000e-36  6.210000e-36  1.960000e-35  6.210000e-35  1.960000e-34  6.210000e-34  1.960000e-33  6.210000e-33  1.960000e-32  6.210000e-32  
3353.665870  5.130000e-42  1.620000e-41  5.130000e-41  1.620000e-40  5.130000e-40  1.620000e-39  5.130000e-39  1.620000e-38  5.130000e-38  1.620000e-37  5.130000e-37  1.620000e-36  5.130000e-36  1.620000e-35  5.130000e-35  1.620000e-34  5.130000e-34  1.620000e-33  5.130000e-33  1.620000e-32  5.130000e-32  
3515.021250  4.250000e-42  1.340000e-41  4.250000e-41  1.340000e-40  4.250000e-40  1.340000e-39  4.250000e-39  1.340000e-38  4.250000e-38  1.340000e-37  4.250000e-37  1.340000e-36  4.250000e-36  1.340000e-35  4.250000e-35  1.340000e-34  4.250000e-34  1.340000e-33  4.250000e-33  1.340000e-32  4.250000e-32  
3684.139940  3.520000e-42  1.110000e-41  3.520000e-41  1.110000e-40  3.520000e-40  1.110000e-39  3.520000e-39  1.110000e-38  3.520000e-38  1.110000e-37  3.520000e-37  1.110000e-36  3.520000e-36  1.110000e-35  3.520000e-35  1.110000e-34  3.520000e-34  1.110000e-33  3.520000e-33  1.110000e-32  3.520000e-32  
3861.395460  2.910000e-42  9.200000e-42  2.910000e-41  9.200000e-41  2.910000e-40  9.200000e-40  2.910000e-39  9.200000e-39  2.910000e-38  9.200000e-38  2.910000e-37  9.200000e-37  2.910000e-36  9.200000e-36  2.910000e-35  9.200000e-35  2.910000e-34  9.200000e-34  2.910000e-33  9.200000e-33  2.910000e-32  
4047.179300  2.410000e-42  7.620000e-42  2.410000e-41  7.620000e-41  2.410000e-40  7.620000e-40  2.410000e-39  7.620000e-39  2.410000e-38  7.620000e-38  2.410000e-37  7.620000e-37  2.410000e-36  7.620000e-36  2.410000e-35  7.620000e-35  2.410000e-34  7.620000e-34  2.410000e-33  7.620000e-33  2.410000e-32  
4241.901780  1.990000e-42  6.290000e-42  1.990000e-41  6.290000e-41  1.990000e-40  6.290000e-40  1.990000e-39  6.290000e-39  1.990000e-38  6.290000e-38  1.990000e-37  6.290000e-37  1.990000e-36  6.290000e-36  1.990000e-35  6.290000e-35  1.990000e-34  6.290000e-34  1.990000e-33  6.290000e-33  1.990000e-32  
4445.992970  1.650000e-42  5.210000e-42  1.650000e-41  5.220000e-41  1.650000e-40  5.210000e-40  1.650000e-39  5.220000e-39  1.650000e-38  5.210000e-38  1.650000e-37  5.220000e-37  1.650000e-36  5.210000e-36  1.650000e-35  5.220000e-35  1.650000e-34  5.210000e-34  1.650000e-33  5.220000e-33  1.650000e-32  
4659.903620  1.370000e-42  4.320000e-42  1.370000e-41  4.320000e-41  1.370000e-40  4.320000e-40  1.370000e-39  4.320000e-39  1.370000e-38  4.320000e-38  1.370000e-37  4.320000e-37  1.370000e-36  4.320000e-36  1.370000e-35  4.320000e-35  1.370000e-34  4.320000e-34  1.370000e-33  4.320000e-33  1.370000e-32  
4884.106190  1.130000e-42  3.570000e-42  1.130000e-41  3.570000e-41  1.130000e-40  3.570000e-40  1.130000e-39  3.570000e-39  1.130000e-38  3.570000e-38  1.130000e-37  3.570000e-37  1.130000e-36  3.570000e-36  1.130000e-35  3.570000e-35  1.130000e-34  3.570000e-34  1.130000e-33  3.570000e-33  1.130000e-32  
5119.095850  9.350000e-43  2.960000e-42  9.350000e-42  2.960000e-41  9.350000e-41  2.960000e-40  9.350000e-40  2.960000e-39  9.350000e-39  2.960000e-38  9.350000e-38  2.960000e-37  9.350000e-37  2.960000e-36  9.350000e-36  2.960000e-35  9.350000e-35  2.960000e-34  9.350000e-34  2.960000e-33  9.350000e-33  
5365.391590  7.730000e-43  2.440000e-42  7.720000e-42  2.440000e-41  7.730000e-41  2.440000e-40  7.720000e-40  2.440000e-39  7.730000e-39  2.440000e-38  7.720000e-38  2.440000e-37  7.730000e-37  2.440000e-36  7.720000e-36  2.440000e-35  7.730000e-35  2.440000e-34  7.720000e-34  2.440000e-33  7.730000e-33  
5623.537400  6.400000e-43  2.020000e-42  6.400000e-42  2.020000e-41  6.400000e-41  2.020000e-40  6.400000e-40  2.020000e-39  6.400000e-39  2.020000e-38  6.400000e-38  2.020000e-37  6.400000e-37  2.020000e-36  6.400000e-36  2.020000e-35  6.400000e-35  2.020000e-34  6.400000e-34  2.020000e-33  6.400000e-33  
5894.103410  5.300000e-43  1.680000e-42  5.300000e-42  1.680000e-41  5.300000e-41  1.680000e-40  5.300000e-40  1.680000e-39  5.300000e-39  1.680000e-38  5.300000e-38  1.680000e-37  5.300000e-37  1.680000e-36  5.300000e-36  1.680000e-35  5.300000e-35  1.680000e-34  5.300000e-34  1.680000e-33  5.300000e-33  
6177.687190  4.380000e-43  1.380000e-42  4.380000e-42  1.390000e-41  4.380000e-41  1.380000e-40  4.380000e-40  1.390000e-39  4.380000e-39  1.380000e-38  4.380000e-38  1.390000e-37  4.380000e-37  1.380000e-36  4.380000e-36  1.390000e-35  4.380000e-35  1.380000e-34  4.380000e-34  1.390000e-33  4.380000e-33  
6474.915090  3.630000e-43  1.150000e-42  3.630000e-42  1.150000e-41  3.630000e-41  1.150000e-40  3.630000e-40  1.150000e-39  3.630000e-39  1.150000e-38  3.630000e-38  1.150000e-37  3.630000e-37  1.150000e-36  3.630000e-36  1.150000e-35  3.630000e-35  1.150000e-34  3.630000e-34  1.150000e-33  3.630000e-33  
6786.443540  3.010000e-43  9.510000e-43  3.010000e-42  9.510000e-42  3.010000e-41  9.510000e-41  3.010000e-40  9.510000e-40  3.010000e-39  9.510000e-39  3.010000e-38  9.510000e-38  3.010000e-37  9.510000e-37  3.010000e-36  9.510000e-36  3.010000e-35  9.510000e-35  3.010000e-34  9.510000e-34  3.010000e-33  
7112.960610  2.480000e-43  7.850000e-43  2.480000e-42  7.850000e-42  2.480000e-41  7.850000e-41  2.480000e-40  7.850000e-40  2.480000e-39  7.850000e-39  2.480000e-38  7.850000e-38  2.480000e-37  7.850000e-37  2.480000e-36  7.850000e-36  2.480000e-35  7.850000e-35  2.480000e-34  7.850000e-34  2.480000e-33  
7455.187440  2.060000e-43  6.510000e-43  2.060000e-42  6.510000e-42  2.060000e-41  6.510000e-41  2.060000e-40  6.510000e-40  2.060000e-39  6.510000e-39  2.060000e-38  6.510000e-38  2.060000e-37  6.510000e-37  2.060000e-36  6.510000e-36  2.060000e-35  6.510000e-35  2.060000e-34  6.510000e-34  2.060000e-33  
7813.879870  1.710000e-43  5.390000e-43  1.710000e-42  5.390000e-42  1.710000e-41  5.390000e-41  1.710000e-40  5.390000e-40  1.710000e-39  5.390000e-39  1.710000e-38  5.390000e-38  1.710000e-37  5.390000e-37  1.710000e-36  5.390000e-36  1.710000e-35  5.390000e-35  1.710000e-34  5.390000e-34  1.710000e-33  
8189.830120  1.410000e-43  4.450000e-43  1.410000e-42  4.450000e-42  1.410000e-41  4.450000e-41  1.410000e-40  4.450000e-40  1.410000e-39  4.450000e-39  1.410000e-38  4.450000e-38  1.410000e-37  4.450000e-37  1.410000e-36  4.450000e-36  1.410000e-35  4.450000e-35  1.410000e-34  4.450000e-34  1.410000e-33  
8583.868520  1.170000e-43  3.690000e-43  1.170000e-42  3.690000e-42  1.170000e-41  3.690000e-41  1.170000e-40  3.690000e-40  1.170000e-39  3.690000e-39  1.170000e-38  3.690000e-38  1.170000e-37  3.690000e-37  1.170000e-36  3.690000e-36  1.170000e-35  3.690000e-35  1.170000e-34  3.690000e-34  1.170000e-33  
8996.865340  9.670000e-44  3.060000e-43  9.670000e-43  3.060000e-42  9.670000e-42  3.060000e-41  9.670000e-41  3.060000e-40  9.670000e-40  3.060000e-39  9.670000e-39  3.060000e-38  9.670000e-38  3.060000e-37  9.670000e-37  3.060000e-36  9.670000e-36  3.060000e-35  9.670000e-35  3.060000e-34  9.670000e-34  
9429.732730  7.990000e-44  2.530000e-43  7.990000e-43  2.530000e-42  7.990000e-42  2.530000e-41  7.990000e-41  2.530000e-40  7.990000e-40  2.530000e-39  7.990000e-39  2.530000e-38  7.990000e-38  2.530000e-37  7.990000e-37  2.530000e-36  7.990000e-36  2.530000e-35  7.990000e-35  2.530000e-34  7.990000e-34  
9883.426720  6.620000e-44  2.090000e-43  6.620000e-43  2.090000e-42  6.620000e-42  2.090000e-41  6.620000e-41  2.090000e-40  6.620000e-40  2.090000e-39  6.620000e-39  2.090000e-38  6.620000e-38  2.090000e-37  6.620000e-37  2.090000e-36  6.620000e-36  2.090000e-35  6.620000e-35  2.090000e-34  6.620000e-34  
10358.949400  5.490000e-44  1.730000e-43  5.480000e-43  1.730000e-42  5.490000e-42  1.730000e-41  5.480000e-41  1.730000e-40  5.490000e-40  1.730000e-39  5.480000e-39  1.730000e-38  5.490000e-38  1.730000e-37  5.480000e-37  1.730000e-36  5.490000e-36  1.730000e-35  5.480000e-35  1.730000e-34  5.490000e-34  
10857.350900  4.530000e-44  1.430000e-43  4.530000e-43  1.430000e-42  4.530000e-42  1.430000e-41  4.530000e-41  1.430000e-40  4.530000e-40  1.430000e-39  4.530000e-39  1.430000e-38  4.530000e-38  1.430000e-37  4.530000e-37  1.430000e-36  4.530000e-36  1.430000e-35  4.530000e-35  1.430000e-34  4.530000e-34  
11379.732100  3.750000e-44  1.190000e-43  3.750000e-43  1.190000e-42  3.750000e-42  1.190000e-41  3.750000e-41  1.190000e-40  3.750000e-40  1.190000e-39  3.750000e-39  1.190000e-38  3.750000e-38  1.190000e-37  3.750000e-37  1.190000e-36  3.750000e-36  1.190000e-35  3.750000e-35  1.190000e-34  3.750000e-34  
11927.246600  3.110000e-44  9.830000e-44  3.110000e-43  9.840000e-43  3.110000e-42  9.830000e-42  3.110000e-41  9.840000e-41  3.110000e-40  9.830000e-40  3.110000e-39  9.840000e-39  3.110000e-38  9.830000e-38  3.110000e-37  9.840000e-37  3.110000e-36  9.830000e-36  3.110000e-35  9.840000e-35  3.110000e-34  
12501.103900  2.580000e-44  8.150000e-44  2.580000e-43  8.150000e-43  2.580000e-42  8.150000e-42  2.580000e-41  8.150000e-41  2.580000e-40  8.150000e-40  2.580000e-39  8.150000e-39  2.580000e-38  8.150000e-38  2.580000e-37  8.150000e-37  2.580000e-36  8.150000e-36  2.580000e-35  8.150000e-35  2.580000e-34  
13102.571100  2.130000e-44  6.730000e-44  2.130000e-43  6.730000e-43  2.130000e-42  6.730000e-42  2.130000e-41  6.730000e-41  2.130000e-40  6.730000e-40  2.130000e-39  6.730000e-39  2.130000e-38  6.730000e-38  2.130000e-37  6.730000e-37  2.130000e-36  6.730000e-36  2.130000e-35  6.730000e-35  2.130000e-34  
13732.976900  1.760000e-44  5.580000e-44  1.760000e-43  5.580000e-43  1.760000e-42  5.580000e-42  1.760000e-41  5.580000e-41  1.760000e-40  5.580000e-40  1.760000e-39  5.580000e-39  1.760000e-38  5.580000e-38  1.760000e-37  5.580000e-37  1.760000e-36  5.580000e-36  1.760000e-35  5.580000e-35  1.760000e-34  
14393.713500  1.460000e-44  4.620000e-44  1.460000e-43  4.620000e-43  1.460000e-42  4.620000e-42  1.460000e-41  4.620000e-41  1.460000e-40  4.620000e-40  1.460000e-39  4.620000e-39  1.460000e-38  4.620000e-38  1.460000e-37  4.620000e-37  1.460000e-36  4.620000e-36  1.460000e-35  4.620000e-35  1.460000e-34  
15086.240100  1.210000e-44  3.820000e-44  1.210000e-43  3.820000e-43  1.210000e-42  3.820000e-42  1.210000e-41  3.820000e-41  1.210000e-40  3.820000e-40  1.210000e-39  3.820000e-39  1.210000e-38  3.820000e-38  1.210000e-37  3.820000e-37  1.210000e-36  3.820000e-36  1.210000e-35  3.820000e-35  1.210000e-34  
15812.086400  1.000000e-44  3.160000e-44  1.000000e-43  3.160000e-43  1.000000e-42  3.160000e-42  1.000000e-41  3.160000e-41  1.000000e-40  3.160000e-40  1.000000e-39  3.160000e-39  1.000000e-38  3.160000e-38  1.000000e-37  3.160000e-37  1.000000e-36  3.160000e-36  1.000000e-35  3.160000e-35  1.000000e-34  
16572.855500  8.290000e-45  2.620000e-44  8.290000e-44  2.620000e-43  8.290000e-43  2.620000e-42  8.290000e-42  2.620000e-41  8.290000e-41  2.620000e-40  8.290000e-40  2.620000e-39  8.290000e-39  2.620000e-38  8.290000e-38  2.620000e-37  8.290000e-37  2.620000e-36  8.290000e-36  2.620000e-35  8.290000e-35  
17370.227500  6.870000e-45  2.170000e-44  6.870000e-44  2.170000e-43  6.870000e-43  2.170000e-42  6.870000e-42  2.170000e-41  6.870000e-41  2.170000e-40  6.870000e-40  2.170000e-39  6.870000e-39  2.170000e-38  6.870000e-38  2.170000e-37  6.870000e-37  2.170000e-36  6.870000e-36  2.170000e-35  6.870000e-35  
18205.963600  5.670000e-45  1.790000e-44  5.670000e-44  1.790000e-43  5.670000e-43  1.790000e-42  5.670000e-42  1.790000e-41  5.670000e-41  1.790000e-40  5.670000e-40  1.790000e-39  5.670000e-39  1.790000e-38  5.670000e-38  1.790000e-37  5.670000e-37  1.790000e-36  5.670000e-36  1.790000e-35  5.670000e-35  
19081.909500  4.700000e-45  1.490000e-44  4.700000e-44  1.490000e-43  4.700000e-43  1.490000e-42  4.700000e-42  1.490000e-41  4.700000e-41  1.490000e-40  4.700000e-40  1.490000e-39  4.700000e-39  1.490000e-38  4.700000e-38  1.490000e-37  4.700000e-37  1.490000e-36  4.700000e-36  1.490000e-35  4.700000e-35  
