2.000000  1.000000e-50  1.000000e-50  1.000000e-50  1.000000e-50  1.000000e-50  1.000000e-50  1.000000e-50  1.000000e-50  1.000000e-50  1.000000e-50  1.000000e-50  1.000000e-50  1.000000e-50  1.000000e-50  1.000000e-50  1.000000e-50  1.000000e-50  1.000000e-50  1.000000e-50  1.000000e-50  1.000000e-50  
2.096226  1.000000e-50  1.000000e-50  1.000000e-50  1.000000e-50  1.000000e-50  1.000000e-50  1.000000e-50  1.000000e-50  1.000000e-50  1.000000e-50  1.000000e-50  1.000000e-50  1.000000e-50  1.000000e-50  1.000000e-50  1.000000e-50  1.000000e-50  1.000000e-50  1.000000e-50  1.000000e-50  1.000000e-50  
2.197082  1.000000e-50  1.000000e-50  1.000000e-50  1.000000e-50  1.000000e-50  1.000000e-50  1.000000e-50  1.000000e-50  1.000000e-50  1.000000e-50  1.000000e-50  1.000000e-50  1.000000e-50  1.000000e-50  1.000000e-50  1.000000e-50  1.000000e-50  1.000000e-50  1.000000e-50  1.000000e-50  1.000000e-50  
2.302791  1.000000e-50  1.000000e-50  1.000000e-50  1.000000e-50  1.000000e-50  1.000000e-50  1.000000e-50  1.000000e-50  1.000000e-50  1.000000e-50  1.000000e-50  1.000000e-50  1.000000e-50  1.000000e-50  1.000000e-50  1.000000e-50  1.000000e-50  1.000000e-50  1.000000e-50  1.000000e-50  1.000000e-50  
2.413585  1.000000e-50  1.000000e-50  1.000000e-50  1.000000e-50  1.000000e-50  1.000000e-50  1.000000e-50  1.000000e-50  1.000000e-50  1.000000e-50  1.000000e-50  1.000000e-50  1.000000e-50  1.000000e-50  1.000000e-50  1.000000e-50  1.000000e-50  1.000000e-50  1.000000e-50  1.000000e-50  1.000000e-50  
2.529710  1.000000e-50  1.000000e-50  1.000000e-50  1.000000e-50  1.000000e-50  1.000000e-50  1.000000e-50  1.000000e-50  1.000000e-50  1.000000e-50  1.000000e-50  1.000000e-50  1.000000e-50  1.000000e-50  1.000000e-50  1.000000e-50  1.000000e-50  1.000000e-50  1.000000e-50  1.000000e-50  1.000000e-50  
2.651423  1.000000e-50  1.000000e-50  1.000000e-50  1.000000e-50  1.000000e-50  1.000000e-50  1.000000e-50  1.000000e-50  1.000000e-50  1.000000e-50  1.000000e-50  1.000000e-50  1.000000e-50  1.000000e-50  1.000000e-50  1.000000e-50  1.000000e-50  1.000000e-50  1.000000e-50  1.000000e-50  1.000000e-50  
2.778991  1.000000e-50  1.000000e-50  1.000000e-50  1.000000e-50  1.000000e-50  1.000000e-50  1.000000e-50  1.000000e-50  1.000000e-50  1.000000e-50  1.000000e-50  1.000000e-50  1.000000e-50  1.000000e-50  1.000000e-50  1.000000e-50  1.000000e-50  1.000000e-50  1.000000e-50  1.000000e-50  1.000000e-50  
2.912697  1.000000e-50  1.000000e-50  1.000000e-50  1.000000e-50  1.000000e-50  1.000000e-50  1.000000e-50  1.000000e-50  1.000000e-50  1.000000e-50  1.000000e-50  1.000000e-50  1.000000e-50  1.000000e-50  1.000000e-50  1.000000e-50  1.000000e-50  1.000000e-50  1.000000e-50  1.000000e-50  1.000000e-50  
3.052836  1.000000e-50  1.000000e-50  1.000000e-50  1.000000e-50  1.000000e-50  1.000000e-50  1.000000e-50  1.000000e-50  1.000000e-50  1.000000e-50  1.000000e-50  1.000000e-50  1.000000e-50  1.000000e-50  1.000000e-50  1.000000e-50  1.000000e-50  1.000000e-50  1.000000e-50  1.000000e-50  1.000000e-50  
3.199717  1.000000e-50  1.000000e-50  1.000000e-50  1.000000e-50  1.000000e-50  1.000000e-50  1.000000e-50  1.000000e-50  1.000000e-50  1.000000e-50  1.000000e-50  1.000000e-50  1.000000e-50  1.000000e-50  1.000000e-50  1.000000e-50  1.000000e-50  1.000000e-50  1.000000e-50  1.000000e-50  1.000000e-50  
3.353666  1.000000e-50  1.000000e-50  1.000000e-50  1.000000e-50  1.000000e-50  1.000000e-50  1.000000e-50  1.000000e-50  1.000000e-50  1.000000e-50  1.000000e-50  1.000000e-50  1.000000e-50  1.000000e-50  1.000000e-50  1.000000e-50  1.000000e-50  1.000000e-50  1.000000e-50  1.000000e-50  1.000000e-50  
3.515021  1.000000e-50  1.000000e-50  1.000000e-50  1.000000e-50  1.000000e-50  1.000000e-50  1.000000e-50  1.000000e-50  1.000000e-50  1.000000e-50  1.000000e-50  1.000000e-50  1.000000e-50  1.000000e-50  1.000000e-50  1.000000e-50  1.000000e-50  1.000000e-50  1.000000e-50  1.000000e-50  1.000000e-50  
3.684140  1.000000e-50  1.000000e-50  1.000000e-50  1.000000e-50  1.000000e-50  1.000000e-50  1.000000e-50  1.000000e-50  1.000000e-50  1.000000e-50  1.000000e-50  1.000000e-50  1.000000e-50  1.000000e-50  1.000000e-50  1.000000e-50  1.000000e-50  1.000000e-50  1.000000e-50  1.000000e-50  1.000000e-50  
3.861395  1.000000e-50  1.000000e-50  1.000000e-50  1.000000e-50  1.000000e-50  1.000000e-50  1.000000e-50  1.000000e-50  1.000000e-50  1.000000e-50  1.000000e-50  1.000000e-50  1.000000e-50  1.000000e-50  1.000000e-50  1.000000e-50  1.000000e-50  1.000000e-50  1.000000e-50  1.000000e-50  1.000000e-50  
4.047179  1.000000e-50  1.000000e-50  1.000000e-50  1.000000e-50  1.000000e-50  1.000000e-50  1.000000e-50  1.000000e-50  1.000000e-50  1.000000e-50  1.000000e-50  1.000000e-50  1.000000e-50  1.000000e-50  1.000000e-50  1.000000e-50  1.000000e-50  1.000000e-50  1.000000e-50  1.000000e-50  1.000000e-50  
4.241902  1.000000e-50  1.000000e-50  1.000000e-50  1.000000e-50  1.000000e-50  1.000000e-50  1.000000e-50  1.000000e-50  1.000000e-50  1.000000e-50  1.000000e-50  1.000000e-50  1.000000e-50  1.000000e-50  1.000000e-50  1.000000e-50  1.000000e-50  1.000000e-50  1.000000e-50  1.000000e-50  1.000000e-50  
4.445993  1.000000e-50  1.000000e-50  1.000000e-50  1.000000e-50  1.000000e-50  1.000000e-50  1.000000e-50  1.000000e-50  1.000000e-50  1.000000e-50  1.000000e-50  1.000000e-50  1.000000e-50  1.000000e-50  1.000000e-50  1.000000e-50  1.000000e-50  1.000000e-50  1.000000e-50  1.000000e-50  1.000000e-50  
4.659904  1.000000e-50  1.000000e-50  1.000000e-50  1.000000e-50  1.000000e-50  1.000000e-50  1.000000e-50  1.000000e-50  1.000000e-50  1.000000e-50  1.000000e-50  1.000000e-50  1.000000e-50  1.000000e-50  1.000000e-50  1.000000e-50  1.000000e-50  1.000000e-50  1.000000e-50  1.000000e-50  1.000000e-50  
4.884106  1.000000e-50  1.000000e-50  1.000000e-50  1.000000e-50  1.000000e-50  1.000000e-50  1.000000e-50  1.000000e-50  1.000000e-50  1.000000e-50  1.000000e-50  1.000000e-50  1.000000e-50  1.000000e-50  1.000000e-50  1.000000e-50  1.000000e-50  1.000000e-50  1.000000e-50  1.000000e-50  1.000000e-50  
5.119096  1.000000e-50  1.000000e-50  1.000000e-50  1.000000e-50  1.000000e-50  1.000000e-50  1.000000e-50  1.000000e-50  1.000000e-50  1.000000e-50  1.000000e-50  1.000000e-50  1.000000e-50  1.000000e-50  1.000000e-50  1.000000e-50  1.000000e-50  1.000000e-50  1.000000e-50  1.000000e-50  1.000000e-50  
5.365392  1.000000e-50  1.000000e-50  1.000000e-50  1.000000e-50  1.000000e-50  1.000000e-50  1.000000e-50  1.000000e-50  1.000000e-50  1.000000e-50  1.000000e-50  1.000000e-50  1.000000e-50  1.000000e-50  1.000000e-50  1.000000e-50  1.000000e-50  1.000000e-50  1.000000e-50  1.000000e-50  1.000000e-50  
5.623537  1.000000e-50  1.000000e-50  1.000000e-50  1.000000e-50  1.000000e-50  1.000000e-50  1.000000e-50  1.000000e-50  1.000000e-50  1.000000e-50  1.000000e-50  1.000000e-50  1.000000e-50  1.000000e-50  1.000000e-50  1.000000e-50  1.000000e-50  1.000000e-50  1.000000e-50  1.000000e-50  1.000000e-50  
5.894103  1.000000e-50  1.000000e-50  1.000000e-50  1.000000e-50  1.000000e-50  1.000000e-50  1.000000e-50  1.000000e-50  1.000000e-50  1.000000e-50  1.000000e-50  1.000000e-50  1.000000e-50  1.000000e-50  1.000000e-50  1.000000e-50  1.000000e-50  1.000000e-50  1.000000e-50  1.000000e-50  1.000000e-50  
6.177687  1.000000e-50  1.000000e-50  1.000000e-50  1.000000e-50  1.000000e-50  1.000000e-50  1.000000e-50  1.000000e-50  1.000000e-50  1.000000e-50  1.000000e-50  1.000000e-50  1.000000e-50  1.000000e-50  1.000000e-50  1.000000e-50  1.000000e-50  1.000000e-50  1.000000e-50  1.000000e-50  1.000000e-50  
6.474915  1.000000e-50  1.000000e-50  1.000000e-50  1.000000e-50  1.000000e-50  1.000000e-50  1.000000e-50  1.000000e-50  1.000000e-50  1.000000e-50  1.000000e-50  1.000000e-50  1.000000e-50  1.000000e-50  1.000000e-50  1.000000e-50  1.000000e-50  1.000000e-50  1.000000e-50  1.000000e-50  1.000000e-50  
6.786444  1.000000e-50  1.000000e-50  1.000000e-50  1.000000e-50  1.000000e-50  1.000000e-50  1.000000e-50  1.000000e-50  1.000000e-50  1.000000e-50  1.000000e-50  1.000000e-50  1.000000e-50  1.000000e-50  1.000000e-50  1.000000e-50  1.000000e-50  1.000000e-50  1.000000e-50  1.000000e-50  1.000000e-50  
7.112961  1.000000e-50  1.000000e-50  1.000000e-50  1.000000e-50  1.000000e-50  1.000000e-50  1.000000e-50  1.000000e-50  1.000000e-50  1.000000e-50  1.000000e-50  1.000000e-50  1.000000e-50  1.000000e-50  1.000000e-50  1.000000e-50  1.000000e-50  1.000000e-50  1.000000e-50  1.000000e-50  1.000000e-50  
7.455187  1.000000e-50  1.000000e-50  1.000000e-50  1.000000e-50  1.000000e-50  1.000000e-50  1.000000e-50  1.000000e-50  1.000000e-50  1.000000e-50  1.000000e-50  1.000000e-50  1.000000e-50  1.000000e-50  1.000000e-50  1.000000e-50  1.000000e-50  1.000000e-50  1.000000e-50  1.000000e-50  1.000000e-50  
7.813880  1.000000e-50  1.000000e-50  1.000000e-50  1.000000e-50  1.000000e-50  1.000000e-50  1.000000e-50  1.000000e-50  1.000000e-50  1.000000e-50  1.000000e-50  1.000000e-50  1.000000e-50  1.000000e-50  1.000000e-50  1.000000e-50  1.000000e-50  1.000000e-50  1.000000e-50  1.000000e-50  1.000000e-50  
8.189830  1.000000e-50  1.000000e-50  1.000000e-50  1.000000e-50  1.000000e-50  1.000000e-50  1.000000e-50  1.000000e-50  1.000000e-50  1.000000e-50  1.000000e-50  1.000000e-50  1.000000e-50  1.000000e-50  1.000000e-50  1.000000e-50  1.000000e-50  1.000000e-50  1.000000e-50  1.000000e-50  1.000000e-50  
8.583869  1.000000e-50  1.000000e-50  1.000000e-50  1.000000e-50  1.000000e-50  1.000000e-50  1.000000e-50  1.000000e-50  1.000000e-50  1.000000e-50  1.000000e-50  1.000000e-50  1.000000e-50  1.000000e-50  1.000000e-50  1.000000e-50  1.000000e-50  1.000000e-50  1.000000e-50  1.000000e-50  1.000000e-50  
8.996865  1.000000e-50  1.000000e-50  1.000000e-50  1.000000e-50  1.000000e-50  1.000000e-50  1.000000e-50  1.000000e-50  1.000000e-50  1.000000e-50  1.000000e-50  1.000000e-50  1.000000e-50  1.000000e-50  1.000000e-50  1.000000e-50  1.000000e-50  1.000000e-50  1.000000e-50  1.000000e-50  1.000000e-50  
9.429733  1.000000e-50  1.000000e-50  1.000000e-50  1.000000e-50  1.000000e-50  1.000000e-50  1.000000e-50  1.000000e-50  1.000000e-50  1.000000e-50  1.000000e-50  1.000000e-50  1.000000e-50  1.000000e-50  1.000000e-50  1.000000e-50  1.000000e-50  1.000000e-50  1.000000e-50  1.000000e-50  1.000000e-50  
9.883427  1.000000e-50  1.000000e-50  1.000000e-50  1.000000e-50  1.000000e-50  1.000000e-50  1.000000e-50  1.000000e-50  1.000000e-50  1.000000e-50  1.000000e-50  1.000000e-50  1.000000e-50  1.000000e-50  1.000000e-50  1.000000e-50  1.000000e-50  1.000000e-50  1.000000e-50  1.000000e-50  1.000000e-50  
10.358949  1.000000e-50  1.000000e-50  1.000000e-50  1.000000e-50  1.000000e-50  1.000000e-50  1.000000e-50  1.000000e-50  1.000000e-50  1.000000e-50  1.000000e-50  1.000000e-50  1.000000e-50  1.000000e-50  1.000000e-50  1.000000e-50  1.000000e-50  1.000000e-50  1.000000e-50  1.000000e-50  1.000000e-50  
10.857351  1.000000e-50  1.000000e-50  1.000000e-50  1.000000e-50  1.000000e-50  1.000000e-50  1.000000e-50  1.000000e-50  1.000000e-50  1.000000e-50  1.000000e-50  1.000000e-50  1.000000e-50  1.000000e-50  1.000000e-50  1.000000e-50  1.000000e-50  1.000000e-50  1.000000e-50  1.000000e-50  1.000000e-50  
11.379732  1.000000e-50  1.000000e-50  1.000000e-50  1.000000e-50  1.000000e-50  1.000000e-50  1.000000e-50  1.000000e-50  1.000000e-50  1.000000e-50  1.000000e-50  1.000000e-50  1.000000e-50  1.000000e-50  1.000000e-50  1.000000e-50  1.000000e-50  1.000000e-50  1.000000e-50  1.000000e-50  1.000000e-50  
11.927247  1.000000e-50  1.000000e-50  1.000000e-50  1.000000e-50  1.000000e-50  1.000000e-50  1.000000e-50  1.000000e-50  1.000000e-50  1.000000e-50  1.000000e-50  1.000000e-50  1.000000e-50  1.000000e-50  1.000000e-50  1.000000e-50  1.000000e-50  1.000000e-50  1.000000e-50  1.000000e-50  1.000000e-50  
12.501104  1.000000e-50  1.000000e-50  1.000000e-50  1.000000e-50  1.000000e-50  1.000000e-50  1.000000e-50  1.000000e-50  1.000000e-50  1.000000e-50  1.000000e-50  1.000000e-50  1.000000e-50  1.000000e-50  1.000000e-50  1.000000e-50  1.000000e-50  1.000000e-50  1.000000e-50  1.000000e-50  1.000000e-50  
13.102571  1.000000e-50  1.000000e-50  1.000000e-50  1.000000e-50  1.000000e-50  1.000000e-50  1.000000e-50  1.000000e-50  1.000000e-50  1.000000e-50  1.000000e-50  1.000000e-50  1.000000e-50  1.000000e-50  1.000000e-50  1.000000e-50  1.000000e-50  1.000000e-50  1.000000e-50  1.000000e-50  1.000000e-50  
13.732977  1.000000e-50  1.000000e-50  1.000000e-50  1.000000e-50  1.000000e-50  1.000000e-50  1.000000e-50  1.000000e-50  1.000000e-50  1.000000e-50  1.000000e-50  1.000000e-50  1.000000e-50  1.000000e-50  1.000000e-50  1.000000e-50  1.000000e-50  1.000000e-50  1.000000e-50  1.000000e-50  1.000000e-50  
14.393714  1.000000e-50  1.000000e-50  1.000000e-50  1.000000e-50  1.000000e-50  1.000000e-50  1.000000e-50  1.000000e-50  1.000000e-50  1.000000e-50  1.000000e-50  1.000000e-50  1.000000e-50  1.000000e-50  1.000000e-50  1.000000e-50  1.000000e-50  1.000000e-50  1.000000e-50  1.000000e-50  1.000000e-50  
15.086240  1.000000e-50  1.000000e-50  1.000000e-50  1.000000e-50  1.000000e-50  1.000000e-50  1.000000e-50  1.000000e-50  1.000000e-50  1.000000e-50  1.000000e-50  1.000000e-50  1.000000e-50  1.000000e-50  1.000000e-50  1.000000e-50  1.000000e-50  1.000000e-50  1.000000e-50  1.000000e-50  1.000000e-50  
15.812086  1.000000e-50  1.000000e-50  1.000000e-50  1.000000e-50  1.000000e-50  1.000000e-50  1.000000e-50  1.000000e-50  1.000000e-50  1.000000e-50  1.000000e-50  1.000000e-50  1.000000e-50  1.000000e-50  1.000000e-50  1.000000e-50  1.000000e-50  1.000000e-50  1.000000e-50  1.000000e-50  1.000000e-50  
16.572855  1.000000e-50  1.000000e-50  1.000000e-50  1.000000e-50  1.000000e-50  1.000000e-50  1.000000e-50  1.000000e-50  1.000000e-50  1.000000e-50  1.000000e-50  1.000000e-50  1.000000e-50  1.000000e-50  1.000000e-50  1.000000e-50  1.000000e-50  1.000000e-50  1.000000e-50  1.000000e-50  1.000000e-50  
17.370227  1.000000e-50  1.000000e-50  1.000000e-50  1.000000e-50  1.000000e-50  1.000000e-50  1.000000e-50  1.000000e-50  1.000000e-50  1.000000e-50  1.000000e-50  1.000000e-50  1.000000e-50  1.000000e-50  1.000000e-50  1.000000e-50  1.000000e-50  1.000000e-50  1.000000e-50  1.000000e-50  1.000000e-50  
18.205964  1.000000e-50  1.000000e-50  1.000000e-50  1.000000e-50  1.000000e-50  1.000000e-50  1.000000e-50  1.000000e-50  1.000000e-50  1.000000e-50  1.000000e-50  1.000000e-50  1.000000e-50  1.000000e-50  1.000000e-50  1.000000e-50  1.000000e-50  1.000000e-50  1.000000e-50  1.000000e-50  1.000000e-50  
19.081909  1.000000e-50  1.000000e-50  1.000000e-50  1.000000e-50  1.000000e-50  1.000000e-50  1.000000e-50  1.000000e-50  1.000000e-50  1.000000e-50  1.000000e-50  1.000000e-50  1.000000e-50  1.000000e-50  1.000000e-50  1.000000e-50  1.000000e-50  1.000000e-50  1.000000e-50  1.000000e-50  1.000000e-50  
20.000000  1.000000e-50  1.000000e-50  1.000000e-50  1.000000e-50  1.000000e-50  1.000000e-50  1.000000e-50  1.000000e-50  1.000000e-50  1.000000e-50  1.000000e-50  1.000000e-50  1.000000e-50  1.000000e-50  1.000000e-50  1.000000e-50  1.000000e-50  1.000000e-50  1.000000e-50  1.000000e-50  1.000000e-50  
20.470620  1.000000e-50  1.000000e-50  1.000000e-50  1.000000e-50  1.000000e-50  1.000000e-50  1.000000e-50  1.000000e-50  1.000000e-50  1.000000e-50  1.000000e-50  1.000000e-50  1.000000e-50  1.000000e-50  1.000000e-50  1.000000e-50  1.000000e-50  1.000000e-50  1.000000e-50  1.000000e-50  1.000000e-50  
20.952315  1.000000e-50  1.000000e-50  1.000000e-50  1.000000e-50  1.000000e-50  1.000000e-50  1.000000e-50  1.000000e-50  1.000000e-50  1.000000e-50  1.000000e-50  1.000000e-50  1.000000e-50  1.000000e-50  1.000000e-50  1.000000e-50  1.000000e-50  1.000000e-50  1.000000e-50  1.000000e-50  1.000000e-50  
21.445344  1.000000e-50  1.000000e-50  1.000000e-50  1.000000e-50  1.000000e-50  1.000000e-50  1.000000e-50  1.000000e-50  1.000000e-50  1.000000e-50  1.000000e-50  1.000000e-50  1.000000e-50  1.000000e-50  1.000000e-50  1.000000e-50  1.000000e-50  1.000000e-50  1.000000e-50  1.000000e-50  1.000000e-50  
21.949975  1.000000e-50  1.000000e-50  1.000000e-50  1.000000e-50  1.000000e-50  1.000000e-50  1.000000e-50  1.000000e-50  1.000000e-50  1.000000e-50  1.000000e-50  1.000000e-50  1.000000e-50  1.000000e-50  1.000000e-50  1.000000e-50  1.000000e-50  1.000000e-50  1.000000e-50  1.000000e-50  1.000000e-50  
22.466481  1.000000e-50  1.000000e-50  1.000000e-50  1.000000e-50  1.000000e-50  1.000000e-50  1.000000e-50  1.000000e-50  1.000000e-50  1.000000e-50  1.000000e-50  1.000000e-50  1.000000e-50  1.000000e-50  1.000000e-50  1.000000e-50  1.000000e-50  1.000000e-50  1.000000e-50  1.000000e-50  1.000000e-50  
22.995140  1.000000e-50  1.000000e-50  1.000000e-50  1.000000e-50  1.000000e-50  1.000000e-50  1.000000e-50  1.000000e-50  1.000000e-50  1.000000e-50  1.000000e-50  1.000000e-50  1.000000e-50  1.000000e-50  1.000000e-50  1.000000e-50  1.000000e-50  1.000000e-50  1.000000e-50  1.000000e-50  1.000000e-50  
23.536239  1.000000e-50  1.000000e-50  1.000000e-50  1.000000e-50  1.000000e-50  1.000000e-50  1.000000e-50  1.000000e-50  1.000000e-50  1.000000e-50  1.000000e-50  1.000000e-50  1.000000e-50  1.000000e-50  1.000000e-50  1.000000e-50  1.000000e-50  1.000000e-50  1.000000e-50  1.000000e-50  1.000000e-50  
24.090071  1.000000e-50  1.000000e-50  1.000000e-50  1.000000e-50  1.000000e-50  1.000000e-50  1.000000e-50  1.000000e-50  1.000000e-50  1.000000e-50  1.000000e-50  1.000000e-50  1.000000e-50  1.000000e-50  1.000000e-50  1.000000e-50  1.000000e-50  1.000000e-50  1.000000e-50  1.000000e-50  1.000000e-50  
24.656935  1.000000e-50  1.000000e-50  1.000000e-50  1.000000e-50  1.000000e-50  1.000000e-50  1.000000e-50  1.000000e-50  1.000000e-50  1.000000e-50  1.000000e-50  1.000000e-50  1.000000e-50  1.000000e-50  1.000000e-50  1.000000e-50  1.000000e-50  1.000000e-50  1.000000e-50  1.000000e-50  1.000000e-50  
25.237138  1.000000e-50  1.000000e-50  1.000000e-50  1.000000e-50  1.000000e-50  1.000000e-50  1.000000e-50  1.000000e-50  1.000000e-50  1.000000e-50  1.000000e-50  1.000000e-50  1.000000e-50  1.000000e-50  1.000000e-50  1.000000e-50  1.000000e-50  1.000000e-50  1.000000e-50  1.000000e-50  1.000000e-50  
25.830993  1.000000e-50  1.000000e-50  1.000000e-50  1.000000e-50  1.000000e-50  1.000000e-50  1.000000e-50  1.000000e-50  1.000000e-50  1.000000e-50  1.000000e-50  1.000000e-50  1.000000e-50  1.000000e-50  1.000000e-50  1.000000e-50  1.000000e-50  1.000000e-50  1.000000e-50  1.000000e-50  1.000000e-50  
26.438823  1.000000e-50  1.000000e-50  1.000000e-50  1.000000e-50  1.000000e-50  1.000000e-50  1.000000e-50  1.000000e-50  1.000000e-50  1.000000e-50  1.000000e-50  1.000000e-50  1.000000e-50  1.000000e-50  1.000000e-50  1.000000e-50  1.000000e-50  1.000000e-50  1.000000e-50  1.000000e-50  1.000000e-50  
27.060955  1.000000e-50  1.000000e-50  1.000000e-50  1.000000e-50  1.000000e-50  1.000000e-50  1.000000e-50  1.000000e-50  1.000000e-50  1.000000e-50  1.000000e-50  1.000000e-50  1.000000e-50  1.000000e-50  1.000000e-50  1.000000e-50  1.000000e-50  1.000000e-50  1.000000e-50  1.000000e-50  1.000000e-50  
27.697727  1.000000e-50  1.000000e-50  1.000000e-50  1.000000e-50  1.000000e-50  1.000000e-50  1.000000e-50  1.000000e-50  1.000000e-50  1.000000e-50  1.000000e-50  1.000000e-50  1.000000e-50  1.000000e-50  1.000000e-50  1.000000e-50  1.000000e-50  1.000000e-50  1.000000e-50  1.000000e-50  1.000000e-50  
28.349483  1.000000e-50  1.000000e-50  1.000000e-50  1.000000e-50  1.000000e-50  1.000000e-50  1.000000e-50  1.000000e-50  1.000000e-50  1.000000e-50  1.000000e-50  1.000000e-50  1.000000e-50  1.000000e-50  1.000000e-50  1.000000e-50  1.000000e-50  1.000000e-50  1.000000e-50  1.000000e-50  1.000000e-50  
29.016576  1.000000e-50  1.000000e-50  1.000000e-50  1.000000e-50  1.000000e-50  1.000000e-50  1.000000e-50  1.000000e-50  1.000000e-50  1.000000e-50  1.000000e-50  1.000000e-50  1.000000e-50  1.000000e-50  1.000000e-50  1.000000e-50  1.000000e-50  1.000000e-50  1.000000e-50  1.000000e-50  1.000000e-50  
29.699365  1.000000e-50  1.000000e-50  1.000000e-50  1.000000e-50  1.000000e-50  1.000000e-50  1.000000e-50  1.000000e-50  1.000000e-50  1.000000e-50  1.000000e-50  1.000000e-50  1.000000e-50  1.000000e-50  1.000000e-50  1.000000e-50  1.000000e-50  1.000000e-50  1.000000e-50  1.000000e-50  1.000000e-50  
30.398222  1.000000e-50  1.000000e-50  1.000000e-50  1.000000e-50  1.000000e-50  1.000000e-50  1.000000e-50  1.000000e-50  1.000000e-50  1.000000e-50  1.000000e-50  1.000000e-50  1.000000e-50  1.000000e-50  1.000000e-50  1.000000e-50  1.000000e-50  1.000000e-50  1.000000e-50  1.000000e-50  1.000000e-50  
31.113523  1.000000e-50  1.000000e-50  1.000000e-50  1.000000e-50  1.000000e-50  1.000000e-50  1.000000e-50  1.000000e-50  1.000000e-50  1.000000e-50  1.000000e-50  1.000000e-50  1.000000e-50  1.000000e-50  1.000000e-50  1.000000e-50  1.000000e-50  1.000000e-50  1.000000e-50  1.000000e-50  1.000000e-50  
31.845656  1.000000e-50  1.000000e-50  1.000000e-50  1.000000e-50  1.000000e-50  1.000000e-50  1.000000e-50  1.000000e-50  1.000000e-50  1.000000e-50  1.000000e-50  1.000000e-50  1.000000e-50  1.000000e-50  1.000000e-50  1.000000e-50  1.000000e-50  1.000000e-50  1.000000e-50  1.000000e-50  1.000000e-50  
32.595017  1.000000e-50  1.000000e-50  1.000000e-50  1.000000e-50  1.000000e-50  1.000000e-50  1.000000e-50  1.000000e-50  1.000000e-50  1.000000e-50  1.000000e-50  1.000000e-50  1.000000e-50  1.000000e-50  1.000000e-50  1.000000e-50  1.000000e-50  1.000000e-50  1.000000e-50  1.000000e-50  1.000000e-50  
33.362011  1.000000e-50  1.000000e-50  1.000000e-50  1.000000e-50  1.000000e-50  1.000000e-50  1.000000e-50  1.000000e-50  1.000000e-50  1.000000e-50  1.000000e-50  1.000000e-50  1.000000e-50  1.000000e-50  1.000000e-50  1.000000e-50  1.000000e-50  1.000000e-50  1.000000e-50  1.000000e-50  1.000000e-50  
34.147053  1.000000e-50  1.000000e-50  1.000000e-50  1.000000e-50  1.000000e-50  1.000000e-50  1.000000e-50  1.000000e-50  1.000000e-50  1.000000e-50  1.000000e-50  1.000000e-50  1.000000e-50  1.000000e-50  1.000000e-50  1.000000e-50  1.000000e-50  1.000000e-50  1.000000e-50  1.000000e-50  1.000000e-50  
34.950568  1.000000e-50  1.000000e-50  1.000000e-50  1.000000e-50  1.000000e-50  1.000000e-50  1.000000e-50  1.000000e-50  1.000000e-50  1.000000e-50  1.000000e-50  1.000000e-50  1.000000e-50  1.000000e-50  1.000000e-50  1.000000e-50  1.000000e-50  1.000000e-50  1.000000e-50  1.000000e-50  1.000000e-50  
35.772991  1.000000e-50  1.000000e-50  1.000000e-50  1.000000e-50  1.000000e-50  1.000000e-50  1.000000e-50  1.000000e-50  1.000000e-50  1.000000e-50  1.000000e-50  1.000000e-50  1.000000e-50  1.000000e-50  1.000000e-50  1.000000e-50  1.000000e-50  1.000000e-50  1.000000e-50  1.000000e-50  1.000000e-50  
36.614766  1.000000e-50  1.000000e-50  1.000000e-50  1.000000e-50  1.000000e-50  1.000000e-50  1.000000e-50  1.000000e-50  1.000000e-50  1.000000e-50  1.000000e-50  1.000000e-50  1.000000e-50  1.000000e-50  1.000000e-50  1.000000e-50  1.000000e-50  1.000000e-50  1.000000e-50  1.000000e-50  1.000000e-50  
37.476349  1.000000e-50  1.000000e-50  1.000000e-50  1.000000e-50  1.000000e-50  1.000000e-50  1.000000e-50  1.000000e-50  1.000000e-50  1.000000e-50  1.000000e-50  1.000000e-50  1.000000e-50  1.000000e-50  1.000000e-50  1.000000e-50  1.000000e-50  1.000000e-50  1.000000e-50  1.000000e-50  1.000000e-50  
38.358205  1.000000e-50  1.000000e-50  1.000000e-50  1.000000e-50  1.000000e-50  1.000000e-50  1.000000e-50  1.000000e-50  1.000000e-50  1.000000e-50  1.000000e-50  1.000000e-50  1.000000e-50  1.000000e-50  1.000000e-50  1.000000e-50  1.000000e-50  1.000000e-50  1.000000e-50  1.000000e-50  1.000000e-50  
39.260813  1.000000e-50  1.000000e-50  1.000000e-50  1.000000e-50  1.000000e-50  1.000000e-50  1.000000e-50  1.000000e-50  1.000000e-50  1.000000e-50  1.000000e-50  1.000000e-50  1.000000e-50  1.000000e-50  1.000000e-50  1.000000e-50  1.000000e-50  1.000000e-50  1.000000e-50  1.000000e-50  1.000000e-50  
40.184660  1.000000e-50  1.000000e-50  1.000000e-50  1.000000e-50  1.000000e-50  1.000000e-50  1.000000e-50  1.000000e-50  1.000000e-50  1.000000e-50  1.000000e-50  1.000000e-50  1.000000e-50  1.000000e-50  1.000000e-50  1.000000e-50  1.000000e-50  1.000000e-50  1.000000e-50  1.000000e-50  1.000000e-50  
41.130246  1.000000e-50  1.000000e-50  1.000000e-50  1.000000e-50  1.000000e-50  1.000000e-50  1.000000e-50  1.000000e-50  1.000000e-50  1.000000e-50  1.000000e-50  1.000000e-50  1.000000e-50  1.000000e-50  1.000000e-50  1.000000e-50  1.000000e-50  1.000000e-50  1.000000e-50  1.000000e-50  1.000000e-50  
42.098083  1.000000e-50  1.000000e-50  1.000000e-50  1.000000e-50  1.000000e-50  1.000000e-50  1.000000e-50  1.000000e-50  1.000000e-50  1.000000e-50  1.000000e-50  1.000000e-50  1.000000e-50  1.000000e-50  1.000000e-50  1.000000e-50  1.000000e-50  1.000000e-50  1.000000e-50  1.000000e-50  1.000000e-50  
43.088694  1.000000e-50  1.000000e-50  1.000000e-50  1.000000e-50  1.000000e-50  1.000000e-50  1.000000e-50  1.000000e-50  1.000000e-50  1.000000e-50  1.000000e-50  1.000000e-50  1.000000e-50  1.000000e-50  1.000000e-50  1.000000e-50  1.000000e-50  1.000000e-50  1.000000e-50  1.000000e-50  1.000000e-50  
44.102615  1.000000e-50  1.000000e-50  1.000000e-50  1.000000e-50  1.000000e-50  1.000000e-50  1.000000e-50  1.000000e-50  1.000000e-50  1.000000e-50  1.000000e-50  1.000000e-50  1.000000e-50  1.000000e-50  1.000000e-50  1.000000e-50  1.000000e-50  1.000000e-50  1.000000e-50  1.000000e-50  1.000000e-50  
45.140394  1.000000e-50  1.000000e-50  1.000000e-50  1.000000e-50  1.000000e-50  1.000000e-50  1.000000e-50  1.000000e-50  1.000000e-50  1.000000e-50  1.000000e-50  1.000000e-50  1.000000e-50  1.000000e-50  1.000000e-50  1.000000e-50  1.000000e-50  1.000000e-50  1.000000e-50  1.000000e-50  1.000000e-50  
46.202594  1.000000e-50  1.000000e-50  1.000000e-50  1.000000e-50  1.000000e-50  1.000000e-50  1.000000e-50  1.000000e-50  1.000000e-50  1.000000e-50  1.000000e-50  1.000000e-50  1.000000e-50  1.000000e-50  1.000000e-50  1.000000e-50  1.000000e-50  1.000000e-50  1.000000e-50  1.000000e-50  1.000000e-50  
47.289788  1.000000e-50  1.000000e-50  1.000000e-50  1.000000e-50  1.000000e-50  1.000000e-50  1.000000e-50  1.000000e-50  1.000000e-50  1.000000e-50  1.000000e-50  1.000000e-50  1.000000e-50  1.000000e-50  1.000000e-50  1.000000e-50  1.000000e-50  1.000000e-50  1.000000e-50  1.000000e-50  1.000000e-50  
48.402565  1.000000e-50  1.000000e-50  1.000000e-50  1.000000e-50  1.000000e-50  1.000000e-50  1.000000e-50  1.000000e-50  1.000000e-50  1.000000e-50  1.000000e-50  1.000000e-50  1.000000e-50  1.000000e-50  1.000000e-50  1.000000e-50  1.000000e-50  1.000000e-50  1.000000e-50  1.000000e-50  1.000000e-50  
49.541527  1.000000e-50  1.000000e-50  1.000000e-50  1.000000e-50  1.000000e-50  1.000000e-50  1.000000e-50  1.000000e-50  1.000000e-50  1.000000e-50  1.000000e-50  1.000000e-50  1.000000e-50  1.000000e-50  1.000000e-50  1.000000e-50  1.000000e-50  1.000000e-50  1.000000e-50  1.000000e-50  1.000000e-50  
50.707290  1.000000e-50  1.000000e-50  1.000000e-50  1.000000e-50  1.000000e-50  1.000000e-50  1.000000e-50  1.000000e-50  1.000000e-50  1.000000e-50  1.000000e-50  1.000000e-50  1.000000e-50  1.000000e-50  1.000000e-50  1.000000e-50  1.000000e-50  1.000000e-50  1.000000e-50  1.000000e-50  1.000000e-50  
51.900484  1.000000e-50  1.000000e-50  1.000000e-50  1.000000e-50  1.000000e-50  1.000000e-50  1.000000e-50  1.000000e-50  1.000000e-50  1.000000e-50  1.000000e-50  1.000000e-50  1.000000e-50  1.000000e-50  1.000000e-50  1.000000e-50  1.000000e-50  1.000000e-50  1.000000e-50  1.000000e-50  1.000000e-50  
53.121756  1.000000e-50  1.000000e-50  1.000000e-50  1.000000e-50  1.000000e-50  1.000000e-50  1.000000e-50  1.000000e-50  1.000000e-50  1.000000e-50  1.000000e-50  1.000000e-50  1.000000e-50  1.000000e-50  1.000000e-50  1.000000e-50  1.000000e-50  1.000000e-50  1.000000e-50  1.000000e-50  1.000000e-50  
54.370000  1.000000e-50  1.000000e-50  1.000000e-50  1.000000e-50  1.000000e-50  1.000000e-50  1.000000e-50  1.000000e-50  1.000000e-50  1.000000e-50  1.000000e-50  1.000000e-50  1.000000e-50  1.000000e-50  1.000000e-50  1.000000e-50  1.000000e-50  1.000000e-50  1.000000e-50  1.000000e-50  1.000000e-50  
55.650000  1.000000e-50  1.000000e-50  1.000000e-50  1.000000e-50  1.000000e-50  1.000000e-50  1.000000e-50  1.000000e-50  1.000000e-50  1.000000e-50  1.000000e-50  1.000000e-50  1.000000e-50  1.000000e-50  1.000000e-50  1.000000e-50  1.000000e-50  1.000000e-50  1.000000e-50  1.000000e-50  1.000000e-50  
56.960000  1.000000e-50  1.000000e-50  1.000000e-50  1.000000e-50  1.000000e-50  1.000000e-50  1.000000e-50  1.000000e-50  1.000000e-50  1.000000e-50  1.000000e-50  1.000000e-50  1.000000e-50  1.000000e-50  1.000000e-50  1.000000e-50  1.000000e-50  1.000000e-50  1.000000e-50  1.000000e-50  1.000000e-50  
58.300000  1.000000e-50  1.000000e-50  1.000000e-50  1.000000e-50  1.000000e-50  1.000000e-50  1.000000e-50  1.000000e-50  1.000000e-50  1.000000e-50  1.000000e-50  1.000000e-50  1.000000e-50  1.000000e-50  1.000000e-50  1.000000e-50  1.000000e-50  1.000000e-50  1.000000e-50  1.000000e-50  1.000000e-50  
60.000000  1.000000e-50  1.000000e-50  1.000000e-50  1.000000e-50  1.000000e-50  1.000000e-50  1.000000e-50  1.000000e-50  1.000000e-50  1.000000e-50  1.000000e-50  1.000000e-50  1.000000e-50  1.000000e-50  1.000000e-50  1.000000e-50  1.000000e-50  1.000000e-50  1.000000e-50  1.000000e-50  1.000000e-50  
61.000000  1.000000e-50  1.000000e-50  1.000000e-50  1.000000e-50  1.000000e-50  1.000000e-50  1.000000e-50  1.000000e-50  1.000000e-50  1.000000e-50  1.000000e-50  1.000000e-50  1.000000e-50  1.000000e-50  1.000000e-50  1.000000e-50  1.000000e-50  1.000000e-50  1.000000e-50  1.000000e-50  1.000000e-50  
61.500000  1.000000e-50  1.000000e-50  1.000000e-50  1.000000e-50  1.000000e-50  1.000000e-50  1.000000e-50  1.000000e-50  1.000000e-50  1.000000e-50  1.000000e-50  1.000000e-50  1.000000e-50  1.000000e-50  1.000000e-50  1.000000e-50  1.000000e-50  1.000000e-50  1.000000e-50  1.000000e-50  1.000000e-50  
61.800000  1.000000e-50  1.000000e-50  1.000000e-50  1.000000e-50  1.000000e-50  1.000000e-50  1.000000e-50  1.000000e-50  1.000000e-50  1.000000e-50  1.000000e-50  1.000000e-50  1.000000e-50  1.000000e-50  1.000000e-50  1.000000e-50  1.000000e-50  1.000000e-50  1.000000e-50  1.000000e-50  1.000000e-50  
62.000000  1.000000e-50  1.000000e-50  1.000000e-50  1.000000e-50  1.000000e-50  1.000000e-50  1.000000e-50  1.000000e-50  1.000000e-50  1.000000e-50  1.000000e-50  1.000000e-50  1.000000e-50  1.000000e-50  1.000000e-50  1.000000e-50  1.000000e-50  1.000000e-50  1.000000e-50  1.000000e-50  1.000000e-50  
62.200000  1.000000e-50  1.000000e-50  1.000000e-50  1.000000e-50  1.000000e-50  1.000000e-50  1.000000e-50  1.000000e-50  1.000000e-50  1.000000e-50  1.000000e-50  1.000000e-50  1.000000e-50  1.000000e-50  1.000000e-50  1.000000e-50  1.000000e-50  1.000000e-50  1.000000e-50  1.000000e-50  1.000000e-50  
62.300000  1.000000e-50  1.000000e-50  1.000000e-50  1.000000e-50  1.000000e-50  1.000000e-50  1.000000e-50  1.000000e-50  1.000000e-50  1.000000e-50  1.000000e-50  1.000000e-50  1.000000e-50  1.000000e-50  1.000000e-50  1.000000e-50  1.000000e-50  1.000000e-50  1.000000e-50  1.000000e-50  1.000000e-50  
62.350000  1.000000e-50  1.000000e-50  1.000000e-50  1.000000e-50  1.000000e-50  1.000000e-50  1.000000e-50  1.000000e-50  1.000000e-50  1.000000e-50  1.000000e-50  1.000000e-50  1.000000e-50  1.000000e-50  1.000000e-50  1.000000e-50  1.000000e-50  1.000000e-50  1.000000e-50  1.000000e-50  1.000000e-50  
62.400000  1.000000e-50  1.000000e-50  1.000000e-50  1.000000e-50  1.000000e-50  1.000000e-50  1.000000e-50  1.000000e-50  1.000000e-50  1.000000e-50  1.000000e-50  1.000000e-50  1.000000e-50  1.000000e-50  1.000000e-50  1.000000e-50  1.000000e-50  1.000000e-50  1.000000e-50  1.000000e-50  1.000000e-50  
62.430000  1.000000e-50  1.000000e-50  1.000000e-50  1.000000e-50  1.000000e-50  1.000000e-50  1.000000e-50  1.000000e-50  1.000000e-50  1.000000e-50  1.000000e-50  1.000000e-50  1.000000e-50  1.000000e-50  1.000000e-50  1.000000e-50  1.000000e-50  1.000000e-50  1.000000e-50  1.000000e-50  1.000000e-50  
62.450000  1.000000e-50  1.000000e-50  1.000000e-50  1.000000e-50  1.000000e-50  1.000000e-50  1.000000e-50  1.000000e-50  1.000000e-50  1.000000e-50  1.000000e-50  1.000000e-50  1.000000e-50  1.000000e-50  1.000000e-50  1.000000e-50  1.000000e-50  1.000000e-50  1.000000e-50  1.000000e-50  1.000000e-50  
62.460000  1.000000e-50  1.000000e-50  1.000000e-50  1.000000e-50  1.000000e-50  1.000000e-50  1.000000e-50  1.000000e-50  1.000000e-50  1.000000e-50  1.000000e-50  1.000000e-50  1.000000e-50  1.000000e-50  1.000000e-50  1.000000e-50  1.000000e-50  1.000000e-50  1.000000e-50  1.000000e-50  1.000000e-50  
62.470000  1.000000e-50  1.000000e-50  1.000000e-50  1.000000e-50  1.000000e-50  1.000000e-50  1.000000e-50  1.000000e-50  1.000000e-50  1.000000e-50  1.000000e-50  1.000000e-50  1.000000e-50  1.000000e-50  1.000000e-50  1.000000e-50  1.000000e-50  1.000000e-50  1.000000e-50  1.000000e-50  1.000000e-50  
62.475000  1.000000e-50  1.000000e-50  1.000000e-50  1.000000e-50  1.000000e-50  1.000000e-50  1.000000e-50  1.000000e-50  1.000000e-50  1.000000e-50  1.000000e-50  1.000000e-50  1.000000e-50  1.000000e-50  1.000000e-50  1.000000e-50  1.000000e-50  1.000000e-50  1.000000e-50  1.000000e-50  1.000000e-50  
62.480000  1.000000e-50  1.000000e-50  1.000000e-50  1.000000e-50  1.000000e-50  1.000000e-50  1.000000e-50  1.000000e-50  1.000000e-50  1.000000e-50  1.000000e-50  1.000000e-50  1.000000e-50  1.000000e-50  1.000000e-50  1.000000e-50  1.000000e-50  1.000000e-50  1.000000e-50  1.000000e-50  1.000000e-50  
62.485000  1.000000e-50  1.000000e-50  1.000000e-50  1.000000e-50  1.000000e-50  1.000000e-50  1.000000e-50  1.000000e-50  1.000000e-50  1.000000e-50  1.000000e-50  1.000000e-50  1.000000e-50  1.000000e-50  1.000000e-50  1.000000e-50  1.000000e-50  1.000000e-50  1.000000e-50  1.000000e-50  1.000000e-50  
62.490000  1.000000e-50  1.000000e-50  1.000000e-50  1.000000e-50  1.000000e-50  1.000000e-50  1.000000e-50  1.000000e-50  1.000000e-50  1.000000e-50  1.000000e-50  1.000000e-50  1.000000e-50  1.000000e-50  1.000000e-50  1.000000e-50  1.000000e-50  1.000000e-50  1.000000e-50  1.000000e-50  1.000000e-50  
62.493000  1.000000e-50  1.000000e-50  1.000000e-50  1.000000e-50  1.000000e-50  1.000000e-50  1.000000e-50  1.000000e-50  1.000000e-50  1.000000e-50  1.000000e-50  1.000000e-50  1.000000e-50  1.000000e-50  1.000000e-50  1.000000e-50  1.000000e-50  1.000000e-50  1.000000e-50  1.000000e-50  1.000000e-50  
62.495000  1.000000e-50  1.000000e-50  1.000000e-50  1.000000e-50  1.000000e-50  1.000000e-50  1.000000e-50  1.000000e-50  1.000000e-50  1.000000e-50  1.000000e-50  1.000000e-50  1.000000e-50  1.000000e-50  1.000000e-50  1.000000e-50  1.000000e-50  1.000000e-50  1.000000e-50  1.000000e-50  1.000000e-50  
62.497000  1.000000e-50  1.000000e-50  1.000000e-50  1.000000e-50  1.000000e-50  1.000000e-50  1.000000e-50  1.000000e-50  1.000000e-50  1.000000e-50  1.000000e-50  1.000000e-50  1.000000e-50  1.000000e-50  1.000000e-50  1.000000e-50  1.000000e-50  1.000000e-50  1.000000e-50  1.000000e-50  1.000000e-50  
62.498000  1.000000e-50  1.000000e-50  1.000000e-50  1.000000e-50  1.000000e-50  1.000000e-50  1.000000e-50  1.000000e-50  1.000000e-50  1.000000e-50  1.000000e-50  1.000000e-50  1.000000e-50  1.000000e-50  1.000000e-50  1.000000e-50  1.000000e-50  1.000000e-50  1.000000e-50  1.000000e-50  1.000000e-50  
62.499000  1.000000e-50  1.000000e-50  1.000000e-50  1.000000e-50  1.000000e-50  1.000000e-50  1.000000e-50  1.000000e-50  1.000000e-50  1.000000e-50  1.000000e-50  1.000000e-50  1.000000e-50  1.000000e-50  1.000000e-50  1.000000e-50  1.000000e-50  1.000000e-50  1.000000e-50  1.000000e-50  1.000000e-50  
62.500000  1.000000e-50  1.000000e-50  1.000000e-50  1.000000e-50  1.000000e-50  1.000000e-50  1.000000e-50  1.000000e-50  1.000000e-50  1.000000e-50  1.000000e-50  1.000000e-50  1.000000e-50  1.000000e-50  1.000000e-50  1.000000e-50  1.000000e-50  1.000000e-50  1.000000e-50  1.000000e-50  1.000000e-50  
62.501000  1.000000e-50  1.000000e-50  1.000000e-50  1.000000e-50  1.000000e-50  1.000000e-50  1.000000e-50  1.000000e-50  1.000000e-50  1.000000e-50  1.000000e-50  1.000000e-50  1.000000e-50  1.000000e-50  1.000000e-50  1.000000e-50  1.000000e-50  1.000000e-50  1.000000e-50  1.000000e-50  1.000000e-50  
62.502000  1.000000e-50  1.000000e-50  1.000000e-50  1.000000e-50  1.000000e-50  1.000000e-50  1.000000e-50  1.000000e-50  1.000000e-50  1.000000e-50  1.000000e-50  1.000000e-50  1.000000e-50  1.000000e-50  1.000000e-50  1.000000e-50  1.000000e-50  1.000000e-50  1.000000e-50  1.000000e-50  1.000000e-50  
62.503000  1.000000e-50  1.000000e-50  1.000000e-50  1.000000e-50  1.000000e-50  1.000000e-50  1.000000e-50  1.000000e-50  1.000000e-50  1.000000e-50  1.000000e-50  1.000000e-50  1.000000e-50  1.000000e-50  1.000000e-50  1.000000e-50  1.000000e-50  1.000000e-50  1.000000e-50  1.000000e-50  1.000000e-50  
62.505000  1.000000e-50  1.000000e-50  1.000000e-50  1.000000e-50  1.000000e-50  1.000000e-50  1.000000e-50  1.000000e-50  1.000000e-50  1.000000e-50  1.000000e-50  1.000000e-50  1.000000e-50  1.000000e-50  1.000000e-50  1.000000e-50  1.000000e-50  1.000000e-50  1.000000e-50  1.000000e-50  1.000000e-50  
62.507000  1.000000e-50  1.000000e-50  1.000000e-50  1.000000e-50  1.000000e-50  1.000000e-50  1.000000e-50  1.000000e-50  1.000000e-50  1.000000e-50  1.000000e-50  1.000000e-50  1.000000e-50  1.000000e-50  1.000000e-50  1.000000e-50  1.000000e-50  1.000000e-50  1.000000e-50  1.000000e-50  1.000000e-50  
62.510000  1.000000e-50  1.000000e-50  1.000000e-50  1.000000e-50  1.000000e-50  1.000000e-50  1.000000e-50  1.000000e-50  1.000000e-50  1.000000e-50  1.000000e-50  1.000000e-50  1.000000e-50  1.000000e-50  1.000000e-50  1.000000e-50  1.000000e-50  1.000000e-50  1.000000e-50  1.000000e-50  1.000000e-50  
62.515000  1.000000e-50  1.000000e-50  1.000000e-50  1.000000e-50  1.000000e-50  1.000000e-50  1.000000e-50  1.000000e-50  1.000000e-50  1.000000e-50  1.000000e-50  1.000000e-50  1.000000e-50  1.000000e-50  1.000000e-50  1.000000e-50  1.000000e-50  1.000000e-50  1.000000e-50  1.000000e-50  1.000000e-50  
62.520000  1.000000e-50  1.000000e-50  1.000000e-50  1.000000e-50  1.000000e-50  1.000000e-50  1.000000e-50  1.000000e-50  1.000000e-50  1.000000e-50  1.000000e-50  1.000000e-50  1.000000e-50  1.000000e-50  1.000000e-50  1.000000e-50  1.000000e-50  1.000000e-50  1.000000e-50  1.000000e-50  1.000000e-50  
62.525000  1.000000e-50  1.000000e-50  1.000000e-50  1.000000e-50  1.000000e-50  1.000000e-50  1.000000e-50  1.000000e-50  1.000000e-50  1.000000e-50  1.000000e-50  1.000000e-50  1.000000e-50  1.000000e-50  1.000000e-50  1.000000e-50  1.000000e-50  1.000000e-50  1.000000e-50  1.000000e-50  1.000000e-50  
62.530000  1.000000e-50  1.000000e-50  1.000000e-50  1.000000e-50  1.000000e-50  1.000000e-50  1.000000e-50  1.000000e-50  1.000000e-50  1.000000e-50  1.000000e-50  1.000000e-50  1.000000e-50  1.000000e-50  1.000000e-50  1.000000e-50  1.000000e-50  1.000000e-50  1.000000e-50  1.000000e-50  1.000000e-50  
62.540000  1.000000e-50  1.000000e-50  1.000000e-50  1.000000e-50  1.000000e-50  1.000000e-50  1.000000e-50  1.000000e-50  1.000000e-50  1.000000e-50  1.000000e-50  1.000000e-50  1.000000e-50  1.000000e-50  1.000000e-50  1.000000e-50  1.000000e-50  1.000000e-50  1.000000e-50  1.000000e-50  1.000000e-50  
62.550000  1.000000e-50  1.000000e-50  1.000000e-50  1.000000e-50  1.000000e-50  1.000000e-50  1.000000e-50  1.000000e-50  1.000000e-50  1.000000e-50  1.000000e-50  1.000000e-50  1.000000e-50  1.000000e-50  1.000000e-50  1.000000e-50  1.000000e-50  1.000000e-50  1.000000e-50  1.000000e-50  1.000000e-50  
62.570000  1.000000e-50  1.000000e-50  1.000000e-50  1.000000e-50  1.000000e-50  1.000000e-50  1.000000e-50  1.000000e-50  1.000000e-50  1.000000e-50  1.000000e-50  1.000000e-50  1.000000e-50  1.000000e-50  1.000000e-50  1.000000e-50  1.000000e-50  1.000000e-50  1.000000e-50  1.000000e-50  1.000000e-50  
62.600000  1.000000e-50  1.000000e-50  1.000000e-50  1.000000e-50  1.000000e-50  1.000000e-50  1.000000e-50  1.000000e-50  1.000000e-50  1.000000e-50  1.000000e-50  1.000000e-50  1.000000e-50  1.000000e-50  1.000000e-50  1.000000e-50  1.000000e-50  1.000000e-50  1.000000e-50  1.000000e-50  1.000000e-50  
62.650000  1.000000e-50  1.000000e-50  1.000000e-50  1.000000e-50  1.000000e-50  1.000000e-50  1.000000e-50  1.000000e-50  1.000000e-50  1.000000e-50  1.000000e-50  1.000000e-50  1.000000e-50  1.000000e-50  1.000000e-50  1.000000e-50  1.000000e-50  1.000000e-50  1.000000e-50  1.000000e-50  1.000000e-50  
62.700000  1.000000e-50  1.000000e-50  1.000000e-50  1.000000e-50  1.000000e-50  1.000000e-50  1.000000e-50  1.000000e-50  1.000000e-50  1.000000e-50  1.000000e-50  1.000000e-50  1.000000e-50  1.000000e-50  1.000000e-50  1.000000e-50  1.000000e-50  1.000000e-50  1.000000e-50  1.000000e-50  1.000000e-50  
62.800000  1.000000e-50  1.000000e-50  1.000000e-50  1.000000e-50  1.000000e-50  1.000000e-50  1.000000e-50  1.000000e-50  1.000000e-50  1.000000e-50  1.000000e-50  1.000000e-50  1.000000e-50  1.000000e-50  1.000000e-50  1.000000e-50  1.000000e-50  1.000000e-50  1.000000e-50  1.000000e-50  1.000000e-50  
63.000000  1.000000e-50  1.000000e-50  1.000000e-50  1.000000e-50  1.000000e-50  1.000000e-50  1.000000e-50  1.000000e-50  1.000000e-50  1.000000e-50  1.000000e-50  1.000000e-50  1.000000e-50  1.000000e-50  1.000000e-50  1.000000e-50  1.000000e-50  1.000000e-50  1.000000e-50  1.000000e-50  1.000000e-50  
63.200000  1.000000e-50  1.000000e-50  1.000000e-50  1.000000e-50  1.000000e-50  1.000000e-50  1.000000e-50  1.000000e-50  1.000000e-50  1.000000e-50  1.000000e-50  1.000000e-50  1.000000e-50  1.000000e-50  1.000000e-50  1.000000e-50  1.000000e-50  1.000000e-50  1.000000e-50  1.000000e-50  1.000000e-50  
63.600000  1.000000e-50  1.000000e-50  1.000000e-50  1.000000e-50  1.000000e-50  1.000000e-50  1.000000e-50  1.000000e-50  1.000000e-50  1.000000e-50  1.000000e-50  1.000000e-50  1.000000e-50  1.000000e-50  1.000000e-50  1.000000e-50  1.000000e-50  1.000000e-50  1.000000e-50  1.000000e-50  1.000000e-50  
64.200000  1.000000e-50  1.000000e-50  1.000000e-50  1.000000e-50  1.000000e-50  1.000000e-50  1.000000e-50  1.000000e-50  1.000000e-50  1.000000e-50  1.000000e-50  1.000000e-50  1.000000e-50  1.000000e-50  1.000000e-50  1.000000e-50  1.000000e-50  1.000000e-50  1.000000e-50  1.000000e-50  1.000000e-50  
65.500000  1.000000e-50  1.000000e-50  1.000000e-50  1.000000e-50  1.000000e-50  1.000000e-50  1.000000e-50  1.000000e-50  1.000000e-50  1.000000e-50  1.000000e-50  1.000000e-50  1.000000e-50  1.000000e-50  1.000000e-50  1.000000e-50  1.000000e-50  1.000000e-50  1.000000e-50  1.000000e-50  1.000000e-50  
67.030000  1.000000e-50  1.000000e-50  1.000000e-50  1.000000e-50  1.000000e-50  1.000000e-50  1.000000e-50  1.000000e-50  1.000000e-50  1.000000e-50  1.000000e-50  1.000000e-50  1.000000e-50  1.000000e-50  1.000000e-50  1.000000e-50  1.000000e-50  1.000000e-50  1.000000e-50  1.000000e-50  1.000000e-50  
68.610000  1.000000e-50  1.000000e-50  1.000000e-50  1.000000e-50  1.000000e-50  1.000000e-50  1.000000e-50  1.000000e-50  1.000000e-50  1.000000e-50  1.000000e-50  1.000000e-50  1.000000e-50  1.000000e-50  1.000000e-50  1.000000e-50  1.000000e-50  1.000000e-50  1.000000e-50  1.000000e-50  1.000000e-50  
70.220000  1.000000e-50  1.000000e-50  1.000000e-50  1.000000e-50  1.000000e-50  1.000000e-50  1.000000e-50  1.000000e-50  1.000000e-50  1.000000e-50  1.000000e-50  1.000000e-50  1.000000e-50  1.000000e-50  1.000000e-50  1.000000e-50  1.000000e-50  1.000000e-50  1.000000e-50  1.000000e-50  1.000000e-50  
71.880000  1.000000e-50  1.000000e-50  1.000000e-50  1.000000e-50  1.000000e-50  1.000000e-50  1.000000e-50  1.000000e-50  1.000000e-50  1.000000e-50  1.000000e-50  1.000000e-50  1.000000e-50  1.000000e-50  1.000000e-50  1.000000e-50  1.000000e-50  1.000000e-50  1.000000e-50  1.000000e-50  1.000000e-50  
73.567595  1.000000e-50  1.000000e-50  1.000000e-50  1.000000e-50  1.000000e-50  1.000000e-50  1.000000e-50  1.000000e-50  1.000000e-50  1.000000e-50  1.000000e-50  1.000000e-50  1.000000e-50  1.000000e-50  1.000000e-50  1.000000e-50  1.000000e-50  1.000000e-50  1.000000e-50  1.000000e-50  1.000000e-50  
75.298716  1.000000e-50  1.000000e-50  1.000000e-50  1.000000e-50  1.000000e-50  1.000000e-50  1.000000e-50  1.000000e-50  1.000000e-50  1.000000e-50  1.000000e-50  1.000000e-50  1.000000e-50  1.000000e-50  1.000000e-50  1.000000e-50  1.000000e-50  1.000000e-50  1.000000e-50  1.000000e-50  1.000000e-50  
77.070572  1.000000e-50  1.000000e-50  1.000000e-50  1.000000e-50  1.000000e-50  1.000000e-50  1.000000e-50  1.000000e-50  1.000000e-50  1.000000e-50  1.000000e-50  1.000000e-50  1.000000e-50  1.000000e-50  1.000000e-50  1.000000e-50  1.000000e-50  1.000000e-50  1.000000e-50  1.000000e-50  1.000000e-50  
78.884121  1.000000e-50  1.000000e-50  1.000000e-50  1.000000e-50  1.000000e-50  1.000000e-50  1.000000e-50  1.000000e-50  1.000000e-50  1.000000e-50  1.000000e-50  1.000000e-50  1.000000e-50  1.000000e-50  1.000000e-50  1.000000e-50  1.000000e-50  1.000000e-50  1.000000e-50  1.000000e-50  1.000000e-50  
80.740345  1.000000e-50  1.000000e-50  1.000000e-50  1.000000e-50  1.000000e-50  1.000000e-50  1.000000e-50  1.000000e-50  1.000000e-50  1.000000e-50  1.000000e-50  1.000000e-50  1.000000e-50  1.000000e-50  1.000000e-50  1.000000e-50  1.000000e-50  1.000000e-50  1.000000e-50  1.000000e-50  1.000000e-50  
82.640248  1.000000e-50  1.000000e-50  1.000000e-50  1.000000e-50  1.000000e-50  1.000000e-50  1.000000e-50  1.000000e-50  1.000000e-50  1.000000e-50  1.000000e-50  1.000000e-50  1.000000e-50  1.000000e-50  1.000000e-50  1.000000e-50  1.000000e-50  1.000000e-50  1.000000e-50  1.000000e-50  1.000000e-50  
84.584857  1.000000e-50  1.000000e-50  1.000000e-50  1.000000e-50  1.000000e-50  1.000000e-50  1.000000e-50  1.000000e-50  1.000000e-50  1.000000e-50  1.000000e-50  1.000000e-50  1.000000e-50  1.000000e-50  1.000000e-50  1.000000e-50  1.000000e-50  1.000000e-50  1.000000e-50  1.000000e-50  1.000000e-50  
86.575226  1.000000e-50  1.000000e-50  1.000000e-50  1.000000e-50  1.000000e-50  1.000000e-50  1.000000e-50  1.000000e-50  1.000000e-50  1.000000e-50  1.000000e-50  1.000000e-50  1.000000e-50  1.000000e-50  1.000000e-50  1.000000e-50  1.000000e-50  1.000000e-50  1.000000e-50  1.000000e-50  1.000000e-50  
88.612429  1.000000e-50  1.000000e-50  1.000000e-50  1.000000e-50  1.000000e-50  1.000000e-50  1.000000e-50  1.000000e-50  1.000000e-50  1.000000e-50  1.000000e-50  1.000000e-50  1.000000e-50  1.000000e-50  1.000000e-50  1.000000e-50  1.000000e-50  1.000000e-50  1.000000e-50  1.000000e-50  1.000000e-50  
90.697570  1.000000e-50  1.000000e-50  1.000000e-50  1.000000e-50  1.000000e-50  1.000000e-50  1.000000e-50  1.000000e-50  1.000000e-50  1.000000e-50  1.000000e-50  1.000000e-50  1.000000e-50  1.000000e-50  1.000000e-50  1.000000e-50  1.000000e-50  1.000000e-50  1.000000e-50  1.000000e-50  1.000000e-50  
92.831777  1.000000e-50  1.000000e-50  1.000000e-50  1.000000e-50  1.000000e-50  1.000000e-50  1.000000e-50  1.000000e-50  1.000000e-50  1.000000e-50  1.000000e-50  1.000000e-50  1.000000e-50  1.000000e-50  1.000000e-50  1.000000e-50  1.000000e-50  1.000000e-50  1.000000e-50  1.000000e-50  1.000000e-50  
95.016203  1.000000e-50  1.000000e-50  1.000000e-50  1.000000e-50  1.000000e-50  1.000000e-50  1.000000e-50  1.000000e-50  1.000000e-50  1.000000e-50  1.000000e-50  1.000000e-50  1.000000e-50  1.000000e-50  1.000000e-50  1.000000e-50  1.000000e-50  1.000000e-50  1.000000e-50  1.000000e-50  1.000000e-50  
97.252032  1.000000e-50  1.000000e-50  1.000000e-50  1.000000e-50  1.000000e-50  1.000000e-50  1.000000e-50  1.000000e-50  1.000000e-50  1.000000e-50  1.000000e-50  1.000000e-50  1.000000e-50  1.000000e-50  1.000000e-50  1.000000e-50  1.000000e-50  1.000000e-50  1.000000e-50  1.000000e-50  1.000000e-50  
99.540471  1.000000e-50  1.000000e-50  1.000000e-50  1.000000e-50  1.000000e-50  1.000000e-50  1.000000e-50  1.000000e-50  1.000000e-50  1.000000e-50  1.000000e-50  1.000000e-50  1.000000e-50  1.000000e-50  1.000000e-50  1.000000e-50  1.000000e-50  1.000000e-50  1.000000e-50  1.000000e-50  1.000000e-50  
101.882760  1.000000e-50  1.000000e-50  1.000000e-50  1.000000e-50  1.000000e-50  1.000000e-50  1.000000e-50  1.000000e-50  1.000000e-50  1.000000e-50  1.000000e-50  1.000000e-50  1.000000e-50  1.000000e-50  1.000000e-50  1.000000e-50  1.000000e-50  1.000000e-50  1.000000e-50  1.000000e-50  1.000000e-50  
104.280166  1.000000e-50  1.000000e-50  1.000000e-50  1.000000e-50  1.000000e-50  1.000000e-50  1.000000e-50  1.000000e-50  1.000000e-50  1.000000e-50  1.000000e-50  1.000000e-50  1.000000e-50  1.000000e-50  1.000000e-50  1.000000e-50  1.000000e-50  1.000000e-50  1.000000e-50  1.000000e-50  1.000000e-50  
106.733985  1.000000e-50  1.000000e-50  1.000000e-50  1.000000e-50  1.000000e-50  1.000000e-50  1.000000e-50  1.000000e-50  1.000000e-50  1.000000e-50  1.000000e-50  1.000000e-50  1.000000e-50  1.000000e-50  1.000000e-50  1.000000e-50  1.000000e-50  1.000000e-50  1.000000e-50  1.000000e-50  1.000000e-50  
109.245544  1.000000e-50  1.000000e-50  1.000000e-50  1.000000e-50  1.000000e-50  1.000000e-50  1.000000e-50  1.000000e-50  1.000000e-50  1.000000e-50  1.000000e-50  1.000000e-50  1.000000e-50  1.000000e-50  1.000000e-50  1.000000e-50  1.000000e-50  1.000000e-50  1.000000e-50  1.000000e-50  1.000000e-50  
111.816204  1.000000e-50  1.000000e-50  1.000000e-50  1.000000e-50  1.000000e-50  1.000000e-50  1.000000e-50  1.000000e-50  1.000000e-50  1.000000e-50  1.000000e-50  1.000000e-50  1.000000e-50  1.000000e-50  1.000000e-50  1.000000e-50  1.000000e-50  1.000000e-50  1.000000e-50  1.000000e-50  1.000000e-50  
114.447353  1.000000e-50  1.000000e-50  1.000000e-50  1.000000e-50  1.000000e-50  1.000000e-50  1.000000e-50  1.000000e-50  1.000000e-50  1.000000e-50  1.000000e-50  1.000000e-50  1.000000e-50  1.000000e-50  1.000000e-50  1.000000e-50  1.000000e-50  1.000000e-50  1.000000e-50  1.000000e-50  1.000000e-50  
117.140416  1.000000e-50  1.000000e-50  1.000000e-50  1.000000e-50  1.000000e-50  1.000000e-50  1.000000e-50  1.000000e-50  1.000000e-50  1.000000e-50  1.000000e-50  1.000000e-50  1.000000e-50  1.000000e-50  1.000000e-50  1.000000e-50  1.000000e-50  1.000000e-50  1.000000e-50  1.000000e-50  1.000000e-50  
119.896850  1.000000e-50  1.000000e-50  1.000000e-50  1.000000e-50  1.000000e-50  1.000000e-50  1.000000e-50  1.000000e-50  1.000000e-50  1.000000e-50  1.000000e-50  1.000000e-50  1.000000e-50  1.000000e-50  1.000000e-50  1.000000e-50  1.000000e-50  1.000000e-50  1.000000e-50  1.000000e-50  1.000000e-50  
122.718145  1.000000e-50  1.000000e-50  1.000000e-50  1.000000e-50  1.000000e-50  1.000000e-50  1.000000e-50  1.000000e-50  1.000000e-50  1.000000e-50  1.000000e-50  1.000000e-50  1.000000e-50  1.000000e-50  1.000000e-50  1.000000e-50  1.000000e-50  1.000000e-50  1.000000e-50  1.000000e-50  1.000000e-50  
125.605829  1.000000e-50  1.000000e-50  1.000000e-50  1.000000e-50  1.000000e-50  1.000000e-50  1.000000e-50  1.000000e-50  1.000000e-50  1.000000e-50  1.000000e-50  1.000000e-50  1.000000e-50  1.000000e-50  1.000000e-50  1.000000e-50  1.000000e-50  1.000000e-50  1.000000e-50  1.000000e-50  1.000000e-50  
128.561462  1.000000e-50  1.000000e-50  1.000000e-50  1.000000e-50  1.000000e-50  1.000000e-50  1.000000e-50  1.000000e-50  1.000000e-50  1.000000e-50  1.000000e-50  1.000000e-50  1.000000e-50  1.000000e-50  1.000000e-50  1.000000e-50  1.000000e-50  1.000000e-50  1.000000e-50  1.000000e-50  1.000000e-50  
131.586645  1.000000e-50  1.000000e-50  1.000000e-50  1.000000e-50  1.000000e-50  1.000000e-50  1.000000e-50  1.000000e-50  1.000000e-50  1.000000e-50  1.000000e-50  1.000000e-50  1.000000e-50  1.000000e-50  1.000000e-50  1.000000e-50  1.000000e-50  1.000000e-50  1.000000e-50  1.000000e-50  1.000000e-50  
134.683013  1.000000e-50  1.000000e-50  1.000000e-50  1.000000e-50  1.000000e-50  1.000000e-50  1.000000e-50  1.000000e-50  1.000000e-50  1.000000e-50  1.000000e-50  1.000000e-50  1.000000e-50  1.000000e-50  1.000000e-50  1.000000e-50  1.000000e-50  1.000000e-50  1.000000e-50  1.000000e-50  1.000000e-50  
137.852242  1.000000e-50  1.000000e-50  1.000000e-50  1.000000e-50  1.000000e-50  1.000000e-50  1.000000e-50  1.000000e-50  1.000000e-50  1.000000e-50  1.000000e-50  1.000000e-50  1.000000e-50  1.000000e-50  1.000000e-50  1.000000e-50  1.000000e-50  1.000000e-50  1.000000e-50  1.000000e-50  1.000000e-50  
141.096046  1.000000e-50  1.000000e-50  1.000000e-50  1.000000e-50  1.000000e-50  1.000000e-50  1.000000e-50  1.000000e-50  1.000000e-50  1.000000e-50  1.000000e-50  1.000000e-50  1.000000e-50  1.000000e-50  1.000000e-50  1.000000e-50  1.000000e-50  1.000000e-50  1.000000e-50  1.000000e-50  1.000000e-50  
144.416180  1.000000e-50  1.000000e-50  1.000000e-50  1.000000e-50  1.000000e-50  1.000000e-50  1.000000e-50  1.000000e-50  1.000000e-50  1.000000e-50  1.000000e-50  1.000000e-50  1.000000e-50  1.000000e-50  1.000000e-50  1.000000e-50  1.000000e-50  1.000000e-50  1.000000e-50  1.000000e-50  1.000000e-50  
147.814441  1.000000e-50  1.000000e-50  1.000000e-50  1.000000e-50  1.000000e-50  1.000000e-50  1.000000e-50  1.000000e-50  1.000000e-50  1.000000e-50  1.000000e-50  1.000000e-50  1.000000e-50  1.000000e-50  1.000000e-50  1.000000e-50  1.000000e-50  1.000000e-50  1.000000e-50  1.000000e-50  1.000000e-50  
151.292666  1.000000e-50  1.000000e-50  1.000000e-50  1.000000e-50  1.000000e-50  1.000000e-50  1.000000e-50  1.000000e-50  1.000000e-50  1.000000e-50  1.000000e-50  1.000000e-50  1.000000e-50  1.000000e-50  1.000000e-50  1.000000e-50  1.000000e-50  1.000000e-50  1.000000e-50  1.000000e-50  1.000000e-50  
154.852737  1.000000e-50  1.000000e-50  1.000000e-50  1.000000e-50  1.000000e-50  1.000000e-50  1.000000e-50  1.000000e-50  1.000000e-50  1.000000e-50  1.000000e-50  1.000000e-50  1.000000e-50  1.000000e-50  1.000000e-50  1.000000e-50  1.000000e-50  1.000000e-50  1.000000e-50  1.000000e-50  1.000000e-50  
158.496580  1.000000e-50  1.000000e-50  1.000000e-50  1.000000e-50  1.000000e-50  1.000000e-50  1.000000e-50  1.000000e-50  1.000000e-50  1.000000e-50  1.000000e-50  1.000000e-50  1.000000e-50  1.000000e-50  1.000000e-50  1.000000e-50  1.000000e-50  1.000000e-50  1.000000e-50  1.000000e-50  1.000000e-50  
162.226166  1.000000e-50  1.000000e-50  1.000000e-50  1.000000e-50  1.000000e-50  1.000000e-50  1.000000e-50  1.000000e-50  1.000000e-50  1.000000e-50  1.000000e-50  1.000000e-50  1.000000e-50  1.000000e-50  1.000000e-50  1.000000e-50  1.000000e-50  1.000000e-50  1.000000e-50  1.000000e-50  1.000000e-50  
166.043514  1.000000e-50  1.000000e-50  1.000000e-50  1.000000e-50  1.000000e-50  1.000000e-50  1.000000e-50  1.000000e-50  1.000000e-50  1.000000e-50  1.000000e-50  1.000000e-50  1.000000e-50  1.000000e-50  1.000000e-50  1.000000e-50  1.000000e-50  1.000000e-50  1.000000e-50  1.000000e-50  1.000000e-50  
169.950687  1.000000e-50  1.000000e-50  1.000000e-50  1.000000e-50  1.000000e-50  1.000000e-50  1.000000e-50  1.000000e-50  1.000000e-50  1.000000e-50  1.000000e-50  1.000000e-50  1.000000e-50  1.000000e-50  1.000000e-50  1.000000e-50  1.000000e-50  1.000000e-50  1.000000e-50  1.000000e-50  1.000000e-50  
173.949801  2.300000e-34  7.290000e-34  2.020000e-33  6.870000e-33  2.310000e-32  7.260000e-32  2.280000e-31  7.410000e-31  2.240000e-30  7.090000e-30  2.170000e-29  6.920000e-29  2.240000e-28  7.090000e-28  2.300000e-27  7.180000e-27  2.280000e-26  7.160000e-26  2.270000e-25  7.310000e-25  2.310000e-24  
178.043017  1.060000e-33  3.360000e-33  1.060000e-32  3.360000e-32  1.040000e-31  3.410000e-31  1.080000e-30  3.540000e-30  1.040000e-29  3.370000e-29  1.060000e-28  3.230000e-28  1.090000e-27  3.350000e-27  1.080000e-26  3.490000e-26  1.060000e-25  3.340000e-25  1.030000e-24  3.310000e-24  1.090000e-23  
182.232551  1.980000e-33  6.360000e-33  2.010000e-32  6.100000e-32  2.000000e-31  6.250000e-31  2.000000e-30  6.270000e-30  1.940000e-29  6.340000e-29  1.970000e-28  6.350000e-28  2.000000e-27  6.410000e-27  1.940000e-26  5.990000e-26  1.940000e-25  6.410000e-25  1.980000e-24  6.080000e-24  1.980000e-23  
186.520669  2.810000e-33  9.110000e-33  2.850000e-32  9.060000e-32  2.860000e-31  9.100000e-31  2.870000e-30  8.960000e-30  2.910000e-29  9.130000e-29  2.880000e-28  9.160000e-28  2.840000e-27  9.010000e-27  2.850000e-26  9.000000e-26  2.900000e-25  9.200000e-25  2.850000e-24  9.270000e-24  2.850000e-23  
190.909691  3.650000e-33  1.150000e-32  3.700000e-32  1.160000e-31  3.650000e-31  1.150000e-30  3.640000e-30  1.140000e-29  3.660000e-29  1.150000e-28  3.650000e-28  1.150000e-27  3.640000e-27  1.150000e-26  3.640000e-26  1.150000e-25  3.630000e-25  1.130000e-24  3.650000e-24  1.150000e-23  3.760000e-23  
195.401991  4.240000e-33  1.360000e-32  4.290000e-32  1.360000e-31  4.260000e-31  1.360000e-30  4.420000e-30  1.340000e-29  4.290000e-29  1.360000e-28  4.410000e-28  1.350000e-27  4.300000e-27  1.390000e-26  4.290000e-26  1.360000e-25  4.280000e-25  1.350000e-24  4.340000e-24  1.350000e-23  4.170000e-23  
200.000000  4.810000e-33  1.510000e-32  4.810000e-32  1.510000e-31  4.670000e-31  1.520000e-30  4.720000e-30  1.510000e-29  4.820000e-29  1.520000e-28  4.830000e-28  1.530000e-27  4.790000e-27  1.510000e-26  4.850000e-26  1.510000e-25  4.810000e-25  1.520000e-24  4.700000e-24  1.590000e-23  4.680000e-23  
209.622627  5.390000e-33  1.730000e-32  5.510000e-32  1.700000e-31  5.440000e-31  1.720000e-30  5.460000e-30  1.710000e-29  5.490000e-29  1.700000e-28  5.420000e-28  1.750000e-27  5.430000e-27  1.710000e-26  5.460000e-26  1.710000e-25  5.450000e-25  1.710000e-24  5.520000e-24  1.740000e-23  5.390000e-23  
219.708228  5.730000e-33  1.810000e-32  5.680000e-32  1.820000e-31  5.630000e-31  1.790000e-30  5.700000e-30  1.810000e-29  5.750000e-29  1.800000e-28  5.670000e-28  1.790000e-27  5.710000e-27  1.810000e-26  5.710000e-26  1.790000e-25  5.720000e-25  1.810000e-24  5.720000e-24  1.860000e-23  5.680000e-23  
230.279080  5.680000e-33  1.790000e-32  5.660000e-32  1.800000e-31  5.690000e-31  1.810000e-30  5.650000e-30  1.800000e-29  5.670000e-29  1.790000e-28  5.700000e-28  1.800000e-27  5.630000e-27  1.790000e-26  5.640000e-26  1.780000e-25  5.710000e-25  1.780000e-24  5.620000e-24  1.800000e-23  5.640000e-23  
241.358528  5.400000e-33  1.710000e-32  5.430000e-32  1.710000e-31  5.410000e-31  1.710000e-30  5.400000e-30  1.710000e-29  5.420000e-29  1.710000e-28  5.340000e-28  1.720000e-27  5.400000e-27  1.710000e-26  5.460000e-26  1.710000e-25  5.400000e-25  1.700000e-24  5.430000e-24  1.730000e-23  5.270000e-23  
252.971043  5.060000e-33  1.610000e-32  5.030000e-32  1.590000e-31  5.040000e-31  1.600000e-30  5.030000e-30  1.590000e-29  5.040000e-29  1.580000e-28  5.010000e-28  1.580000e-27  5.080000e-27  1.600000e-26  5.000000e-26  1.580000e-25  5.050000e-25  1.600000e-24  5.000000e-24  1.600000e-23  5.050000e-23  
265.142273  4.610000e-33  1.460000e-32  4.560000e-32  1.450000e-31  4.610000e-31  1.450000e-30  4.600000e-30  1.460000e-29  4.570000e-29  1.460000e-28  4.590000e-28  1.460000e-27  4.560000e-27  1.460000e-26  4.560000e-26  1.450000e-25  4.610000e-25  1.460000e-24  4.540000e-24  1.470000e-23  4.730000e-23  
277.899099  4.120000e-33  1.300000e-32  4.150000e-32  1.300000e-31  4.170000e-31  1.300000e-30  4.110000e-30  1.320000e-29  4.140000e-29  1.310000e-28  4.110000e-28  1.290000e-27  4.140000e-27  1.300000e-26  4.110000e-26  1.300000e-25  4.120000e-25  1.310000e-24  4.140000e-24  1.300000e-23  4.210000e-23  
291.269696  3.650000e-33  1.160000e-32  3.630000e-32  1.150000e-31  3.680000e-31  1.150000e-30  3.690000e-30  1.160000e-29  3.640000e-29  1.170000e-28  3.660000e-28  1.160000e-27  3.680000e-27  1.160000e-26  3.670000e-26  1.160000e-25  3.660000e-25  1.150000e-24  3.710000e-24  1.160000e-23  3.700000e-23  
305.283593  3.220000e-33  1.030000e-32  3.230000e-32  1.020000e-31  3.230000e-31  1.020000e-30  3.200000e-30  1.020000e-29  3.220000e-29  1.020000e-28  3.230000e-28  1.010000e-27  3.200000e-27  1.020000e-26  3.210000e-26  1.030000e-25  3.230000e-25  1.010000e-24  3.180000e-24  1.020000e-23  3.230000e-23  
319.971744  2.800000e-33  8.850000e-33  2.810000e-32  8.870000e-32  2.810000e-31  8.910000e-31  2.810000e-30  8.930000e-30  2.810000e-29  8.840000e-29  2.810000e-28  8.900000e-28  2.800000e-27  8.900000e-27  2.780000e-26  8.840000e-26  2.820000e-25  8.930000e-25  2.800000e-24  8.810000e-24  2.790000e-23  
335.366587  2.440000e-33  7.690000e-33  2.440000e-32  7.640000e-32  2.430000e-31  7.670000e-31  2.440000e-30  7.680000e-30  2.430000e-29  7.680000e-29  2.440000e-28  7.700000e-28  2.400000e-27  7.680000e-27  2.430000e-26  7.670000e-26  2.410000e-25  7.590000e-25  2.420000e-24  7.680000e-24  2.410000e-23  
351.502125  2.100000e-33  6.620000e-33  2.090000e-32  6.630000e-32  2.090000e-31  6.630000e-31  2.090000e-30  6.540000e-30  2.100000e-29  6.610000e-29  2.090000e-28  6.590000e-28  2.090000e-27  6.610000e-27  2.070000e-26  6.640000e-26  2.090000e-25  6.590000e-25  2.090000e-24  6.600000e-24  2.070000e-23  
368.413994  1.790000e-33  5.660000e-33  1.790000e-32  5.650000e-32  1.810000e-31  5.710000e-31  1.800000e-30  5.680000e-30  1.800000e-29  5.650000e-29  1.780000e-28  5.640000e-28  1.790000e-27  5.670000e-27  1.800000e-26  5.660000e-26  1.790000e-25  5.650000e-25  1.790000e-24  5.640000e-24  1.790000e-23  
386.139546  1.530000e-33  4.840000e-33  1.520000e-32  4.830000e-32  1.530000e-31  4.810000e-31  1.520000e-30  4.840000e-30  1.520000e-29  4.820000e-29  1.520000e-28  4.800000e-28  1.530000e-27  4.830000e-27  1.530000e-26  4.820000e-26  1.520000e-25  4.810000e-25  1.520000e-24  4.820000e-24  1.520000e-23  
404.717930  1.290000e-33  4.100000e-33  1.300000e-32  4.090000e-32  1.300000e-31  4.110000e-31  1.290000e-30  4.090000e-30  1.300000e-29  4.090000e-29  1.310000e-28  4.090000e-28  1.300000e-27  4.100000e-27  1.290000e-26  4.110000e-26  1.290000e-25  4.090000e-25  1.280000e-24  4.110000e-24  1.300000e-23  
424.190178  1.100000e-33  3.460000e-33  1.090000e-32  3.480000e-32  1.100000e-31  3.460000e-31  1.100000e-30  3.470000e-30  1.100000e-29  3.480000e-29  1.100000e-28  3.480000e-28  1.100000e-27  3.480000e-27  1.100000e-26  3.490000e-26  1.110000e-25  3.460000e-25  1.100000e-24  3.480000e-24  1.100000e-23  
444.599297  9.310000e-34  2.940000e-33  9.290000e-33  2.940000e-32  9.290000e-32  2.930000e-31  9.280000e-31  2.940000e-30  9.230000e-30  2.940000e-29  9.290000e-29  2.920000e-28  9.280000e-28  2.930000e-27  9.240000e-27  2.950000e-26  9.280000e-26  2.970000e-25  9.310000e-25  2.930000e-24  9.270000e-24  
465.990362  7.830000e-34  2.470000e-33  7.840000e-33  2.480000e-32  7.820000e-32  2.480000e-31  7.800000e-31  2.470000e-30  7.810000e-30  2.470000e-29  7.850000e-29  2.470000e-28  7.840000e-28  2.460000e-27  7.840000e-27  2.470000e-26  7.800000e-26  2.470000e-25  7.800000e-25  2.480000e-24  7.790000e-24  
488.410619  6.580000e-34  2.070000e-33  6.580000e-33  2.080000e-32  6.600000e-32  2.080000e-31  6.550000e-31  2.080000e-30  6.600000e-30  2.080000e-29  6.600000e-29  2.080000e-28  6.540000e-28  2.070000e-27  6.590000e-27  2.080000e-26  6.600000e-26  2.080000e-25  6.550000e-25  2.090000e-24  6.590000e-24  
511.909585  5.520000e-34  1.750000e-33  5.520000e-33  1.750000e-32  5.520000e-32  1.740000e-31  5.540000e-31  1.750000e-30  5.530000e-30  1.750000e-29  5.540000e-29  1.750000e-28  5.530000e-28  1.750000e-27  5.540000e-27  1.750000e-26  5.540000e-26  1.750000e-25  5.520000e-25  1.750000e-24  5.530000e-24  
536.539159  4.650000e-34  1.470000e-33  4.630000e-33  1.460000e-32  4.630000e-32  1.460000e-31  4.620000e-31  1.460000e-30  4.630000e-30  1.460000e-29  4.650000e-29  1.470000e-28  4.630000e-28  1.470000e-27  4.640000e-27  1.470000e-26  4.630000e-26  1.460000e-25  4.640000e-25  1.470000e-24  4.630000e-24  
562.353740  3.880000e-34  1.220000e-33  3.890000e-33  1.230000e-32  3.890000e-32  1.230000e-31  3.870000e-31  1.230000e-30  3.900000e-30  1.230000e-29  3.880000e-29  1.220000e-28  3.890000e-28  1.220000e-27  3.890000e-27  1.220000e-26  3.890000e-26  1.230000e-25  3.890000e-25  1.230000e-24  3.890000e-24  
589.410341  3.250000e-34  1.030000e-33  3.250000e-33  1.030000e-32  3.250000e-32  1.030000e-31  3.240000e-31  1.030000e-30  3.230000e-30  1.020000e-29  3.240000e-29  1.030000e-28  3.250000e-28  1.030000e-27  3.240000e-27  1.020000e-26  3.260000e-26  1.030000e-25  3.240000e-25  1.030000e-24  3.240000e-24  
617.768719  2.720000e-34  8.570000e-34  2.720000e-33  8.610000e-33  2.700000e-32  8.520000e-32  2.710000e-31  8.570000e-31  2.720000e-30  8.580000e-30  2.720000e-29  8.560000e-29  2.710000e-28  8.570000e-28  2.710000e-27  8.580000e-27  2.720000e-26  8.590000e-26  2.720000e-25  8.570000e-25  2.710000e-24  
647.491509  2.270000e-34  7.160000e-34  2.260000e-33  7.170000e-33  2.270000e-32  7.180000e-32  2.260000e-31  7.160000e-31  2.270000e-30  7.170000e-30  2.260000e-29  7.150000e-29  2.280000e-28  7.160000e-28  2.270000e-27  7.190000e-27  2.270000e-26  7.150000e-26  2.270000e-25  7.170000e-25  2.280000e-24  
678.644354  1.890000e-34  5.950000e-34  1.890000e-33  5.970000e-33  1.890000e-32  5.970000e-32  1.890000e-31  5.940000e-31  1.900000e-30  5.970000e-30  1.890000e-29  5.980000e-29  1.890000e-28  5.990000e-28  1.890000e-27  5.980000e-27  1.900000e-26  5.990000e-26  1.890000e-25  5.970000e-25  1.880000e-24  
711.296061  1.570000e-34  4.960000e-34  1.570000e-33  4.970000e-33  1.570000e-32  4.960000e-32  1.570000e-31  4.960000e-31  1.570000e-30  4.980000e-30  1.580000e-29  4.990000e-29  1.580000e-28  4.960000e-28  1.580000e-27  4.970000e-27  1.580000e-26  4.980000e-26  1.570000e-25  4.970000e-25  1.590000e-24  
745.518744  1.310000e-34  4.150000e-34  1.310000e-33  4.140000e-33  1.310000e-32  4.120000e-32  1.310000e-31  4.140000e-31  1.310000e-30  4.150000e-30  1.310000e-29  4.150000e-29  1.310000e-28  4.140000e-28  1.310000e-27  4.140000e-27  1.310000e-26  4.140000e-26  1.310000e-25  4.150000e-25  1.320000e-24  
781.387987  1.090000e-34  3.430000e-34  1.090000e-33  3.450000e-33  1.090000e-32  3.440000e-32  1.090000e-31  3.430000e-31  1.090000e-30  3.450000e-30  1.090000e-29  3.450000e-29  1.090000e-28  3.450000e-28  1.090000e-27  3.460000e-27  1.090000e-26  3.460000e-26  1.090000e-25  3.450000e-25  1.090000e-24  
818.983012  9.120000e-35  2.880000e-34  9.150000e-34  2.860000e-33  9.060000e-33  2.870000e-32  9.120000e-32  2.860000e-31  9.040000e-31  2.870000e-30  9.050000e-30  2.870000e-29  9.080000e-29  2.860000e-28  9.020000e-28  2.850000e-27  9.120000e-27  2.840000e-26  9.080000e-26  2.890000e-25  9.120000e-25  
858.386852  7.530000e-35  2.380000e-34  7.570000e-34  2.390000e-33  7.530000e-33  2.400000e-32  7.570000e-32  2.390000e-31  7.520000e-31  2.380000e-30  7.570000e-30  2.390000e-29  7.480000e-29  2.370000e-28  7.620000e-28  2.360000e-27  7.560000e-27  2.360000e-26  7.660000e-26  2.400000e-25  7.560000e-25  
899.686534  6.320000e-35  1.960000e-34  6.280000e-34  1.970000e-33  6.180000e-33  1.970000e-32  6.290000e-32  1.950000e-31  6.210000e-31  1.960000e-30  6.260000e-30  1.980000e-29  6.280000e-29  1.980000e-28  6.180000e-28  1.990000e-27  6.300000e-27  1.970000e-26  6.260000e-26  1.990000e-25  6.300000e-25  
942.973273  5.200000e-35  1.640000e-34  5.180000e-34  1.650000e-33  5.190000e-33  1.650000e-32  5.190000e-32  1.650000e-31  5.190000e-31  1.660000e-30  5.160000e-30  1.640000e-29  5.200000e-29  1.620000e-28  5.220000e-28  1.640000e-27  5.230000e-27  1.660000e-26  5.160000e-26  1.670000e-25  5.190000e-25  
988.342672  4.330000e-35  1.360000e-34  4.330000e-34  1.370000e-33  4.330000e-33  1.370000e-32  4.320000e-32  1.370000e-31  4.310000e-31  1.370000e-30  4.340000e-30  1.360000e-29  4.330000e-29  1.370000e-28  4.330000e-28  1.360000e-27  4.310000e-27  1.380000e-26  4.310000e-26  1.380000e-25  4.360000e-25  
1035.894940  3.570000e-35  1.140000e-34  3.570000e-34  1.120000e-33  3.560000e-33  1.140000e-32  3.600000e-32  1.130000e-31  3.590000e-31  1.140000e-30  3.610000e-30  1.140000e-29  3.590000e-29  1.130000e-28  3.580000e-28  1.150000e-27  3.600000e-27  1.130000e-26  3.600000e-26  1.130000e-25  3.610000e-25  
1085.735090  3.020000e-35  9.420000e-35  2.990000e-34  9.360000e-34  2.960000e-33  9.390000e-33  2.980000e-32  9.310000e-32  2.970000e-31  9.470000e-31  2.970000e-30  9.400000e-30  3.010000e-29  9.350000e-29  2.970000e-28  9.490000e-28  2.960000e-27  9.350000e-27  2.970000e-26  9.390000e-26  2.990000e-25  
1137.973210  2.450000e-35  7.780000e-35  2.460000e-34  7.780000e-34  2.470000e-33  7.830000e-33  2.450000e-32  7.800000e-32  2.460000e-31  7.780000e-31  2.480000e-30  7.830000e-30  2.470000e-29  7.860000e-29  2.470000e-28  7.780000e-28  2.450000e-27  7.810000e-27  2.510000e-26  7.740000e-26  2.500000e-25  
1192.724660  2.060000e-35  6.450000e-35  2.060000e-34  6.420000e-34  2.070000e-33  6.490000e-33  2.060000e-32  6.460000e-32  2.040000e-31  6.470000e-31  2.050000e-30  6.420000e-30  2.050000e-29  6.450000e-29  2.070000e-28  6.490000e-28  2.050000e-27  6.530000e-27  2.040000e-26  6.410000e-26  2.040000e-25  
1250.110390  1.700000e-35  5.400000e-35  1.680000e-34  5.390000e-34  1.700000e-33  5.330000e-33  1.680000e-32  5.340000e-32  1.690000e-31  5.320000e-31  1.710000e-30  5.380000e-30  1.700000e-29  5.350000e-29  1.680000e-28  5.390000e-28  1.700000e-27  5.360000e-27  1.720000e-26  5.350000e-26  1.710000e-25  
1310.257110  1.400000e-35  4.470000e-35  1.420000e-34  4.480000e-34  1.400000e-33  4.440000e-33  1.400000e-32  4.450000e-32  1.410000e-31  4.430000e-31  1.390000e-30  4.420000e-30  1.420000e-29  4.490000e-29  1.410000e-28  4.480000e-28  1.410000e-27  4.430000e-27  1.430000e-26  4.500000e-26  1.420000e-25  
1373.297690  1.170000e-35  3.730000e-35  1.180000e-34  3.660000e-34  1.170000e-33  3.690000e-33  1.170000e-32  3.710000e-32  1.170000e-31  3.690000e-31  1.160000e-30  3.720000e-30  1.160000e-29  3.690000e-29  1.170000e-28  3.690000e-28  1.170000e-27  3.660000e-27  1.170000e-26  3.660000e-26  1.170000e-25  
1439.371350  9.580000e-36  3.050000e-35  9.550000e-35  3.050000e-34  9.620000e-34  3.080000e-33  9.610000e-33  3.050000e-32  9.710000e-32  3.060000e-31  9.600000e-31  3.060000e-30  9.820000e-30  3.050000e-29  9.570000e-29  3.080000e-28  9.710000e-28  3.050000e-27  9.650000e-27  3.060000e-26  9.650000e-26  
1508.624010  8.060000e-36  2.520000e-35  7.980000e-35  2.530000e-34  7.990000e-34  2.530000e-33  7.960000e-33  2.540000e-32  8.050000e-32  2.530000e-31  8.040000e-31  2.520000e-30  8.030000e-30  2.530000e-29  8.070000e-29  2.540000e-28  8.050000e-28  2.550000e-27  8.030000e-27  2.510000e-26  7.940000e-26  
1581.208640  6.620000e-36  2.070000e-35  6.690000e-35  2.120000e-34  6.630000e-34  2.070000e-33  6.730000e-33  2.090000e-32  6.650000e-32  2.110000e-31  6.650000e-31  2.090000e-30  6.650000e-30  2.120000e-29  6.670000e-29  2.090000e-28  6.720000e-28  2.120000e-27  6.660000e-27  2.100000e-26  6.630000e-26  
1657.285550  5.500000e-36  1.760000e-35  5.480000e-35  1.730000e-34  5.490000e-34  1.750000e-33  5.510000e-33  1.750000e-32  5.450000e-32  1.740000e-31  5.490000e-31  1.750000e-30  5.470000e-30  1.740000e-29  5.530000e-29  1.740000e-28  5.560000e-28  1.740000e-27  5.500000e-27  1.740000e-26  5.470000e-26  
1737.022750  4.550000e-36  1.440000e-35  4.590000e-35  1.440000e-34  4.560000e-34  1.420000e-33  4.590000e-33  1.450000e-32  4.480000e-32  1.450000e-31  4.570000e-31  1.440000e-30  4.610000e-30  1.450000e-29  4.620000e-29  1.440000e-28  4.610000e-28  1.440000e-27  4.550000e-27  1.440000e-26  4.530000e-26  
1820.596360  3.750000e-36  1.210000e-35  3.770000e-35  1.190000e-34  3.770000e-34  1.210000e-33  3.780000e-33  1.190000e-32  3.780000e-32  1.190000e-31  3.780000e-31  1.200000e-30  3.750000e-30  1.190000e-29  3.760000e-29  1.210000e-28  3.710000e-28  1.200000e-27  3.760000e-27  1.200000e-26  3.790000e-26  
1908.190950  3.150000e-36  9.890000e-36  3.120000e-35  9.910000e-35  3.130000e-34  9.830000e-34  3.140000e-33  9.870000e-33  3.140000e-32  9.900000e-32  3.140000e-31  9.810000e-31  3.190000e-30  9.890000e-30  3.120000e-29  9.870000e-29  3.090000e-28  1.000000e-27  3.140000e-27  9.750000e-27  3.150000e-26  
2000.000000  2.610000e-36  8.130000e-36  2.600000e-35  8.260000e-35  2.580000e-34  8.140000e-34  2.600000e-33  8.120000e-33  2.610000e-32  8.160000e-32  2.610000e-31  8.280000e-31  2.580000e-30  8.140000e-30  2.560000e-29  8.200000e-29  2.600000e-28  8.170000e-28  2.600000e-27  8.170000e-27  2.590000e-26  
2096.226270  2.140000e-36  6.810000e-36  2.140000e-35  6.780000e-35  2.120000e-34  6.810000e-34  2.140000e-33  6.840000e-33  2.150000e-32  6.750000e-32  2.150000e-31  6.720000e-31  2.130000e-30  6.760000e-30  2.150000e-29  6.780000e-29  2.150000e-28  6.790000e-28  2.160000e-27  6.720000e-27  2.140000e-26  
2197.082280  1.780000e-36  5.620000e-36  1.780000e-35  5.590000e-35  1.780000e-34  5.650000e-34  1.770000e-33  5.640000e-33  1.790000e-32  5.600000e-32  1.790000e-31  5.640000e-31  1.770000e-30  5.630000e-30  1.760000e-29  5.620000e-29  1.760000e-28  5.610000e-28  1.780000e-27  5.590000e-27  1.770000e-26  
2302.790800  1.470000e-36  4.670000e-36  1.480000e-35  4.670000e-35  1.460000e-34  4.580000e-34  1.470000e-33  4.630000e-33  1.470000e-32  4.640000e-32  1.480000e-31  4.690000e-31  1.470000e-30  4.610000e-30  1.470000e-29  4.660000e-29  1.470000e-28  4.650000e-28  1.470000e-27  4.670000e-27  1.460000e-26  
2413.585280  1.210000e-36  3.790000e-36  1.230000e-35  3.850000e-35  1.210000e-34  3.860000e-34  1.230000e-33  3.830000e-33  1.230000e-32  3.810000e-32  1.220000e-31  3.870000e-31  1.210000e-30  3.840000e-30  1.200000e-29  3.850000e-29  1.220000e-28  3.860000e-28  1.220000e-27  3.850000e-27  1.220000e-26  
2529.710430  1.010000e-36  3.210000e-36  1.010000e-35  3.230000e-35  9.920000e-35  3.140000e-34  1.020000e-33  3.160000e-33  1.020000e-32  3.200000e-32  1.010000e-31  3.180000e-31  1.010000e-30  3.160000e-30  1.000000e-29  3.230000e-29  1.020000e-28  3.180000e-28  1.020000e-27  3.160000e-27  1.000000e-26  
2651.422730  8.350000e-37  2.640000e-36  8.470000e-36  2.660000e-35  8.310000e-35  2.640000e-34  8.290000e-34  2.610000e-33  8.290000e-33  2.610000e-32  8.360000e-32  2.620000e-31  8.350000e-31  2.650000e-30  8.390000e-30  2.640000e-29  8.440000e-29  2.660000e-28  8.380000e-28  2.680000e-27  8.340000e-27  
2778.990990  6.920000e-37  2.210000e-36  6.930000e-36  2.200000e-35  6.810000e-35  2.190000e-34  6.900000e-34  2.180000e-33  6.940000e-33  2.210000e-32  6.800000e-32  2.170000e-31  6.920000e-31  2.220000e-30  6.970000e-30  2.190000e-29  6.920000e-29  2.180000e-28  6.880000e-28  2.210000e-27  6.950000e-27  
2912.696950  5.710000e-37  1.810000e-36  5.650000e-36  1.810000e-35  5.800000e-35  1.810000e-34  5.760000e-34  1.790000e-33  5.700000e-33  1.810000e-32  5.710000e-32  1.810000e-31  5.760000e-31  1.810000e-30  5.710000e-30  1.800000e-29  5.800000e-29  1.820000e-28  5.680000e-28  1.810000e-27  5.700000e-27  
3052.835930  4.750000e-37  1.500000e-36  4.790000e-36  1.500000e-35  4.720000e-35  1.500000e-34  4.710000e-34  1.510000e-33  4.710000e-33  1.500000e-32  4.790000e-32  1.500000e-31  4.710000e-31  1.500000e-30  4.720000e-30  1.500000e-29  4.760000e-29  1.490000e-28  4.750000e-28  1.490000e-27  4.800000e-27  
3199.717440  3.910000e-37  1.240000e-36  3.930000e-36  1.250000e-35  3.980000e-35  1.260000e-34  3.950000e-34  1.250000e-33  3.920000e-33  1.260000e-32  3.950000e-32  1.250000e-31  3.950000e-31  1.260000e-30  3.940000e-30  1.260000e-29  3.870000e-29  1.240000e-28  3.930000e-28  1.230000e-27  3.980000e-27  
3353.665870  3.260000e-37  1.030000e-36  3.260000e-36  1.020000e-35  3.220000e-35  1.040000e-34  3.240000e-34  1.020000e-33  3.270000e-33  1.030000e-32  3.250000e-32  1.030000e-31  3.280000e-31  1.020000e-30  3.270000e-30  1.010000e-29  3.220000e-29  1.020000e-28  3.240000e-28  1.030000e-27  3.270000e-27  
3515.021250  2.680000e-37  8.500000e-37  2.680000e-36  8.520000e-36  2.670000e-35  8.610000e-35  2.690000e-34  8.480000e-34  2.750000e-33  8.480000e-33  2.710000e-32  8.530000e-32  2.750000e-31  8.540000e-31  2.740000e-30  8.540000e-30  2.660000e-29  8.450000e-29  2.660000e-28  8.590000e-28  2.670000e-27  
3684.139940  2.230000e-37  7.080000e-37  2.210000e-36  7.060000e-36  2.220000e-35  7.190000e-35  2.210000e-34  7.090000e-34  2.210000e-33  7.020000e-33  2.210000e-32  6.980000e-32  2.230000e-31  7.130000e-31  2.200000e-30  6.970000e-30  2.260000e-29  6.910000e-29  2.250000e-28  7.010000e-28  2.260000e-27  
3861.395460  1.830000e-37  5.830000e-37  1.810000e-36  5.810000e-36  1.820000e-35  5.900000e-35  1.830000e-34  5.860000e-34  1.860000e-33  5.850000e-33  1.820000e-32  5.840000e-32  1.850000e-31  5.990000e-31  1.840000e-30  5.910000e-30  1.860000e-29  5.800000e-29  1.840000e-28  5.790000e-28  1.860000e-27  
4047.179300  1.530000e-37  4.830000e-37  1.540000e-36  4.770000e-36  1.530000e-35  4.840000e-35  1.540000e-34  4.830000e-34  1.520000e-33  4.880000e-33  1.530000e-32  4.850000e-32  1.550000e-31  4.780000e-31  1.540000e-30  4.910000e-30  1.540000e-29  4.870000e-29  1.530000e-28  4.870000e-28  1.500000e-27  
4241.901780  1.290000e-37  4.000000e-37  1.290000e-36  4.060000e-36  1.270000e-35  3.990000e-35  1.280000e-34  4.030000e-34  1.270000e-33  4.040000e-33  1.280000e-32  4.040000e-32  1.270000e-31  3.980000e-31  1.260000e-30  4.030000e-30  1.280000e-29  4.010000e-29  1.250000e-28  4.020000e-28  1.260000e-27  
4445.992970  1.040000e-37  3.350000e-37  1.060000e-36  3.300000e-36  1.060000e-35  3.320000e-35  1.040000e-34  3.310000e-34  1.050000e-33  3.340000e-33  1.060000e-32  3.330000e-32  1.060000e-31  3.320000e-31  1.050000e-30  3.270000e-30  1.040000e-29  3.320000e-29  1.030000e-28  3.330000e-28  1.060000e-27  
4659.903620  8.780000e-38  2.710000e-37  8.720000e-37  2.750000e-36  8.760000e-36  2.730000e-35  8.610000e-35  2.780000e-34  8.670000e-34  2.760000e-33  8.710000e-33  2.790000e-32  8.610000e-32  2.750000e-31  8.730000e-31  2.750000e-30  8.590000e-30  2.770000e-29  8.550000e-29  2.740000e-28  8.640000e-28  
4884.106190  7.180000e-38  2.260000e-37  7.270000e-37  2.280000e-36  7.180000e-36  2.270000e-35  7.050000e-35  2.280000e-34  7.160000e-34  2.260000e-33  7.180000e-33  2.270000e-32  7.150000e-32  2.280000e-31  7.230000e-31  2.250000e-30  7.130000e-30  2.280000e-29  7.080000e-29  2.310000e-28  7.290000e-28  
5119.095850  5.960000e-38  1.890000e-37  5.890000e-37  1.890000e-36  5.960000e-36  1.870000e-35  6.020000e-35  1.880000e-34  5.980000e-34  1.850000e-33  5.910000e-33  1.880000e-32  5.960000e-32  1.890000e-31  5.990000e-31  1.890000e-30  6.000000e-30  1.870000e-29  5.940000e-29  1.870000e-28  5.980000e-28  
5365.391590  4.890000e-38  1.560000e-37  4.920000e-37  1.560000e-36  4.930000e-36  1.560000e-35  4.890000e-35  1.560000e-34  4.900000e-34  1.580000e-33  4.920000e-33  1.570000e-32  4.830000e-32  1.540000e-31  4.850000e-31  1.560000e-30  4.920000e-30  1.540000e-29  4.840000e-29  1.560000e-28  4.980000e-28  
5623.537400  4.060000e-38  1.290000e-37  4.060000e-37  1.280000e-36  4.100000e-36  1.270000e-35  4.090000e-35  1.290000e-34  4.080000e-34  1.290000e-33  4.050000e-33  1.300000e-32  4.080000e-32  1.290000e-31  4.110000e-31  1.300000e-30  4.070000e-30  1.280000e-29  4.040000e-29  1.300000e-28  4.010000e-28  
5894.103410  3.380000e-38  1.070000e-37  3.320000e-37  1.070000e-36  3.380000e-36  1.060000e-35  3.430000e-35  1.070000e-34  3.340000e-34  1.090000e-33  3.340000e-33  1.080000e-32  3.360000e-32  1.060000e-31  3.400000e-31  1.060000e-30  3.420000e-30  1.080000e-29  3.420000e-29  1.080000e-28  3.390000e-28  
6177.687190  2.840000e-38  8.810000e-38  2.750000e-37  8.990000e-37  2.780000e-36  8.870000e-36  2.800000e-35  8.780000e-35  2.790000e-34  8.920000e-34  2.830000e-33  8.760000e-33  2.830000e-32  8.880000e-32  2.800000e-31  8.780000e-31  2.770000e-30  8.820000e-30  2.800000e-29  8.860000e-29  2.810000e-28  
6474.915090  2.330000e-38  7.220000e-38  2.340000e-37  7.250000e-37  2.320000e-36  7.290000e-36  2.300000e-35  7.340000e-35  2.330000e-34  7.180000e-34  2.330000e-33  7.360000e-33  2.290000e-32  7.270000e-32  2.320000e-31  7.360000e-31  2.340000e-30  7.350000e-30  2.300000e-29  7.320000e-29  2.330000e-28  
6786.443540  1.930000e-38  6.000000e-38  1.900000e-37  6.090000e-37  1.900000e-36  6.080000e-36  1.920000e-35  5.970000e-35  1.940000e-34  6.020000e-34  1.910000e-33  6.090000e-33  1.920000e-32  6.180000e-32  1.910000e-31  6.080000e-31  1.890000e-30  6.050000e-30  1.920000e-29  6.040000e-29  1.900000e-28  
7112.960610  1.600000e-38  5.010000e-38  1.590000e-37  5.030000e-37  1.620000e-36  5.050000e-36  1.580000e-35  5.020000e-35  1.610000e-34  5.000000e-34  1.610000e-33  5.030000e-33  1.610000e-32  5.040000e-32  1.590000e-31  5.050000e-31  1.590000e-30  5.000000e-30  1.600000e-29  4.990000e-29  1.590000e-28  
7455.187440  1.300000e-38  4.170000e-38  1.320000e-37  4.160000e-37  1.310000e-36  4.180000e-36  1.320000e-35  4.240000e-35  1.320000e-34  4.190000e-34  1.320000e-33  4.170000e-33  1.310000e-32  4.150000e-32  1.310000e-31  4.200000e-31  1.310000e-30  4.190000e-30  1.340000e-29  4.160000e-29  1.320000e-28  
7813.879870  1.090000e-38  3.440000e-38  1.080000e-37  3.450000e-37  1.070000e-36  3.460000e-36  1.100000e-35  3.480000e-35  1.080000e-34  3.490000e-34  1.090000e-33  3.450000e-33  1.100000e-32  3.450000e-32  1.080000e-31  3.460000e-31  1.100000e-30  3.450000e-30  1.090000e-29  3.420000e-29  1.090000e-28  
8189.830120  8.960000e-39  2.870000e-38  8.950000e-38  2.820000e-37  9.090000e-37  2.890000e-36  8.980000e-36  2.850000e-35  9.040000e-35  2.890000e-34  9.270000e-34  2.860000e-33  9.070000e-33  2.830000e-32  9.030000e-32  2.850000e-31  9.030000e-31  2.890000e-30  9.080000e-30  2.870000e-29  9.120000e-29  
8583.868520  7.530000e-39  2.350000e-38  7.490000e-38  2.370000e-37  7.460000e-37  2.370000e-36  7.390000e-36  2.370000e-35  7.440000e-35  2.360000e-34  7.460000e-34  2.370000e-33  7.410000e-33  2.390000e-32  7.490000e-32  2.360000e-31  7.390000e-31  2.380000e-30  7.460000e-30  2.340000e-29  7.570000e-29  
8996.865340  6.230000e-39  1.950000e-38  6.210000e-38  1.960000e-37  6.160000e-37  1.950000e-36  6.250000e-36  1.940000e-35  6.180000e-35  1.950000e-34  6.240000e-34  1.950000e-33  6.230000e-33  1.960000e-32  6.180000e-32  1.950000e-31  6.150000e-31  1.930000e-30  6.210000e-30  1.970000e-29  6.190000e-29  
9429.732730  5.130000e-39  1.610000e-38  5.080000e-38  1.620000e-37  5.080000e-37  1.640000e-36  5.150000e-36  1.610000e-35  5.180000e-35  1.620000e-34  5.170000e-34  1.640000e-33  5.190000e-33  1.620000e-32  5.160000e-32  1.650000e-31  5.140000e-31  1.650000e-30  5.120000e-30  1.620000e-29  5.070000e-29  
9883.426720  4.300000e-39  1.330000e-38  4.220000e-38  1.340000e-37  4.230000e-37  1.360000e-36  4.290000e-36  1.330000e-35  4.190000e-35  1.360000e-34  4.250000e-34  1.340000e-33  4.230000e-33  1.350000e-32  4.260000e-32  1.350000e-31  4.260000e-31  1.340000e-30  4.250000e-30  1.340000e-29  4.230000e-29  
10358.949400  3.490000e-39  1.120000e-38  3.500000e-38  1.100000e-37  3.480000e-37  1.110000e-36  3.540000e-36  1.120000e-35  3.540000e-35  1.110000e-34  3.570000e-34  1.110000e-33  3.480000e-33  1.130000e-32  3.460000e-32  1.110000e-31  3.520000e-31  1.110000e-30  3.490000e-30  1.110000e-29  3.570000e-29  
10857.350900  2.890000e-39  9.220000e-39  2.930000e-38  9.380000e-38  2.960000e-37  9.250000e-37  2.950000e-36  9.180000e-36  2.920000e-35  9.140000e-35  2.930000e-34  9.270000e-34  2.920000e-33  9.170000e-33  2.920000e-32  9.220000e-32  2.930000e-31  9.340000e-31  2.910000e-30  9.220000e-30  2.910000e-29  
11379.732100  2.440000e-39  7.580000e-39  2.430000e-38  7.640000e-38  2.390000e-37  7.670000e-37  2.420000e-36  7.580000e-36  2.400000e-35  7.560000e-35  2.420000e-34  7.700000e-34  2.390000e-33  7.590000e-33  2.420000e-32  7.570000e-32  2.410000e-31  7.600000e-31  2.420000e-30  7.690000e-30  2.390000e-29  
11927.246600  1.990000e-39  6.240000e-39  2.000000e-38  6.270000e-38  2.010000e-37  6.290000e-37  2.010000e-36  6.310000e-36  2.010000e-35  6.300000e-35  2.000000e-34  6.390000e-34  2.000000e-33  6.350000e-33  2.000000e-32  6.320000e-32  1.990000e-31  6.250000e-31  1.950000e-30  6.340000e-30  1.980000e-29  
12501.103900  1.640000e-39  5.250000e-39  1.670000e-38  5.220000e-38  1.670000e-37  5.200000e-37  1.640000e-36  5.250000e-36  1.660000e-35  5.220000e-35  1.660000e-34  5.250000e-34  1.680000e-33  5.250000e-33  1.680000e-32  5.320000e-32  1.650000e-31  5.240000e-31  1.680000e-30  5.160000e-30  1.670000e-29  
13102.571100  1.380000e-39  4.330000e-39  1.380000e-38  4.390000e-38  1.370000e-37  4.380000e-37  1.380000e-36  4.320000e-36  1.350000e-35  4.350000e-35  1.360000e-34  4.350000e-34  1.380000e-33  4.330000e-33  1.390000e-32  4.340000e-32  1.380000e-31  4.350000e-31  1.380000e-30  4.340000e-30  1.380000e-29  
13732.976900  1.130000e-39  3.560000e-39  1.130000e-38  3.530000e-38  1.130000e-37  3.590000e-37  1.140000e-36  3.610000e-36  1.130000e-35  3.600000e-35  1.130000e-34  3.610000e-34  1.140000e-33  3.560000e-33  1.120000e-32  3.590000e-32  1.130000e-31  3.610000e-31  1.130000e-30  3.630000e-30  1.130000e-29  
14393.713500  9.510000e-40  2.960000e-39  9.520000e-39  2.940000e-38  9.440000e-38  2.960000e-37  9.420000e-37  2.970000e-36  9.450000e-36  2.980000e-35  9.300000e-35  2.980000e-34  9.220000e-34  2.990000e-33  9.400000e-33  2.990000e-32  9.450000e-32  2.990000e-31  9.370000e-31  2.990000e-30  9.490000e-30  
15086.240100  7.850000e-40  2.440000e-39  7.880000e-39  2.480000e-38  7.820000e-38  2.440000e-37  7.740000e-37  2.450000e-36  7.850000e-36  2.480000e-35  7.660000e-35  2.480000e-34  7.780000e-34  2.470000e-33  7.700000e-33  2.450000e-32  7.700000e-32  2.480000e-31  7.790000e-31  2.430000e-30  7.820000e-30  
15812.086400  6.440000e-40  2.040000e-39  6.410000e-39  2.060000e-38  6.450000e-38  2.040000e-37  6.390000e-37  2.050000e-36  6.430000e-36  2.070000e-35  6.530000e-35  2.040000e-34  6.530000e-34  2.030000e-33  6.470000e-33  2.020000e-32  6.450000e-32  2.050000e-31  6.360000e-31  2.060000e-30  6.550000e-30  
16572.855500  5.430000e-40  1.650000e-39  5.330000e-39  1.690000e-38  5.320000e-38  1.700000e-37  5.400000e-37  1.690000e-36  5.300000e-36  1.700000e-35  5.330000e-35  1.670000e-34  5.340000e-34  1.660000e-33  5.370000e-33  1.670000e-32  5.350000e-32  1.690000e-31  5.370000e-31  1.690000e-30  5.320000e-30  
17370.227500  4.480000e-40  1.400000e-39  4.450000e-39  1.400000e-38  4.410000e-38  1.410000e-37  4.410000e-37  1.430000e-36  4.360000e-36  1.400000e-35  4.420000e-35  1.390000e-34  4.360000e-34  1.390000e-33  4.420000e-33  1.390000e-32  4.440000e-32  1.410000e-31  4.340000e-31  1.400000e-30  4.470000e-30  
18205.963600  3.640000e-40  1.160000e-39  3.690000e-39  1.170000e-38  3.640000e-38  1.160000e-37  3.670000e-37  1.170000e-36  3.630000e-36  1.140000e-35  3.630000e-35  1.170000e-34  3.690000e-34  1.150000e-33  3.700000e-33  1.160000e-32  3.670000e-32  1.150000e-31  3.670000e-31  1.180000e-30  3.690000e-30  
19081.909500  3.040000e-40  9.660000e-40  3.010000e-39  9.540000e-39  3.040000e-38  9.610000e-38  3.090000e-37  9.710000e-37  3.020000e-36  9.710000e-36  3.060000e-35  9.700000e-35  3.030000e-34  9.550000e-34  3.010000e-33  9.680000e-33  3.040000e-32  9.650000e-32  3.050000e-31  9.580000e-31  3.080000e-30  
